Time,L1,L2,L3,L4,L5,L6,L7,L8,R1,R2,R3,R4,R5,R6,R7,R8,Total_Force_Left,Total_Force_Right
0.0,0.0,3.85,0.0,11.99,6.27,92.18,218.57,98.89,196.24,110.66,45.43,68.75,0.0,16.61,0.0,0.0,431.75,437.69
0.01,0.0,3.85,0.0,11.99,6.27,92.18,218.57,98.89,196.24,110.66,45.43,68.75,0.0,16.61,0.0,0.0,431.75,437.69
0.02,0.0,3.85,0.0,10.34,6.27,65.34,195.8,100.87,205.48,118.03,50.27,78.21,0.0,30.8,5.06,0.0,382.47,487.85
0.03,0.0,0.0,0.0,8.58,6.27,44.88,162.8,96.91,214.72,128.04,55.11,87.56,0.0,47.52,7.7,0.0,319.44,540.65
0.04,0.0,0.0,0.0,8.58,6.27,31.24,118.47,92.84,226.49,135.52,63.25,90.75,0.0,59.4,12.76,6.27,257.4,594.44
0.05,0.0,0.0,0.0,6.82,4.18,23.43,72.82,82.72,238.81,143.11,68.75,93.94,0.0,64.79,23.1,10.56,189.97,643.06
0.06,0.0,0.0,0.0,5.17,0.0,19.47,42.68,66.55,251.13,148.06,74.14,97.02,0.0,70.18,30.8,12.65,133.87,683.98
0.07,0.0,0.0,0.0,3.41,0.0,15.62,30.47,49.39,258.5,155.65,79.64,103.29,0.0,75.68,35.97,14.74,98.89,723.47
0.08,0.0,0.0,0.0,0.0,0.0,11.66,27.5,35.31,265.87,163.13,82.39,106.48,0.0,81.07,38.5,14.74,74.47,752.18
0.09,0.0,0.0,0.0,0.0,0.0,7.81,21.34,24.64,270.82,168.19,85.03,109.56,0.0,83.82,41.03,16.94,53.79,775.39
0.1,0.0,0.0,0.0,0.0,0.0,5.83,16.72,17.6,275.77,173.03,85.03,115.94,0.0,86.46,43.67,16.94,40.15,796.84
0.11,0.0,0.0,0.0,0.0,0.0,3.85,12.21,8.8,280.72,177.87,87.78,119.02,0.0,89.21,46.2,19.03,24.86,819.83
0.12,4.62,0.0,0.0,0.0,0.0,0.0,7.59,3.52,283.25,180.29,87.78,125.4,0.0,91.96,46.2,19.03,15.73,833.91
0.13,4.62,0.0,0.0,0.0,0.0,0.0,7.59,3.52,280.72,182.71,87.78,131.67,5.5,94.6,48.73,19.03,15.73,850.74
0.14,4.62,0.0,0.0,0.0,0.0,0.0,6.05,0.0,280.72,185.13,87.78,134.86,5.5,100.1,51.37,21.12,10.67,866.58
0.15,4.62,0.0,0.0,0.0,0.0,0.0,4.51,0.0,275.77,182.71,87.78,137.94,5.5,102.74,56.54,21.12,9.13,870.1
0.16,4.62,0.0,0.0,0.0,0.0,0.0,2.97,0.0,273.24,180.29,90.53,141.13,8.25,108.24,62.48,23.21,7.59,887.37
0.17,4.62,0.0,0.0,0.0,0.0,0.0,0.0,0.0,268.4,177.87,90.53,144.32,8.25,110.99,68.42,25.41,4.62,894.19
0.18,4.62,0.0,0.0,0.0,0.0,0.0,0.0,0.0,263.45,175.45,90.53,147.51,11.0,113.63,71.39,25.41,4.62,898.37
0.19,4.62,0.0,0.0,0.0,0.0,0.0,0.0,0.0,256.08,170.61,87.78,147.51,11.0,119.13,80.3,27.5,4.62,899.91
0.2,4.62,0.0,0.0,0.0,0.0,0.0,0.0,0.0,246.18,165.66,87.78,150.59,11.0,124.52,83.27,27.5,4.62,896.5
0.21,6.93,0.0,0.0,0.0,0.0,0.0,0.0,0.0,236.28,160.6,87.78,153.78,13.75,127.27,89.32,29.59,6.93,898.37
0.22,6.93,0.0,0.0,0.0,0.0,0.0,0.0,0.0,228.91,155.65,85.03,153.78,13.75,132.77,95.26,29.59,6.93,894.74
0.23,4.62,0.0,0.0,0.0,0.0,0.0,0.0,0.0,219.34,150.59,85.03,156.97,16.5,135.41,98.23,31.79,4.62,893.86
0.24,4.62,0.0,0.0,0.0,0.0,0.0,0.0,0.0,212.41,145.64,82.39,156.97,16.5,140.91,104.17,33.88,4.62,892.87
0.25,4.62,0.0,0.0,0.0,0.0,0.0,0.0,0.0,207.79,140.58,82.39,160.05,16.5,143.66,107.14,33.88,4.62,891.99
0.26,4.62,0.0,0.0,0.0,0.0,0.0,0.0,0.0,200.86,135.52,82.39,160.05,19.25,146.3,110.22,33.88,4.62,888.47
0.27,4.62,0.0,0.0,0.0,0.0,0.0,0.0,0.0,196.24,133.1,82.39,160.05,19.25,149.05,115.94,35.97,4.62,891.99
0.28,4.62,0.0,0.0,0.0,0.0,0.0,0.0,0.0,191.51,128.04,79.64,163.24,19.25,151.8,118.91,35.97,4.62,888.36
0.29,4.62,0.0,0.0,0.0,0.0,0.0,0.0,0.0,184.58,125.51,79.64,166.43,19.25,154.55,121.77,38.06,4.62,889.79
0.3,4.62,0.0,0.0,0.0,0.0,0.0,0.0,0.0,177.65,120.56,76.89,169.62,22.0,159.94,124.63,38.06,4.62,889.35
0.31,4.62,0.0,0.0,0.0,0.0,0.0,0.0,0.0,170.72,118.03,76.89,172.81,22.0,162.69,127.6,40.26,4.62,891.0
0.32,4.62,0.0,0.0,0.0,0.0,0.0,0.0,0.0,163.9,113.08,74.14,176.0,22.0,168.19,130.46,42.35,4.62,890.12
0.33,4.62,0.0,0.0,0.0,0.0,0.0,0.0,0.0,157.63,108.24,71.39,179.19,22.0,170.83,133.32,42.35,4.62,884.95
0.34,4.62,0.0,0.0,0.0,0.0,0.0,0.0,0.0,149.16,105.93,68.75,182.38,24.75,176.22,136.29,44.44,4.62,887.92
0.35,4.62,0.0,0.0,0.0,0.0,0.0,0.0,0.0,142.78,101.2,66.0,188.76,24.75,178.86,139.15,46.53,4.62,888.03
0.36,4.62,0.0,0.0,0.0,0.0,0.0,0.0,0.0,134.31,98.78,66.0,191.95,24.75,184.25,142.12,46.53,4.62,888.69
0.37,4.62,0.0,0.0,0.0,0.0,0.0,0.0,0.0,127.93,94.05,63.25,195.14,24.75,187.0,147.84,48.73,4.62,888.69
0.38,4.62,0.0,0.0,0.0,0.0,0.0,0.0,0.0,121.55,89.32,60.5,198.44,27.5,192.39,150.81,50.82,4.62,891.33
0.39,4.62,0.0,0.0,0.0,0.0,0.0,0.0,0.0,115.28,84.59,57.75,201.63,27.5,197.67,156.53,52.91,4.62,893.86
0.4,4.62,0.0,0.0,0.0,0.0,0.0,0.0,0.0,107.58,79.86,55.11,204.82,27.5,200.42,162.36,55.11,4.62,892.76
0.41,4.62,0.0,0.0,0.0,0.0,0.0,0.0,0.0,99.99,75.13,52.69,208.01,30.25,205.81,168.3,57.53,4.62,897.71
0.42,4.62,0.0,0.0,0.0,0.0,0.0,0.0,0.0,92.29,70.4,50.27,211.2,30.25,211.2,171.27,59.95,4.62,896.83
0.43,4.62,0.0,0.0,0.0,0.0,0.0,0.0,0.0,82.72,65.67,45.43,217.58,30.25,216.59,180.18,64.9,4.62,903.32
0.44,4.62,0.0,0.0,0.0,0.0,0.0,0.0,0.0,73.15,58.63,43.12,217.58,33.0,221.98,186.12,67.32,4.62,900.9
0.45,4.62,0.0,0.0,0.0,0.0,0.0,0.0,0.0,61.71,51.59,38.28,220.77,33.0,227.48,192.06,69.74,4.62,894.63
0.46,4.62,0.0,0.0,0.0,0.0,0.0,0.0,0.0,49.17,42.13,31.13,220.77,33.0,230.34,201.08,72.16,4.62,879.78
0.47,4.62,0.0,0.0,0.0,0.0,0.0,0.0,0.0,36.85,32.78,26.29,217.58,33.0,235.95,209.99,74.69,4.62,867.13
0.48,4.62,0.0,0.0,0.0,0.0,0.0,0.0,0.0,26.29,23.43,19.14,211.2,33.0,235.95,221.98,79.53,4.62,850.52
0.49,4.62,0.0,0.0,0.0,0.0,0.0,0.0,0.0,21.01,16.39,11.88,204.82,33.0,235.95,233.2,84.48,4.62,840.73
0.5,6.93,0.0,0.0,0.0,0.0,0.0,0.0,0.0,17.49,11.66,9.57,191.95,33.0,238.7,244.53,91.74,6.93,838.64
0.51,11.55,0.0,0.0,0.0,0.0,0.0,0.0,0.0,13.97,9.35,7.15,179.19,33.0,238.7,250.14,96.69,11.55,828.19
0.52,30.14,0.0,0.0,0.0,0.0,0.0,0.0,0.0,12.21,6.93,4.73,163.24,30.25,238.7,258.72,104.06,30.14,818.84
0.53,115.83,19.47,0.0,0.0,0.0,0.0,0.0,0.0,12.21,4.62,0.0,150.59,27.5,238.7,261.47,111.32,135.3,806.41
0.54,223.41,46.75,14.52,0.0,0.0,0.0,0.0,0.0,10.45,4.62,0.0,131.67,22.0,238.7,264.33,120.45,284.68,792.22
0.55,220.88,63.14,26.62,0.0,0.0,0.0,0.0,0.0,8.69,0.0,0.0,106.48,16.5,233.09,264.33,129.47,310.64,758.56
0.56,223.41,85.14,41.14,6.82,0.0,0.0,0.0,0.0,6.93,0.0,0.0,78.21,11.0,221.98,264.33,140.58,356.51,723.03
0.57,220.88,100.54,48.4,17.16,0.0,0.0,0.0,0.0,6.93,0.0,0.0,53.68,5.5,203.06,264.33,147.29,386.98,680.79
0.58,218.46,115.94,55.77,22.33,0.0,5.83,0.0,0.0,5.17,0.0,0.0,31.02,0.0,178.86,261.47,154.0,418.33,630.52
0.59,220.88,126.39,60.39,29.26,0.0,9.68,0.0,3.52,3.41,0.0,0.0,16.94,0.0,140.91,253.0,156.31,450.12,570.57
0.6,218.46,134.75,62.81,36.19,0.0,17.49,0.0,5.28,0.0,0.0,0.0,14.08,0.0,91.96,236.06,154.0,474.98,496.1
0.61,225.94,143.11,72.27,41.36,0.0,29.26,6.05,10.56,0.0,0.0,0.0,11.22,0.0,54.56,195.14,145.09,528.55,406.01
0.62,236.28,153.56,79.31,44.77,0.0,41.03,15.18,12.32,0.0,0.0,0.0,8.47,0.0,35.64,130.46,129.47,582.45,304.04
0.63,251.9,166.1,91.08,46.53,4.18,48.84,25.96,15.84,0.0,0.0,0.0,8.47,0.0,26.07,74.36,111.32,650.43,220.22
0.64,267.41,179.63,102.96,48.18,8.47,54.67,38.17,19.36,0.0,0.0,0.0,5.61,0.0,18.92,48.73,84.48,718.85,157.74
0.65,282.92,188.76,114.84,51.7,12.65,60.83,47.3,21.12,0.0,0.0,0.0,0.0,0.0,14.19,33.33,50.82,780.12,98.34
0.66,290.62,195.58,122.32,53.35,16.94,67.54,55.0,22.88,0.0,0.0,0.0,0.0,0.0,7.04,17.93,16.94,824.23,41.91
0.67,290.62,197.78,124.74,55.11,19.03,72.05,61.93,24.64,3.41,0.0,0.0,0.0,0.0,4.73,10.23,0.0,845.9,18.37
0.68,290.62,197.78,127.27,56.87,23.21,76.56,70.95,26.4,3.41,0.0,0.0,0.0,0.0,0.0,10.23,0.0,869.66,13.64
0.69,285.45,197.78,127.27,58.63,25.41,80.96,80.08,28.27,0.0,0.0,0.0,0.0,0.0,0.0,7.7,0.0,883.85,7.7
0.7,282.92,195.58,127.27,60.83,29.59,85.47,89.1,28.27,3.41,0.0,0.0,0.0,0.0,0.0,5.06,0.0,899.03,8.47
0.71,275.22,188.76,127.27,60.83,31.68,89.98,96.36,28.27,3.41,0.0,0.0,0.0,0.0,0.0,5.06,0.0,898.37,8.47
0.7199,267.41,181.94,127.27,60.83,33.88,92.18,105.38,30.03,3.41,0.0,0.0,0.0,0.0,0.0,0.0,0.0,898.92,3.41
0.7299,259.6,172.81,124.74,60.83,35.97,94.49,112.64,30.03,3.41,0.0,0.0,0.0,0.0,0.0,0.0,0.0,891.11,3.41
0.7399,251.9,166.1,122.32,58.63,40.15,96.69,120.45,31.79,3.41,0.0,0.0,0.0,0.0,0.0,0.0,0.0,888.03,3.41
0.7499,241.45,155.65,119.79,58.63,40.15,98.89,128.59,33.55,3.41,0.0,0.0,0.0,0.0,0.0,0.0,0.0,876.7,3.41
0.7599,228.58,149.38,114.84,58.63,42.35,101.2,134.64,33.55,3.41,0.0,0.0,0.0,0.0,0.0,0.0,0.0,863.17,3.41
0.7699,216.04,138.93,110.0,58.63,44.44,103.4,140.69,35.31,3.41,0.0,0.0,0.0,0.0,0.0,0.0,0.0,847.44,3.41
0.7799,203.94,130.57,102.96,58.63,46.53,105.6,146.74,35.31,3.41,0.0,0.0,0.0,0.0,0.0,0.0,0.0,830.28,3.41
0.7899,191.73,120.12,98.23,58.63,46.53,107.91,154.77,37.07,3.41,0.0,0.0,0.0,0.0,0.0,0.0,0.0,814.99,3.41
0.7999,179.63,111.54,91.08,60.83,48.62,110.11,160.82,38.83,3.41,0.0,0.0,0.0,0.0,0.0,0.0,0.0,801.46,3.41
0.8099,169.95,102.74,86.35,60.83,50.82,112.42,166.87,40.59,3.41,0.0,0.0,0.0,0.0,0.0,0.0,0.0,790.57,3.41
0.8199,160.05,93.94,81.73,63.03,50.82,116.6,170.94,42.35,3.41,0.0,0.0,0.0,0.0,0.0,0.0,0.0,779.46,3.41
0.8299,147.84,85.14,74.58,65.23,52.91,118.69,177.21,42.35,3.41,0.0,0.0,0.0,0.0,0.0,0.0,0.0,763.95,3.41
0.8399,137.94,78.54,69.85,65.23,52.91,122.98,181.28,44.11,3.41,0.0,0.0,0.0,0.0,0.0,0.0,0.0,752.84,3.41
0.8499,125.73,71.94,62.81,67.43,52.91,125.07,187.55,44.11,3.41,0.0,0.0,0.0,0.0,0.0,0.0,0.0,737.55,3.41
0.8599,113.41,63.14,58.08,69.63,55.0,129.25,191.62,45.87,3.41,0.0,0.0,0.0,0.0,0.0,0.0,0.0,726.0,3.41
0.8699,104.28,56.54,53.24,71.83,55.0,133.54,197.89,47.63,3.41,0.0,0.0,0.0,0.0,0.0,0.0,0.0,719.95,3.41
0.8799,95.48,52.58,48.4,74.03,57.2,135.63,202.07,49.39,3.41,0.0,0.0,0.0,0.0,0.0,0.0,0.0,714.78,3.41
0.8899,86.68,46.75,43.56,76.23,57.2,139.92,208.23,49.39,0.0,0.0,0.0,0.0,0.0,0.0,0.0,0.0,707.96,0.0
0.8999,77.77,42.79,41.14,76.23,57.2,144.1,214.39,51.15,3.41,0.0,0.0,0.0,0.0,0.0,0.0,0.0,704.77,3.41
0.9099,68.97,36.96,36.3,78.43,57.2,146.19,220.66,52.91,0.0,0.0,0.0,0.0,0.0,0.0,0.0,0.0,697.62,0.0
0.9199,57.97,33.11,29.04,80.63,59.4,152.57,227.04,52.91,0.0,0.0,0.0,0.0,0.0,0.0,0.0,0.0,692.67,0.0
0.9299,48.73,27.28,24.2,82.83,57.2,154.66,235.84,54.67,0.0,0.0,0.0,0.0,0.0,0.0,0.0,0.0,685.41,0.0
0.9399,39.49,23.32,19.36,85.03,59.4,156.86,242.44,56.54,0.0,0.0,0.0,0.0,0.0,0.0,0.0,0.0,682.44,0.0
0.9499,32.45,21.34,16.94,87.34,59.4,161.04,249.04,58.52,0.0,0.0,0.0,0.0,0.0,0.0,0.0,0.0,686.07,0.0
0.9599,27.83,17.49,14.52,89.54,59.4,163.13,255.75,58.52,0.0,0.0,0.0,0.0,0.0,0.0,0.0,0.0,686.18,0.0
0.9699,23.21,15.51,12.1,91.74,59.4,165.33,262.35,60.5,3.41,0.0,0.0,0.0,0.0,0.0,0.0,0.0,690.14,3.41
0.9799,20.9,11.66,9.68,93.94,59.4,169.73,268.95,62.59,5.17,0.0,0.0,0.0,0.0,0.0,0.0,0.0,696.85,5.17
0.9899,18.59,9.68,9.68,91.74,59.4,171.93,271.15,64.57,5.17,0.0,0.0,0.0,0.0,0.0,0.0,0.0,696.74,5.17
0.9999,13.86,7.7,7.26,89.54,57.2,174.13,275.66,66.55,5.17,0.0,0.0,0.0,0.0,0.0,0.0,0.0,691.9,5.17
1.0099,11.55,7.7,4.84,87.34,52.91,176.33,277.86,68.64,5.17,0.0,0.0,0.0,0.0,0.0,0.0,0.0,687.17,5.17
1.0199,9.24,5.83,4.84,80.63,48.62,176.33,280.17,72.6,6.93,0.0,0.0,0.0,0.0,0.0,0.0,0.0,678.26,6.93
1.0299,9.24,5.83,0.0,74.03,44.44,178.53,280.17,76.67,12.21,0.0,0.0,0.0,0.0,0.0,0.0,0.0,668.91,12.21
1.0399,6.93,3.85,0.0,63.03,38.06,180.73,280.17,80.74,35.09,0.0,0.0,0.0,0.0,0.0,0.0,0.0,653.51,35.09
1.0499,6.93,3.85,0.0,55.11,31.68,178.53,275.66,84.81,155.43,18.7,4.73,0.0,0.0,0.0,0.0,0.0,636.57,178.86
1.0599,4.62,3.85,0.0,44.77,23.21,174.13,271.15,88.77,214.72,42.13,9.57,0.0,0.0,0.0,0.0,0.0,610.5,266.42
1.0699,4.62,3.85,0.0,32.67,16.94,163.13,264.55,92.84,210.1,65.67,21.56,5.61,0.0,0.0,0.0,0.0,578.6,302.94
1.0799,0.0,0.0,0.0,22.33,10.56,148.39,255.75,96.91,207.79,87.01,31.13,25.41,0.0,0.0,0.0,0.0,533.94,351.34
1.0899,0.0,0.0,0.0,15.51,6.27,125.07,246.84,98.89,210.1,105.93,38.28,48.07,0.0,0.0,0.0,0.0,492.58,402.38
1.0999,0.0,0.0,0.0,11.99,4.18,98.89,231.44,100.87,212.41,125.51,43.12,78.21,0.0,0.0,0.0,0.0,447.37,459.25
1.1099,0.0,0.0,0.0,10.34,4.18,65.34,206.14,96.91,210.1,133.1,47.85,97.02,0.0,23.65,0.0,0.0,382.91,511.72
1.1199,0.0,0.0,0.0,8.58,6.27,41.03,162.8,90.86,214.72,143.11,55.11,112.75,0.0,52.25,5.06,0.0,309.54,583.0
1.1299,0.0,0.0,0.0,6.82,6.27,27.28,109.01,80.74,228.91,153.12,66.0,119.02,0.0,70.18,20.46,8.47,230.12,666.16
1.1399,0.0,0.0,0.0,3.41,4.18,19.47,60.06,64.57,246.18,163.13,74.14,125.4,0.0,81.07,35.97,14.74,151.69,740.63
1.1499,0.0,0.0,0.0,0.0,0.0,15.62,38.17,47.63,263.45,168.19,85.03,125.4,5.5,89.21,48.73,19.03,101.42,804.54
1.1599,0.0,0.0,0.0,0.0,0.0,11.66,30.47,31.79,275.77,175.45,93.28,125.4,8.25,97.35,59.51,21.12,73.92,856.13
1.1699,0.0,0.0,0.0,0.0,0.0,7.81,24.42,21.12,283.25,175.45,98.67,128.48,11.0,102.74,74.36,23.21,53.35,897.16
1.1799,0.0,0.0,0.0,0.0,0.0,5.83,16.72,14.08,283.25,175.45,101.42,128.48,11.0,105.49,80.3,25.41,36.63,910.8
1.1899,0.0,0.0,0.0,0.0,0.0,3.85,12.21,3.52,283.25,175.45,101.42,131.67,13.75,110.99,89.32,27.5,19.58,933.35
1.1999,0.0,0.0,0.0,0.0,0.0,0.0,9.13,3.52,280.72,175.45,104.17,131.67,16.5,116.38,98.23,27.5,12.65,950.62
1.2099,0.0,0.0,0.0,0.0,0.0,0.0,9.13,3.52,273.24,173.03,104.17,134.86,16.5,119.13,104.17,29.59,12.65,954.69
1.2199,4.62,0.0,0.0,0.0,0.0,0.0,7.59,3.52,263.45,168.19,101.42,137.94,19.25,124.52,110.22,29.59,15.73,954.58
1.2299,0.0,0.0,0.0,0.0,0.0,0.0,6.05,0.0,256.08,160.6,101.42,137.94,19.25,130.02,115.94,31.79,6.05,953.04
1.2399,4.62,0.0,0.0,0.0,0.0,0.0,4.51,0.0,243.76,153.12,98.67,137.94,22.0,132.77,124.63,31.79,9.13,944.68
1.2499,4.62,0.0,0.0,0.0,0.0,0.0,2.97,0.0,231.44,145.64,96.03,137.94,22.0,135.41,130.46,33.88,7.59,932.8
1.2599,4.62,0.0,0.0,0.0,0.0,0.0,0.0,0.0,219.34,135.52,93.28,134.86,24.75,138.16,136.29,35.97,4.62,918.17
1.2699,4.62,0.0,0.0,0.0,0.0,0.0,0.0,0.0,207.79,128.04,90.53,134.86,24.75,140.91,139.15,35.97,4.62,902.0
1.2799,4.62,0.0,0.0,0.0,0.0,0.0,0.0,0.0,196.24,120.56,87.78,134.86,27.5,143.66,142.12,38.06,4.62,890.78
1.2899,4.62,0.0,0.0,0.0,0.0,0.0,0.0,0.0,184.58,113.08,85.03,134.86,27.5,146.3,147.84,38.06,4.62,877.25
1.2999,4.62,0.0,0.0,0.0,0.0,0.0,0.0,0.0,173.03,108.24,79.64,134.86,27.5,151.8,150.81,40.26,4.62,866.14
1.3099,4.62,0.0,0.0,0.0,0.0,0.0,0.0,0.0,161.81,101.2,76.89,137.94,27.5,151.8,156.53,42.35,4.62,856.02
1.3199,4.62,0.0,0.0,0.0,0.0,0.0,0.0,0.0,153.34,96.47,74.14,137.94,30.25,157.19,159.5,42.35,4.62,851.18
1.3299,4.62,0.0,0.0,0.0,0.0,0.0,0.0,0.0,144.87,91.74,71.39,141.13,30.25,159.94,165.33,46.53,4.62,851.18
1.3399,0.0,0.0,0.0,0.0,0.0,0.0,0.0,0.0,134.31,87.01,68.75,144.32,30.25,165.44,171.27,48.73,0.0,850.08
1.3499,0.0,0.0,0.0,0.0,0.0,0.0,0.0,0.0,123.75,82.28,63.25,144.32,33.0,170.83,177.21,50.82,0.0,845.46
1.3599,0.0,0.0,0.0,0.0,0.0,0.0,0.0,0.0,113.3,75.13,60.5,147.51,33.0,176.22,186.12,55.11,0.0,846.89
1.3699,0.0,0.0,0.0,0.0,0.0,0.0,0.0,0.0,101.86,70.4,55.11,150.59,33.0,181.61,192.06,57.53,0.0,842.16
1.3799,0.0,0.0,0.0,0.0,0.0,0.0,0.0,0.0,92.29,63.36,52.69,153.78,35.75,187.0,201.08,62.37,0.0,848.32
1.3899,0.0,0.0,0.0,0.0,0.0,0.0,0.0,0.0,82.72,58.63,47.85,153.78,35.75,195.03,207.02,67.32,0.0,848.1
1.3999,0.0,0.0,0.0,0.0,0.0,0.0,0.0,0.0,73.15,51.59,43.12,153.78,35.75,197.67,215.93,69.74,0.0,840.73
1.4099,0.0,0.0,0.0,0.0,0.0,0.0,0.0,0.0,63.69,46.86,38.28,156.97,35.75,203.06,221.98,72.16,0.0,838.75
1.4199,0.0,0.0,0.0,0.0,0.0,0.0,0.0,0.0,56.21,39.82,35.86,153.78,38.5,208.45,230.45,77.11,0.0,840.18
1.4299,0.0,0.0,0.0,0.0,0.0,0.0,0.0,0.0,47.41,32.78,31.13,153.78,38.5,211.2,238.92,79.53,0.0,833.25
1.4399,0.0,0.0,0.0,0.0,0.0,0.0,0.0,0.0,36.85,28.05,28.71,150.59,38.5,216.59,247.39,81.95,0.0,828.63
1.4499,0.0,0.0,0.0,0.0,0.0,0.0,0.0,0.0,29.81,21.01,23.87,150.59,38.5,219.23,255.86,86.9,0.0,825.77
1.4599,0.0,0.0,0.0,0.0,0.0,0.0,0.0,0.0,24.53,16.39,19.14,144.32,38.5,219.23,264.33,89.32,0.0,815.76
1.4699,0.0,0.0,0.0,0.0,0.0,0.0,0.0,0.0,19.25,13.97,14.3,141.13,38.5,221.98,275.66,91.74,0.0,816.53
1.4799,0.0,0.0,0.0,0.0,0.0,0.0,0.0,0.0,17.49,11.66,11.88,137.94,38.5,221.98,284.46,94.27,0.0,818.18
1.4899,0.0,0.0,0.0,0.0,0.0,0.0,0.0,0.0,13.97,9.35,9.57,134.86,38.5,221.98,293.37,96.69,0.0,818.29
1.4999,0.0,0.0,0.0,0.0,0.0,0.0,0.0,0.0,12.21,6.93,7.15,128.48,38.5,224.73,299.31,99.11,0.0,816.42
1.5099,0.0,0.0,0.0,0.0,0.0,0.0,0.0,0.0,12.21,4.62,4.73,122.21,38.5,224.73,305.25,101.53,0.0,813.78
1.5199,0.0,0.0,0.0,0.0,0.0,0.0,0.0,0.0,10.45,4.62,4.73,112.75,35.75,224.73,311.19,104.06,0.0,808.28
1.5299,0.0,0.0,0.0,0.0,0.0,0.0,0.0,0.0,8.69,0.0,0.0,106.48,33.0,224.73,314.16,108.9,0.0,795.96
1.5399,4.62,0.0,0.0,0.0,0.0,0.0,0.0,0.0,8.69,0.0,0.0,93.94,30.25,221.98,314.16,111.32,4.62,780.34
1.5499,4.62,0.0,0.0,0.0,0.0,0.0,0.0,0.0,6.93,0.0,0.0,84.48,27.5,219.23,314.16,116.05,4.62,768.35
1.5599,11.55,0.0,0.0,0.0,0.0,0.0,0.0,0.0,6.93,0.0,0.0,71.94,22.0,216.59,311.19,120.45,11.55,749.1
1.5699,41.8,3.85,0.0,0.0,0.0,0.0,0.0,0.0,5.17,0.0,0.0,62.48,16.5,213.84,305.25,124.96,45.65,728.2
1.5799,179.63,29.15,0.0,0.0,0.0,0.0,0.0,0.0,5.17,0.0,0.0,50.82,11.0,205.81,302.28,129.47,208.78,704.55
1.5899,251.9,56.54,16.94,0.0,0.0,0.0,0.0,0.0,5.17,0.0,0.0,36.74,5.5,195.03,296.34,136.18,325.38,674.96
1.5999,249.26,87.34,33.88,5.17,0.0,0.0,0.0,0.0,3.41,0.0,0.0,25.41,0.0,176.22,290.4,142.89,375.65,638.33
1.6099,246.73,118.03,48.4,18.92,0.0,0.0,0.0,0.0,3.41,0.0,0.0,14.08,0.0,146.3,281.49,147.29,432.08,592.57
1.6199,246.73,145.2,58.08,29.26,0.0,5.83,0.0,0.0,0.0,0.0,0.0,11.22,0.0,100.1,267.19,149.6,485.1,528.11
1.6299,249.26,166.1,62.81,46.53,0.0,11.66,0.0,3.52,0.0,0.0,0.0,8.47,0.0,59.4,244.53,142.89,539.88,455.29
1.6399,241.45,175.12,67.54,60.83,0.0,25.3,0.0,7.04,0.0,0.0,0.0,8.47,0.0,37.95,192.06,131.67,577.28,370.15
1.6499,238.92,186.45,72.27,78.43,0.0,46.86,4.51,12.32,0.0,0.0,0.0,5.61,0.0,26.07,127.6,116.05,639.76,275.33
1.6599,241.45,197.78,79.31,91.74,0.0,63.03,13.75,17.6,0.0,0.0,0.0,0.0,0.0,21.34,71.39,96.69,704.66,189.42
1.6699,246.73,206.91,86.35,104.94,4.18,80.96,24.42,21.12,0.0,0.0,0.0,0.0,0.0,16.61,46.2,72.16,775.61,134.97
1.6799,249.26,211.42,93.5,116.05,6.27,94.49,39.71,26.4,0.0,0.0,0.0,0.0,0.0,11.88,33.33,40.26,837.1,85.47
1.6899,249.26,211.42,98.23,124.96,12.65,107.91,51.92,30.03,0.0,0.0,0.0,0.0,0.0,7.04,17.93,8.47,886.38,33.44
1.6999,244.09,209.11,100.54,133.98,16.94,118.69,60.06,33.55,0.0,0.0,0.0,0.0,0.0,0.0,12.76,0.0,916.96,12.76
1.7099,233.75,202.4,98.23,140.69,21.12,127.16,69.19,37.07,0.0,0.0,0.0,0.0,0.0,0.0,10.23,0.0,929.61,10.23
1.7199,223.41,195.58,95.81,147.4,23.21,133.54,78.21,38.83,0.0,0.0,0.0,0.0,0.0,0.0,10.23,0.0,935.99,10.23
1.7299,213.62,184.25,93.5,151.8,25.41,139.92,85.47,42.35,0.0,0.0,0.0,0.0,0.0,0.0,10.23,0.0,936.32,10.23
1.7399,203.94,172.81,91.08,151.8,27.5,144.1,90.86,42.35,0.0,0.0,0.0,0.0,0.0,0.0,7.7,0.0,924.44,7.7
1.7499,196.68,164.01,88.77,151.8,31.68,146.19,98.12,44.11,0.0,0.0,0.0,0.0,0.0,0.0,7.7,0.0,921.36,7.7
1.7599,186.89,155.65,84.04,149.6,33.88,146.19,101.75,44.11,0.0,0.0,0.0,0.0,0.0,0.0,7.7,0.0,902.11,7.7
1.7699,179.63,147.29,81.73,149.6,35.97,146.19,107.25,45.87,0.0,0.0,0.0,0.0,0.0,0.0,5.06,0.0,893.53,5.06
1.7799,172.37,136.84,79.31,147.4,35.97,146.19,109.01,45.87,0.0,0.0,0.0,0.0,0.0,0.0,5.06,0.0,872.96,5.06
1.7899,160.05,126.39,72.27,145.09,38.06,146.19,112.64,45.87,0.0,0.0,0.0,0.0,0.0,0.0,5.06,0.0,846.56,5.06
1.7999,150.26,115.94,67.54,145.09,38.06,148.39,116.49,47.63,0.0,0.0,0.0,0.0,0.0,0.0,5.06,0.0,829.4,5.06
1.8099,135.52,104.94,62.81,142.89,40.15,148.39,120.45,49.39,0.0,0.0,0.0,0.0,0.0,0.0,0.0,0.0,804.54,0.0
1.8199,123.2,91.74,58.08,140.69,40.15,150.48,124.52,49.39,0.0,0.0,0.0,0.0,0.0,0.0,0.0,0.0,778.25,0.0
1.8299,110.99,82.94,53.24,138.38,42.35,150.48,128.59,51.15,0.0,0.0,0.0,0.0,0.0,0.0,0.0,0.0,758.12,0.0
1.8399,99.88,71.94,45.98,138.38,42.35,152.57,132.55,51.15,0.0,0.0,0.0,0.0,0.0,0.0,0.0,0.0,734.8,0.0
1.8499,88.88,63.14,41.14,138.38,42.35,154.66,134.64,52.91,0.0,0.0,0.0,0.0,0.0,0.0,0.0,0.0,716.1,0.0
1.8599,79.97,56.54,36.3,138.38,42.35,156.86,138.6,52.91,0.0,0.0,0.0,0.0,0.0,0.0,0.0,0.0,701.91,0.0
1.8699,71.17,50.6,33.88,138.38,44.44,158.95,140.69,54.67,0.0,0.0,0.0,0.0,0.0,0.0,0.0,0.0,692.78,0.0
1.8799,64.57,44.77,29.04,138.38,44.44,161.04,144.65,54.67,0.0,0.0,0.0,0.0,0.0,0.0,0.0,0.0,681.56,0.0
1.8899,57.97,40.92,26.62,140.69,44.44,163.13,148.72,56.54,0.0,0.0,0.0,0.0,0.0,0.0,0.0,0.0,679.03,0.0
1.8999,51.04,36.96,24.2,138.38,44.44,165.33,152.79,56.54,0.0,0.0,0.0,0.0,0.0,0.0,0.0,0.0,669.68,0.0
1.9099,41.8,33.11,19.36,140.69,44.44,167.53,156.75,56.54,0.0,0.0,0.0,0.0,0.0,0.0,0.0,0.0,660.22,0.0
1.9199,34.76,29.15,16.94,140.69,44.44,169.73,160.82,56.54,0.0,0.0,0.0,0.0,0.0,0.0,0.0,0.0,653.07,0.0
1.9299,27.83,23.32,14.52,138.38,46.53,171.93,164.89,58.52,0.0,0.0,0.0,0.0,0.0,0.0,0.0,0.0,645.92,0.0
1.9399,23.21,21.34,12.1,138.38,46.53,171.93,168.96,58.52,0.0,0.0,0.0,0.0,0.0,0.0,0.0,0.0,640.97,0.0
1.9499,20.9,19.47,12.1,138.38,48.62,174.13,175.12,58.52,0.0,0.0,0.0,0.0,0.0,0.0,0.0,0.0,647.24,0.0
1.9599,18.59,15.51,9.68,136.18,48.62,174.13,179.3,58.52,0.0,0.0,0.0,0.0,0.0,0.0,0.0,0.0,640.53,0.0
1.9699,16.17,13.64,9.68,136.18,48.62,176.33,183.37,58.52,0.0,0.0,0.0,0.0,0.0,0.0,0.0,0.0,642.51,0.0
1.9799,13.86,11.66,7.26,133.98,48.62,176.33,187.55,60.5,0.0,0.0,0.0,0.0,0.0,0.0,0.0,0.0,639.76,0.0
1.9899,11.55,9.68,7.26,131.67,48.62,178.53,191.62,60.5,0.0,0.0,0.0,0.0,0.0,0.0,0.0,0.0,639.43,0.0
1.9999,11.55,9.68,4.84,129.47,48.62,180.73,195.8,60.5,0.0,0.0,0.0,0.0,0.0,0.0,0.0,0.0,641.19,0.0
2.0099,11.55,7.7,4.84,127.27,48.62,180.73,199.98,60.5,0.0,0.0,0.0,0.0,0.0,0.0,0.0,0.0,641.19,0.0
2.0199,9.24,7.7,0.0,124.96,46.53,180.73,202.07,60.5,0.0,0.0,0.0,0.0,0.0,0.0,0.0,0.0,631.73,0.0
2.0299,6.93,5.83,0.0,120.56,46.53,182.93,206.14,62.59,0.0,0.0,0.0,0.0,0.0,0.0,0.0,0.0,631.51,0.0
2.0399,6.93,5.83,0.0,116.05,46.53,182.93,210.32,62.59,0.0,0.0,0.0,0.0,0.0,0.0,0.0,0.0,631.18,0.0
2.0499,6.93,3.85,0.0,109.34,44.44,182.93,214.39,64.57,0.0,0.0,0.0,0.0,0.0,0.0,0.0,0.0,626.45,0.0
2.0599,4.62,3.85,0.0,102.74,42.35,182.93,218.57,66.55,0.0,0.0,0.0,0.0,0.0,0.0,0.0,0.0,621.61,0.0
2.0699,4.62,3.85,0.0,93.94,40.15,182.93,222.75,68.64,0.0,0.0,0.0,0.0,0.0,0.0,0.0,0.0,616.88,0.0
2.0799,4.62,3.85,0.0,85.03,35.97,180.73,224.84,70.62,0.0,0.0,0.0,0.0,0.0,0.0,0.0,0.0,605.66,0.0
2.0899,4.62,3.85,0.0,74.03,33.88,180.73,224.84,72.6,0.0,0.0,0.0,0.0,0.0,0.0,0.0,0.0,594.55,0.0
2.0999,0.0,0.0,0.0,65.23,27.5,178.53,224.84,74.69,5.17,0.0,0.0,0.0,0.0,0.0,0.0,0.0,570.79,5.17
2.1099,0.0,0.0,0.0,56.87,23.21,176.33,222.75,76.67,19.25,0.0,0.0,0.0,0.0,0.0,0.0,0.0,555.83,19.25
2.1199,0.0,0.0,0.0,48.18,19.03,171.93,220.66,78.65,86.57,13.97,0.0,0.0,0.0,0.0,0.0,0.0,538.45,100.54
2.1299,0.0,0.0,0.0,41.36,14.74,165.33,214.39,78.65,205.48,44.55,9.57,0.0,0.0,0.0,0.0,0.0,514.47,259.6
2.1399,0.0,0.0,0.0,32.67,12.65,154.66,210.32,78.65,203.17,68.09,23.87,19.8,0.0,0.0,0.0,0.0,488.95,314.93
2.1498,0.0,0.0,0.0,24.09,8.47,139.92,204.05,80.74,214.72,101.2,38.28,45.21,0.0,0.0,0.0,0.0,457.27,399.41
2.1598,0.0,0.0,0.0,17.16,8.47,120.78,195.8,78.65,224.07,125.51,47.85,78.21,0.0,9.46,5.06,0.0,420.86,490.16
2.1698,0.0,0.0,0.0,13.75,6.27,92.18,183.37,76.67,228.91,140.58,52.69,103.29,0.0,30.8,7.7,0.0,372.24,563.97
2.1798,0.0,0.0,0.0,11.99,8.47,60.83,154.77,70.62,219.34,145.64,52.69,115.94,0.0,52.25,10.23,0.0,306.68,596.09
2.1898,0.0,0.0,0.0,10.34,10.56,39.05,110.88,64.57,217.03,153.12,55.11,128.48,0.0,70.18,17.93,8.47,235.4,650.32
2.1998,0.0,0.0,0.0,6.82,8.47,27.28,63.69,56.54,221.65,163.13,60.5,137.94,0.0,83.82,30.8,12.65,162.8,710.49
2.2098,0.0,0.0,0.0,5.17,4.18,21.45,41.25,45.87,228.91,170.61,66.0,150.59,0.0,94.6,41.03,16.94,117.92,768.68
2.2198,0.0,0.0,0.0,3.41,0.0,17.49,36.63,33.55,236.28,180.29,71.39,163.24,5.5,102.74,51.37,19.03,91.08,829.84
2.2298,0.0,0.0,0.0,0.0,0.0,13.64,28.93,22.88,241.23,185.13,74.14,172.81,8.25,110.99,59.51,23.21,65.45,875.27
2.2398,0.0,0.0,0.0,0.0,0.0,9.68,24.42,12.32,241.23,189.97,76.89,182.38,11.0,119.13,65.45,25.41,46.42,911.46
2.2498,0.0,0.0,0.0,0.0,0.0,7.81,15.18,5.28,236.28,192.39,76.89,195.14,11.0,124.52,68.42,27.5,28.27,932.14
2.2598,0.0,0.0,0.0,0.0,0.0,5.83,12.21,0.0,226.49,192.39,74.14,208.01,11.0,127.27,71.39,29.59,18.04,940.28
2.2698,0.0,0.0,0.0,0.0,0.0,3.85,10.67,0.0,217.03,189.97,71.39,220.77,11.0,132.77,71.39,29.59,14.52,943.91
2.2798,0.0,0.0,0.0,0.0,0.0,0.0,9.13,0.0,207.79,187.55,68.75,229.79,13.75,138.16,74.36,31.79,9.13,951.94
2.2898,0.0,0.0,0.0,0.0,0.0,0.0,7.59,0.0,196.24,180.29,66.0,241.45,13.75,140.91,77.33,33.88,7.59,949.85
2.2998,0.0,0.0,0.0,0.0,0.0,0.0,4.51,0.0,182.27,173.03,63.25,250.14,13.75,146.3,80.3,33.88,4.51,942.92
2.3098,0.0,0.0,0.0,0.0,0.0,0.0,2.97,0.0,168.41,163.13,60.5,255.97,16.5,151.8,83.27,35.97,2.97,935.55
2.3198,0.0,0.0,0.0,0.0,0.0,0.0,0.0,0.0,157.63,155.65,57.75,261.8,16.5,157.19,86.35,35.97,0.0,928.84
2.3298,0.0,0.0,0.0,0.0,0.0,0.0,0.0,0.0,146.96,145.64,55.11,270.6,16.5,162.69,89.32,35.97,0.0,922.79
2.3398,0.0,0.0,0.0,0.0,0.0,0.0,0.0,0.0,134.31,138.05,50.27,276.43,16.5,165.44,92.29,38.06,0.0,911.35
2.3498,0.0,0.0,0.0,0.0,0.0,0.0,0.0,0.0,125.84,128.04,47.85,279.51,16.5,170.83,92.29,38.06,0.0,898.92
2.3598,0.0,0.0,0.0,0.0,0.0,0.0,0.0,0.0,115.28,120.56,45.43,282.7,16.5,170.83,95.26,40.26,0.0,886.82
2.3698,0.0,0.0,0.0,0.0,0.0,0.0,0.0,0.0,109.45,113.08,43.12,282.7,16.5,176.22,95.26,38.06,0.0,874.39
2.3798,0.0,0.0,0.0,0.0,0.0,0.0,0.0,0.0,103.73,108.24,43.12,282.7,16.5,176.22,98.23,40.26,0.0,869.0
2.3898,0.0,0.0,0.0,0.0,0.0,0.0,0.0,0.0,101.86,103.51,43.12,282.7,16.5,181.61,101.2,40.26,0.0,870.76
2.3998,0.0,0.0,0.0,0.0,0.0,0.0,0.0,0.0,98.01,101.2,43.12,282.7,19.25,184.25,101.2,42.35,0.0,872.08
2.4098,0.0,0.0,0.0,0.0,0.0,0.0,0.0,0.0,94.16,96.47,43.12,285.89,19.25,187.0,104.17,42.35,0.0,872.41
2.4198,0.0,0.0,0.0,0.0,0.0,0.0,0.0,0.0,90.42,91.74,40.7,285.89,19.25,189.64,107.14,42.35,0.0,867.13
2.4298,0.0,0.0,0.0,0.0,0.0,0.0,0.0,0.0,86.57,89.32,40.7,288.97,19.25,192.39,110.22,42.35,0.0,869.77
2.4398,0.0,0.0,0.0,0.0,0.0,0.0,0.0,0.0,80.85,82.28,38.28,288.97,19.25,197.67,113.08,44.44,0.0,864.82
2.4498,0.0,0.0,0.0,0.0,0.0,0.0,0.0,0.0,77.0,77.55,38.28,288.97,22.0,200.42,115.94,44.44,0.0,864.6
2.4598,0.0,0.0,0.0,0.0,0.0,0.0,0.0,0.0,71.28,72.82,35.86,288.97,22.0,205.81,121.77,46.53,0.0,865.04
2.4698,0.0,0.0,0.0,0.0,0.0,0.0,0.0,0.0,67.43,68.09,35.86,288.97,22.0,211.2,124.63,48.73,0.0,866.91
2.4798,0.0,0.0,0.0,0.0,0.0,0.0,0.0,0.0,61.71,63.36,33.44,292.16,22.0,216.59,130.46,50.82,0.0,870.54
2.4898,0.0,0.0,0.0,0.0,0.0,0.0,0.0,0.0,56.21,58.63,31.13,292.16,24.75,221.98,139.15,55.11,0.0,879.12
2.4998,0.0,0.0,0.0,0.0,0.0,0.0,0.0,0.0,50.93,56.21,31.13,292.16,24.75,227.48,144.98,57.53,0.0,885.17
2.5098,0.0,0.0,0.0,0.0,0.0,0.0,0.0,0.0,43.89,51.59,28.71,292.16,24.75,235.95,153.67,62.37,0.0,893.09
2.5198,0.0,0.0,0.0,0.0,0.0,0.0,0.0,0.0,38.61,46.86,26.29,288.97,24.75,238.7,162.36,67.32,0.0,893.86
2.5298,0.0,0.0,0.0,0.0,0.0,0.0,0.0,0.0,31.57,39.82,21.56,285.89,27.5,244.31,174.24,72.16,0.0,897.05
2.5398,0.0,0.0,0.0,0.0,0.0,0.0,0.0,0.0,26.29,35.09,19.14,279.51,27.5,249.92,186.12,77.11,0.0,900.68
2.5498,0.0,0.0,0.0,0.0,0.0,0.0,0.0,0.0,21.01,25.74,14.3,273.46,27.5,252.67,195.14,79.53,0.0,889.35
2.5598,0.0,0.0,0.0,0.0,0.0,0.0,0.0,0.0,17.49,18.7,11.88,264.77,27.5,255.42,207.02,84.48,0.0,887.26
2.5698,0.0,0.0,0.0,0.0,0.0,0.0,0.0,0.0,13.97,13.97,9.57,253.11,27.5,255.42,215.93,86.9,0.0,876.37
2.5798,0.0,0.0,0.0,0.0,0.0,0.0,0.0,0.0,12.21,11.66,7.15,238.59,27.5,258.28,224.73,89.32,0.0,869.44
2.5898,0.0,0.0,0.0,0.0,0.0,0.0,0.0,0.0,10.45,9.35,4.73,226.93,27.5,258.28,230.45,94.27,0.0,861.96
2.5998,4.62,0.0,0.0,0.0,0.0,0.0,0.0,0.0,8.69,6.93,0.0,208.01,24.75,261.03,238.92,99.11,4.62,847.44
2.6098,9.24,0.0,0.0,0.0,0.0,0.0,0.0,0.0,6.93,4.62,0.0,191.95,22.0,261.03,241.67,106.48,9.24,834.68
2.6198,25.52,3.85,0.0,0.0,0.0,0.0,0.0,0.0,6.93,0.0,0.0,169.62,19.25,261.03,247.39,113.85,29.37,818.07
2.6298,88.88,17.49,0.0,0.0,0.0,0.0,0.0,0.0,5.17,0.0,0.0,150.59,16.5,258.28,247.39,120.45,106.37,798.38
2.6398,228.58,54.56,14.52,0.0,0.0,0.0,0.0,0.0,5.17,0.0,0.0,125.4,11.0,255.42,247.39,129.47,297.66,773.85
2.6498,231.11,74.14,29.04,5.17,0.0,0.0,0.0,0.0,3.41,0.0,0.0,97.02,8.25,244.31,247.39,136.18,339.46,736.56
2.6598,228.58,98.34,45.98,20.68,0.0,3.85,0.0,0.0,0.0,0.0,0.0,68.75,0.0,224.73,247.39,142.89,397.43,683.76
2.6698,225.94,115.94,53.24,25.85,0.0,5.83,0.0,0.0,0.0,0.0,0.0,39.6,0.0,195.03,244.53,149.6,426.8,628.76
2.6798,228.58,132.66,60.39,36.19,0.0,9.68,0.0,0.0,0.0,0.0,0.0,22.55,0.0,157.19,238.92,154.0,467.5,572.66
2.6898,231.11,143.11,65.12,43.01,0.0,19.47,0.0,3.52,0.0,0.0,0.0,16.94,0.0,97.35,218.9,151.8,505.34,484.99
2.6998,233.75,153.56,72.27,51.7,0.0,35.09,2.97,8.8,0.0,0.0,0.0,14.08,0.0,54.56,174.24,140.58,558.14,383.46
2.7098,244.09,164.01,81.73,56.87,0.0,48.84,10.67,12.32,0.0,0.0,0.0,11.22,0.0,35.64,118.91,124.96,618.53,290.73
2.7198,259.6,177.43,91.08,60.83,0.0,56.65,19.8,15.84,0.0,0.0,0.0,8.47,0.0,26.07,71.39,106.48,681.23,212.41
2.7298,275.22,188.76,102.96,63.03,4.18,65.34,32.01,19.36,0.0,0.0,0.0,5.61,0.0,21.34,48.73,79.53,750.86,155.21
2.7398,285.45,197.78,112.42,67.43,8.47,74.25,41.25,22.88,0.0,0.0,0.0,0.0,0.0,14.19,35.97,50.82,809.93,100.98
2.7498,293.15,202.4,119.79,71.83,12.65,80.96,48.84,24.64,0.0,0.0,0.0,0.0,0.0,9.46,23.1,21.12,854.26,53.68
2.7598,293.15,204.6,122.32,76.23,14.74,87.67,55.0,26.4,0.0,0.0,0.0,0.0,0.0,4.73,15.4,0.0,880.11,20.13
2.7698,290.62,204.6,124.74,82.83,16.94,94.49,61.93,28.27,0.0,0.0,0.0,0.0,0.0,4.73,12.76,0.0,904.42,17.49
2.7798,280.39,200.09,122.32,87.34,19.03,101.2,69.19,30.03,0.0,0.0,0.0,0.0,0.0,0.0,10.23,0.0,909.59,10.23
2.7898,270.05,193.27,119.79,91.74,21.12,107.91,76.45,31.79,0.0,0.0,0.0,0.0,0.0,0.0,7.7,0.0,912.12,7.7
2.7998,257.07,186.45,117.37,93.94,23.21,114.51,85.47,33.55,0.0,0.0,0.0,0.0,0.0,0.0,7.7,0.0,911.57,7.7
2.8098,244.09,175.12,114.84,98.34,27.5,118.69,92.73,35.31,0.0,0.0,0.0,0.0,0.0,0.0,5.06,0.0,906.62,5.06
2.8198,231.11,164.01,110.0,98.34,29.59,122.98,99.99,38.83,0.0,0.0,0.0,0.0,0.0,0.0,5.06,0.0,894.85,5.06
2.8298,218.46,153.56,105.27,100.54,31.68,125.07,107.25,40.59,0.0,0.0,0.0,0.0,0.0,0.0,0.0,0.0,882.42,0.0
2.8398,206.36,141.02,100.54,100.54,33.88,129.25,114.51,42.35,0.0,0.0,0.0,0.0,0.0,0.0,0.0,0.0,868.45,0.0
2.8498,194.15,130.57,95.81,100.54,35.97,131.45,122.54,44.11,0.0,0.0,0.0,0.0,0.0,0.0,0.0,0.0,855.14,0.0
2.8598,179.63,120.12,88.77,100.54,38.06,133.54,128.59,45.87,0.0,0.0,0.0,0.0,0.0,0.0,0.0,0.0,835.12,0.0
2.8698,165.0,107.14,81.73,102.74,40.15,137.72,134.64,47.63,0.0,0.0,0.0,0.0,0.0,0.0,0.0,0.0,816.75,0.0
2.8798,150.26,96.14,74.58,102.74,42.35,139.92,140.69,47.63,0.0,0.0,0.0,0.0,0.0,0.0,0.0,0.0,794.31,0.0
2.8898,137.94,87.34,67.54,102.74,42.35,142.01,144.65,49.39,0.0,0.0,0.0,0.0,0.0,0.0,0.0,0.0,773.96,0.0
2.8998,123.2,78.54,60.39,104.94,42.35,146.19,150.7,51.15,0.0,0.0,0.0,0.0,0.0,0.0,0.0,0.0,757.46,0.0
2.9098,110.99,67.54,53.24,107.14,44.44,148.39,154.77,51.15,0.0,0.0,0.0,0.0,0.0,0.0,0.0,0.0,737.66,0.0
2.9198,97.68,58.74,48.4,107.14,44.44,152.57,160.82,51.15,0.0,0.0,0.0,0.0,0.0,0.0,0.0,0.0,720.94,0.0
2.9298,86.68,50.6,41.14,109.34,44.44,154.66,166.87,52.91,0.0,0.0,0.0,0.0,0.0,0.0,0.0,0.0,706.64,0.0
2.9398,75.57,44.77,36.3,107.14,44.44,158.95,173.03,54.67,0.0,0.0,0.0,0.0,0.0,0.0,0.0,0.0,694.87,0.0
2.9498,62.37,38.94,29.04,109.34,44.44,161.04,179.3,54.67,0.0,0.0,0.0,0.0,0.0,0.0,0.0,0.0,679.14,0.0
2.9598,51.04,33.11,24.2,107.14,46.53,163.13,187.55,56.54,0.0,0.0,0.0,0.0,0.0,0.0,0.0,0.0,669.24,0.0
2.9698,41.8,27.28,19.36,107.14,46.53,167.53,197.89,56.54,0.0,0.0,0.0,0.0,0.0,0.0,0.0,0.0,664.07,0.0
2.9798,32.45,21.34,14.52,104.94,46.53,167.53,206.14,56.54,0.0,0.0,0.0,0.0,0.0,0.0,0.0,0.0,649.99,0.0
2.9898,25.52,17.49,12.1,102.74,46.53,169.73,216.48,58.52,0.0,0.0,0.0,0.0,0.0,0.0,0.0,0.0,649.11,0.0
2.9998,20.9,13.64,12.1,100.54,46.53,171.93,227.04,60.5,0.0,0.0,0.0,0.0,0.0,0.0,0.0,0.0,653.18,0.0
3.0098,18.59,11.66,9.68,98.34,48.62,174.13,235.84,60.5,0.0,0.0,0.0,0.0,0.0,0.0,0.0,0.0,657.36,0.0
3.0198,16.17,9.68,7.26,96.14,46.53,176.33,244.64,60.5,0.0,0.0,0.0,0.0,0.0,0.0,0.0,0.0,657.25,0.0
3.0298,13.86,7.7,7.26,93.94,46.53,176.33,253.55,62.59,0.0,0.0,0.0,0.0,0.0,0.0,0.0,0.0,661.76,0.0
3.0398,11.55,7.7,4.84,91.74,46.53,178.53,260.15,62.59,0.0,0.0,0.0,0.0,0.0,0.0,0.0,0.0,663.63,0.0
3.0498,9.24,5.83,4.84,87.34,46.53,178.53,266.75,62.59,0.0,0.0,0.0,0.0,0.0,0.0,0.0,0.0,661.65,0.0
3.0598,6.93,5.83,0.0,82.83,44.44,180.73,273.35,64.57,0.0,0.0,0.0,0.0,0.0,0.0,0.0,0.0,658.68,0.0
3.0698,6.93,3.85,0.0,76.23,42.35,180.73,280.17,66.55,0.0,0.0,0.0,0.0,0.0,0.0,0.0,0.0,656.81,0.0
3.0798,6.93,3.85,0.0,69.63,40.15,180.73,286.88,70.62,0.0,0.0,0.0,0.0,0.0,0.0,0.0,0.0,658.79,0.0
3.0898,6.93,3.85,0.0,60.83,35.97,180.73,291.39,74.69,0.0,0.0,0.0,0.0,0.0,0.0,0.0,0.0,654.39,0.0
3.0998,4.62,3.85,0.0,53.35,31.68,180.73,293.7,78.65,0.0,0.0,0.0,0.0,0.0,0.0,0.0,0.0,646.58,0.0
3.1098,4.62,3.85,0.0,48.18,27.5,178.53,295.9,84.81,8.69,0.0,0.0,0.0,0.0,0.0,0.0,0.0,643.39,8.69
3.1198,4.62,0.0,0.0,41.36,23.21,176.33,293.7,88.77,35.09,4.62,0.0,0.0,0.0,0.0,0.0,0.0,627.99,39.71
3.1298,0.0,0.0,0.0,34.43,16.94,171.93,289.19,92.84,161.81,23.43,4.73,0.0,0.0,0.0,0.0,0.0,605.33,189.97
3.1398,0.0,0.0,0.0,27.5,12.65,161.04,282.37,94.82,207.79,46.86,9.57,0.0,0.0,0.0,0.0,0.0,578.38,264.22
3.1498,0.0,0.0,0.0,18.92,8.47,148.39,273.35,96.91,205.48,75.13,23.87,16.94,0.0,0.0,0.0,0.0,546.04,321.42
3.1598,0.0,0.0,0.0,13.75,6.27,129.25,264.55,98.89,210.1,103.51,33.44,36.74,0.0,0.0,0.0,0.0,512.71,383.79
3.1698,0.0,0.0,0.0,10.34,4.18,105.6,253.55,100.87,214.72,123.09,43.12,62.48,0.0,0.0,0.0,0.0,474.54,443.41
3.1798,0.0,0.0,0.0,10.34,4.18,76.56,231.44,98.89,219.34,135.52,45.43,87.56,0.0,7.04,0.0,0.0,421.41,494.89
3.1898,0.0,0.0,0.0,8.58,4.18,48.84,193.71,92.84,212.41,140.58,50.27,100.21,0.0,23.65,0.0,0.0,348.15,527.12
3.1998,0.0,0.0,0.0,6.82,6.27,33.22,144.65,82.72,217.03,145.64,52.69,112.75,0.0,47.52,5.06,0.0,273.68,580.69
3.2098,0.0,0.0,0.0,5.17,4.18,23.43,89.1,72.6,224.07,155.65,63.25,119.02,0.0,67.54,12.76,6.27,194.48,648.56
3.2198,0.0,0.0,0.0,3.41,0.0,17.49,50.38,54.67,238.81,163.13,71.39,125.4,0.0,75.68,28.27,10.56,125.95,713.24
3.2298,0.0,0.0,0.0,0.0,0.0,13.64,36.63,38.83,256.08,173.03,82.39,128.48,0.0,86.46,38.5,14.74,89.1,779.68
3.2398,0.0,0.0,0.0,0.0,0.0,9.68,28.93,26.4,268.4,177.87,87.78,131.67,5.5,94.6,48.73,16.94,65.01,831.49
3.2498,0.0,0.0,0.0,0.0,0.0,7.81,22.88,17.6,273.24,180.29,93.28,134.86,8.25,100.1,59.51,19.03,48.29,868.56
3.2598,0.0,0.0,0.0,0.0,0.0,5.83,18.26,10.56,273.24,182.71,96.03,141.13,11.0,105.49,65.45,21.12,34.65,896.17
3.2698,0.0,0.0,0.0,0.0,0.0,3.85,13.75,3.52,270.82,182.71,96.03,144.32,11.0,110.99,71.39,23.21,21.12,910.47
3.2798,0.0,0.0,0.0,0.0,0.0,3.85,6.05,3.52,265.87,182.71,96.03,150.59,11.0,116.38,77.33,25.41,13.42,925.32
3.2898,0.0,0.0,0.0,0.0,0.0,0.0,10.67,0.0,260.92,180.29,96.03,153.78,13.75,121.88,80.3,27.5,10.67,934.45
3.2998,0.0,0.0,0.0,0.0,0.0,0.0,9.13,0.0,251.13,177.87,93.28,160.05,13.75,127.27,86.35,27.5,9.13,937.2
3.3098,0.0,0.0,0.0,0.0,0.0,0.0,7.59,0.0,241.23,173.03,93.28,163.24,16.5,132.77,92.29,29.59,7.59,941.93
3.3198,0.0,0.0,0.0,0.0,0.0,0.0,6.05,0.0,228.91,165.66,90.53,166.43,19.25,135.41,98.23,29.59,6.05,934.01
3.3298,0.0,0.0,0.0,0.0,0.0,0.0,2.97,0.0,217.03,158.07,87.78,169.62,19.25,143.66,104.17,31.79,2.97,931.37
3.3398,0.0,0.0,0.0,0.0,0.0,0.0,0.0,0.0,203.17,148.06,85.03,169.62,22.0,146.3,113.08,33.88,0.0,921.14
3.3498,0.0,0.0,0.0,0.0,0.0,0.0,0.0,0.0,191.51,140.58,82.39,169.62,24.75,151.8,118.91,35.97,0.0,915.53
3.3598,0.0,0.0,0.0,0.0,0.0,0.0,0.0,0.0,177.65,130.57,79.64,169.62,24.75,157.19,127.6,38.06,0.0,905.08
3.3698,0.0,0.0,0.0,0.0,0.0,0.0,0.0,0.0,163.9,120.56,76.89,172.81,27.5,162.69,130.46,38.06,0.0,892.87
3.3798,0.0,0.0,0.0,0.0,0.0,0.0,0.0,0.0,153.34,113.08,71.39,169.62,27.5,165.44,136.29,40.26,0.0,876.92
3.3898,0.0,0.0,0.0,0.0,0.0,0.0,0.0,0.0,142.78,105.93,68.75,172.81,27.5,168.19,142.12,42.35,0.0,870.43
3.3998,0.0,0.0,0.0,0.0,0.0,0.0,0.0,0.0,132.22,98.78,66.0,172.81,30.25,173.47,147.84,46.53,0.0,867.9
3.4098,0.0,0.0,0.0,0.0,0.0,0.0,0.0,0.0,123.75,91.74,63.25,172.81,30.25,178.86,153.67,48.73,0.0,863.06
3.4198,0.0,0.0,0.0,0.0,0.0,0.0,0.0,0.0,113.3,87.01,57.75,176.0,33.0,181.61,159.5,50.82,0.0,858.99
3.4298,0.0,0.0,0.0,0.0,0.0,0.0,0.0,0.0,103.73,79.86,55.11,176.0,33.0,187.0,165.33,52.91,0.0,852.94
3.4398,0.0,0.0,0.0,0.0,0.0,0.0,0.0,0.0,96.14,75.13,52.69,182.38,33.0,192.39,171.27,55.11,0.0,858.11
3.4498,0.0,0.0,0.0,0.0,0.0,0.0,0.0,0.0,86.57,70.4,47.85,185.57,35.75,197.67,177.21,59.95,0.0,860.97
3.4598,0.0,0.0,0.0,0.0,0.0,0.0,0.0,0.0,78.98,63.36,45.43,188.76,35.75,203.06,183.15,62.37,0.0,860.86
3.4698,0.0,0.0,0.0,0.0,0.0,0.0,0.0,0.0,69.41,58.63,40.7,188.76,35.75,211.2,189.09,64.9,0.0,858.44
3.4798,0.0,0.0,0.0,0.0,0.0,0.0,0.0,0.0,59.84,51.59,38.28,191.95,35.75,216.59,195.14,69.74,0.0,858.88
3.4898,0.0,0.0,0.0,0.0,0.0,0.0,0.0,0.0,50.93,44.55,33.44,191.95,35.75,221.98,204.05,72.16,0.0,854.81
3.4998,0.0,0.0,0.0,0.0,0.0,0.0,0.0,0.0,42.13,39.82,28.71,191.95,38.5,224.73,209.99,77.11,0.0,852.94
3.5098,0.0,0.0,0.0,0.0,0.0,0.0,0.0,0.0,33.33,32.78,26.29,191.95,38.5,230.34,218.9,79.53,0.0,851.62
3.5198,0.0,0.0,0.0,0.0,0.0,0.0,0.0,0.0,26.29,25.74,21.56,188.76,38.5,235.95,227.59,81.95,0.0,846.34
3.5298,0.0,0.0,0.0,0.0,0.0,0.0,0.0,0.0,21.01,18.7,14.3,185.57,38.5,238.7,233.2,86.9,0.0,836.88
3.5398,0.0,0.0,0.0,0.0,0.0,0.0,0.0,0.0,17.49,13.97,11.88,182.38,38.5,241.45,241.67,91.74,0.0,839.08
3.5498,0.0,0.0,0.0,0.0,0.0,0.0,0.0,0.0,13.97,11.66,9.57,179.19,38.5,244.31,247.39,94.27,0.0,838.86
3.5598,0.0,0.0,0.0,0.0,0.0,0.0,0.0,0.0,12.21,9.35,7.15,172.81,38.5,247.06,253.0,96.69,0.0,836.77
3.5698,0.0,0.0,0.0,0.0,0.0,0.0,0.0,0.0,10.45,6.93,4.73,163.24,35.75,247.06,258.72,101.53,0.0,828.41
3.5797,0.0,0.0,0.0,0.0,0.0,0.0,0.0,0.0,8.69,4.62,4.73,156.97,33.0,249.92,261.47,104.06,0.0,823.46
3.5897,0.0,0.0,0.0,0.0,0.0,0.0,0.0,0.0,8.69,4.62,0.0,147.51,30.25,249.92,264.33,108.9,0.0,814.22
3.5997,0.0,0.0,0.0,0.0,0.0,0.0,0.0,0.0,6.93,0.0,0.0,134.86,27.5,249.92,267.19,111.32,0.0,797.72
3.6097,0.0,0.0,0.0,0.0,0.0,0.0,0.0,0.0,6.93,0.0,0.0,119.02,24.75,249.92,267.19,116.05,0.0,783.86
3.6197,4.62,0.0,0.0,0.0,0.0,0.0,0.0,0.0,5.17,0.0,0.0,106.48,19.25,247.06,264.33,120.45,4.62,762.74
3.6297,13.86,0.0,0.0,0.0,0.0,0.0,0.0,0.0,5.17,0.0,0.0,90.75,16.5,247.06,261.47,124.96,13.86,745.91
3.6397,55.77,5.83,0.0,0.0,0.0,0.0,0.0,0.0,3.41,0.0,0.0,75.02,11.0,244.31,258.72,129.47,61.6,721.93
3.6497,191.73,38.94,0.0,0.0,0.0,0.0,0.0,0.0,3.41,0.0,0.0,62.48,5.5,235.95,255.86,133.87,230.67,697.07
3.6597,236.28,65.34,16.94,3.41,0.0,0.0,0.0,0.0,3.41,0.0,0.0,48.07,0.0,227.48,247.39,138.38,321.97,664.73
3.6697,228.58,93.94,36.3,13.75,0.0,0.0,0.0,0.0,0.0,0.0,0.0,33.88,0.0,205.81,244.53,142.89,372.57,627.11
3.6797,231.11,126.39,50.82,27.5,0.0,7.81,0.0,3.52,0.0,0.0,0.0,19.8,0.0,176.22,238.92,147.29,447.15,582.23
3.6897,236.28,151.47,60.39,41.36,0.0,11.66,0.0,3.52,0.0,0.0,0.0,14.08,0.0,130.02,224.73,147.29,504.68,516.12
3.6997,238.92,166.1,65.12,53.35,0.0,19.47,2.97,5.28,0.0,0.0,0.0,11.22,0.0,81.07,204.05,142.89,551.21,439.23
3.7097,236.28,172.81,69.85,63.03,0.0,37.07,6.05,10.56,0.0,0.0,0.0,8.47,0.0,47.52,162.36,131.67,595.65,350.02
3.7197,238.92,181.94,79.31,69.63,0.0,52.69,16.72,14.08,0.0,0.0,0.0,8.47,0.0,33.22,110.22,116.05,653.29,267.96
3.7297,249.26,190.96,88.77,74.03,4.18,65.34,28.93,17.6,0.0,0.0,0.0,5.61,0.0,23.65,68.42,99.11,719.07,196.79
3.7397,257.07,197.78,98.23,78.43,10.56,76.56,44.22,21.12,0.0,0.0,0.0,0.0,0.0,18.92,48.73,74.69,783.97,142.34
3.7497,267.41,202.4,110.0,80.63,16.94,87.67,56.54,24.64,0.0,0.0,0.0,0.0,0.0,14.19,35.97,46.53,846.23,96.69
3.7597,272.58,204.6,119.79,78.43,21.12,94.49,70.95,26.4,0.0,0.0,0.0,0.0,0.0,7.04,23.1,21.12,888.36,51.26
3.7697,272.58,202.4,124.74,80.63,25.41,98.89,83.71,30.03,0.0,0.0,0.0,0.0,0.0,4.73,15.4,0.0,918.39,20.13
3.7797,267.41,197.78,127.27,80.63,29.59,105.6,94.49,30.03,0.0,0.0,0.0,0.0,0.0,0.0,10.23,0.0,932.8,10.23
3.7897,257.07,190.96,124.74,82.83,31.68,110.11,105.38,31.79,0.0,0.0,0.0,0.0,0.0,0.0,7.7,0.0,934.56,7.7
3.7997,249.26,181.94,122.32,82.83,33.88,114.51,114.51,35.31,0.0,0.0,0.0,0.0,0.0,0.0,5.06,0.0,934.56,5.06
3.8097,236.28,170.61,119.79,82.83,38.06,118.69,124.52,37.07,0.0,0.0,0.0,0.0,0.0,0.0,0.0,0.0,927.85,0.0
3.8197,223.41,159.83,114.84,82.83,38.06,120.78,134.64,38.83,0.0,0.0,0.0,0.0,0.0,0.0,0.0,0.0,913.22,0.0
3.8297,213.62,149.38,112.42,80.63,42.35,122.98,144.65,40.59,0.0,0.0,0.0,0.0,0.0,0.0,0.0,0.0,906.62,0.0
3.8397,201.52,141.02,107.69,80.63,44.44,125.07,152.79,42.35,0.0,0.0,0.0,0.0,0.0,0.0,0.0,0.0,895.51,0.0
3.8497,191.73,130.57,100.54,80.63,46.53,127.16,160.82,42.35,0.0,0.0,0.0,0.0,0.0,0.0,0.0,0.0,880.33,0.0
3.8597,177.21,120.12,95.81,78.43,48.62,129.25,166.87,44.11,0.0,0.0,0.0,0.0,0.0,0.0,0.0,0.0,860.42,0.0
3.8697,165.0,109.34,88.77,78.43,48.62,129.25,170.94,45.87,0.0,0.0,0.0,0.0,0.0,0.0,0.0,0.0,836.22,0.0
3.8797,152.68,98.34,81.73,78.43,50.82,133.54,177.21,45.87,0.0,0.0,0.0,0.0,0.0,0.0,0.0,0.0,818.62,0.0
3.8897,140.47,89.54,74.58,78.43,50.82,133.54,181.28,45.87,0.0,0.0,0.0,0.0,0.0,0.0,0.0,0.0,794.53,0.0
3.8997,125.73,80.74,67.54,78.43,50.82,135.63,183.37,47.63,0.0,0.0,0.0,0.0,0.0,0.0,0.0,0.0,769.89,0.0
3.9097,113.41,71.94,60.39,78.43,50.82,137.72,187.55,47.63,0.0,0.0,0.0,0.0,0.0,0.0,0.0,0.0,747.89,0.0
3.9197,99.88,63.14,53.24,80.63,52.91,137.72,191.62,47.63,0.0,0.0,0.0,0.0,0.0,0.0,0.0,0.0,726.77,0.0
3.9297,88.88,54.56,45.98,80.63,52.91,139.92,193.71,47.63,0.0,0.0,0.0,0.0,0.0,0.0,0.0,0.0,704.22,0.0
3.9397,79.97,48.73,41.14,80.63,52.91,142.01,197.89,49.39,0.0,0.0,0.0,0.0,0.0,0.0,0.0,0.0,692.67,0.0
3.9497,71.17,40.92,36.3,80.63,52.91,144.1,202.07,49.39,0.0,0.0,0.0,0.0,0.0,0.0,0.0,0.0,677.49,0.0
3.9597,60.17,36.96,29.04,80.63,52.91,146.19,208.23,49.39,0.0,0.0,0.0,0.0,0.0,0.0,0.0,0.0,663.52,0.0
3.9697,51.04,31.13,24.2,80.63,52.91,150.48,212.41,51.15,0.0,0.0,0.0,0.0,0.0,0.0,0.0,0.0,653.95,0.0
3.9797,39.49,25.3,19.36,80.63,52.91,152.57,220.66,51.15,0.0,0.0,0.0,0.0,0.0,0.0,0.0,0.0,642.07,0.0
3.9897,30.14,21.34,14.52,78.43,52.91,154.66,229.24,52.91,0.0,0.0,0.0,0.0,0.0,0.0,0.0,0.0,634.15,0.0
3.9997,25.52,17.49,12.1,78.43,52.91,154.66,240.24,54.67,0.0,0.0,0.0,0.0,0.0,0.0,0.0,0.0,636.02,0.0
4.0097,20.9,13.64,9.68,76.23,52.91,156.86,249.04,54.67,0.0,0.0,0.0,0.0,0.0,0.0,0.0,0.0,633.93,0.0
4.0197,16.17,11.66,9.68,74.03,52.91,158.95,260.15,56.54,0.0,0.0,0.0,0.0,0.0,0.0,0.0,0.0,640.09,0.0
4.0297,13.86,9.68,7.26,71.83,52.91,161.04,271.15,56.54,0.0,0.0,0.0,0.0,0.0,0.0,0.0,0.0,644.27,0.0
4.0397,11.55,7.7,7.26,69.63,52.91,161.04,280.17,58.52,0.0,0.0,0.0,0.0,0.0,0.0,0.0,0.0,648.78,0.0
4.0497,11.55,7.7,4.84,67.43,52.91,165.33,289.19,58.52,0.0,0.0,0.0,0.0,0.0,0.0,0.0,0.0,657.47,0.0
4.0597,9.24,5.83,4.84,65.23,52.91,165.33,298.21,58.52,0.0,0.0,0.0,0.0,0.0,0.0,0.0,0.0,660.11,0.0
4.0697,6.93,5.83,4.84,63.03,50.82,167.53,304.92,60.5,0.0,0.0,0.0,0.0,0.0,0.0,0.0,0.0,664.4,0.0
4.0797,6.93,3.85,0.0,58.63,50.82,167.53,311.74,62.59,0.0,0.0,0.0,0.0,0.0,0.0,0.0,0.0,662.09,0.0
4.0897,6.93,3.85,0.0,55.11,46.53,169.73,318.56,64.57,0.0,0.0,0.0,0.0,0.0,0.0,0.0,0.0,665.28,0.0
4.0997,4.62,3.85,0.0,49.94,44.44,169.73,325.27,66.55,0.0,0.0,0.0,0.0,0.0,0.0,0.0,0.0,664.4,0.0
4.1097,4.62,3.85,0.0,43.01,40.15,167.53,327.58,70.62,0.0,0.0,0.0,0.0,0.0,0.0,0.0,0.0,657.36,0.0
4.1197,4.62,0.0,0.0,37.84,33.88,167.53,327.58,72.6,3.41,0.0,0.0,0.0,0.0,0.0,0.0,0.0,644.05,3.41
4.1297,0.0,0.0,0.0,32.67,27.5,165.33,323.07,76.67,12.21,0.0,0.0,0.0,0.0,0.0,0.0,0.0,625.24,12.21
4.1397,0.0,0.0,0.0,27.5,21.12,161.04,316.25,78.65,52.69,6.93,0.0,0.0,0.0,0.0,0.0,0.0,604.56,59.62
4.1497,0.0,0.0,0.0,24.09,14.74,158.95,302.72,82.72,184.58,35.09,4.73,0.0,0.0,0.0,0.0,0.0,583.22,224.4
4.1597,0.0,0.0,0.0,18.92,10.56,148.39,286.88,84.81,193.82,58.63,11.88,11.22,0.0,0.0,0.0,0.0,549.56,275.55
4.1697,0.0,0.0,0.0,13.75,6.27,131.45,273.35,86.79,203.17,94.05,26.29,39.6,0.0,0.0,0.0,0.0,511.61,363.11
4.1797,0.0,0.0,0.0,10.34,4.18,110.11,257.95,86.79,212.41,118.03,35.86,75.02,0.0,4.73,0.0,0.0,469.37,446.05
4.1897,0.0,0.0,0.0,8.58,4.18,80.96,233.64,86.79,219.34,138.05,43.12,103.29,0.0,26.07,0.0,0.0,414.15,529.87
4.1997,0.0,0.0,0.0,6.82,4.18,50.71,195.8,80.74,214.72,145.64,45.43,119.02,0.0,49.83,7.7,0.0,338.25,582.34
4.2097,0.0,0.0,0.0,6.82,6.27,31.24,144.65,70.62,210.1,150.59,50.27,137.94,0.0,75.68,12.76,6.27,259.6,643.61
4.2197,0.0,0.0,0.0,5.17,4.18,21.45,85.47,58.52,210.1,158.07,52.69,150.59,0.0,91.96,28.27,12.65,174.79,704.33
4.2297,0.0,0.0,0.0,3.41,0.0,17.49,48.84,42.35,214.72,165.66,57.75,163.24,0.0,102.74,41.03,19.03,112.09,764.17
4.2397,0.0,0.0,0.0,0.0,0.0,13.64,33.55,28.27,217.03,170.61,63.25,176.0,5.5,119.13,56.54,25.41,75.46,833.47
4.2497,0.0,0.0,0.0,0.0,0.0,9.68,27.5,17.6,219.34,173.03,71.39,188.76,11.0,132.77,68.42,27.5,54.78,892.21
4.2597,0.0,0.0,0.0,0.0,0.0,7.81,19.8,10.56,217.03,175.45,71.39,201.63,11.0,143.66,80.3,31.79,38.17,932.25
4.2697,0.0,0.0,0.0,0.0,0.0,5.83,16.72,3.52,207.79,173.03,71.39,214.39,13.75,154.55,86.35,33.88,26.07,955.13
4.2797,0.0,0.0,0.0,0.0,0.0,3.85,15.18,3.52,196.24,168.19,68.75,226.93,13.75,162.69,89.32,35.97,22.55,961.84
4.2897,0.0,0.0,0.0,0.0,0.0,3.85,13.75,3.52,184.58,163.13,66.0,238.59,13.75,170.83,95.26,38.06,21.12,970.2
4.2997,0.0,0.0,0.0,0.0,0.0,0.0,12.21,0.0,175.34,158.07,63.25,247.28,16.5,178.86,101.2,40.26,12.21,980.76
4.3097,0.0,0.0,0.0,0.0,0.0,0.0,10.67,0.0,163.9,150.59,60.5,255.97,16.5,184.25,104.17,42.35,10.67,978.23
4.3197,0.0,0.0,0.0,0.0,0.0,0.0,9.13,0.0,153.34,140.58,57.75,258.94,16.5,187.0,107.14,44.44,9.13,965.69
4.3297,0.0,0.0,0.0,0.0,0.0,0.0,9.13,0.0,140.69,133.1,55.11,264.77,19.25,189.64,110.22,44.44,9.13,957.22
4.3397,0.0,0.0,0.0,0.0,0.0,0.0,7.59,0.0,127.93,123.09,50.27,267.63,19.25,195.03,110.22,46.53,7.59,939.95
4.3497,0.0,0.0,0.0,0.0,0.0,0.0,7.59,0.0,115.28,113.08,45.43,270.6,19.25,195.03,110.22,46.53,7.59,915.42
4.3597,0.0,0.0,0.0,0.0,0.0,0.0,6.05,0.0,103.73,103.51,43.12,276.43,19.25,197.67,113.08,46.53,6.05,903.32
4.3697,0.0,0.0,0.0,0.0,0.0,0.0,6.05,0.0,92.29,94.05,38.28,276.43,19.25,200.42,113.08,48.73,6.05,882.53
4.3797,0.0,0.0,0.0,0.0,0.0,0.0,4.51,0.0,82.72,84.59,35.86,279.51,19.25,203.06,115.94,48.73,4.51,869.66
4.3897,0.0,0.0,0.0,0.0,0.0,0.0,4.51,0.0,73.15,75.13,31.13,279.51,19.25,205.81,115.94,50.82,4.51,850.74
4.3997,0.0,0.0,0.0,0.0,0.0,0.0,4.51,0.0,63.69,68.09,28.71,279.51,19.25,208.45,115.94,52.91,4.51,836.55
4.4097,0.0,0.0,0.0,0.0,0.0,0.0,2.97,0.0,57.97,63.36,26.29,279.51,19.25,211.2,118.91,52.91,2.97,829.4
4.4197,0.0,0.0,0.0,0.0,0.0,0.0,2.97,0.0,52.69,58.63,26.29,282.7,19.25,213.84,121.77,55.11,2.97,830.28
4.4297,0.0,0.0,0.0,0.0,0.0,0.0,0.0,0.0,49.17,53.9,23.87,282.7,19.25,216.59,121.77,57.53,0.0,824.78
4.4397,0.0,0.0,0.0,0.0,0.0,0.0,0.0,0.0,43.89,49.17,21.56,282.7,19.25,219.23,124.63,57.53,0.0,817.96
4.4497,0.0,0.0,0.0,0.0,0.0,0.0,0.0,0.0,38.61,46.86,19.14,285.89,19.25,221.98,127.6,59.95,0.0,819.28
4.4597,0.0,0.0,0.0,0.0,0.0,0.0,0.0,0.0,35.09,44.55,16.72,285.89,19.25,227.48,130.46,62.37,0.0,821.81
4.4697,0.0,0.0,0.0,0.0,0.0,0.0,0.0,0.0,29.81,39.82,14.3,285.89,19.25,230.34,133.32,64.9,0.0,817.63
4.4797,0.0,0.0,0.0,0.0,0.0,0.0,0.0,0.0,26.29,37.51,11.88,288.97,19.25,233.09,139.15,67.32,0.0,823.46
4.4897,0.0,0.0,0.0,0.0,0.0,0.0,0.0,0.0,22.77,32.78,9.57,285.89,19.25,235.95,142.12,69.74,0.0,818.07
4.4997,0.0,0.0,0.0,0.0,0.0,0.0,0.0,0.0,19.25,28.05,9.57,285.89,19.25,241.45,147.84,72.16,0.0,823.46
4.5097,0.0,0.0,0.0,0.0,0.0,0.0,0.0,0.0,17.49,23.43,7.15,285.89,19.25,247.06,153.67,74.69,0.0,828.63
4.5197,0.0,0.0,0.0,0.0,0.0,0.0,0.0,0.0,15.73,18.7,7.15,282.7,19.25,249.92,159.5,79.53,0.0,832.48
4.5297,0.0,0.0,0.0,0.0,0.0,0.0,0.0,0.0,12.21,16.39,7.15,276.43,22.0,252.67,168.3,81.95,0.0,837.1
4.5397,0.0,0.0,0.0,0.0,0.0,0.0,0.0,0.0,12.21,13.97,7.15,270.6,22.0,258.28,177.21,84.48,0.0,845.9
4.5497,0.0,0.0,0.0,0.0,0.0,0.0,0.0,0.0,10.45,11.66,4.73,261.8,22.0,261.03,186.12,86.9,0.0,844.69
4.5597,0.0,0.0,0.0,0.0,0.0,0.0,0.0,0.0,8.69,9.35,4.73,253.11,22.0,263.89,195.14,91.74,0.0,848.65
4.5697,0.0,0.0,0.0,0.0,0.0,0.0,0.0,0.0,8.69,6.93,0.0,244.42,22.0,263.89,204.05,94.27,0.0,844.25
4.5797,0.0,0.0,0.0,0.0,0.0,0.0,0.0,0.0,6.93,6.93,0.0,232.76,22.0,266.64,212.96,96.69,0.0,844.91
4.5897,0.0,0.0,0.0,0.0,0.0,0.0,0.0,0.0,6.93,4.62,0.0,220.77,22.0,266.64,218.9,99.11,0.0,838.97
4.5997,0.0,0.0,0.0,0.0,0.0,0.0,0.0,0.0,5.17,4.62,0.0,204.82,19.25,263.89,224.73,101.53,0.0,824.01
4.6097,0.0,0.0,0.0,0.0,0.0,0.0,0.0,0.0,5.17,0.0,0.0,188.76,19.25,263.89,230.45,104.06,0.0,811.58
4.6197,6.93,0.0,0.0,0.0,0.0,0.0,0.0,0.0,5.17,0.0,0.0,172.81,16.5,261.03,233.2,106.48,6.93,795.19
4.6297,16.17,0.0,0.0,0.0,0.0,0.0,0.0,0.0,3.41,0.0,0.0,156.97,13.75,261.03,236.06,111.32,16.17,782.54
4.6397,53.35,7.7,0.0,0.0,0.0,0.0,0.0,0.0,3.41,0.0,0.0,137.94,11.0,258.28,238.92,113.85,61.05,763.4
4.6497,184.47,42.79,7.26,0.0,0.0,0.0,0.0,0.0,3.41,0.0,0.0,119.02,8.25,252.67,238.92,120.45,234.52,742.72
4.6597,236.28,71.94,26.62,3.41,0.0,0.0,0.0,0.0,0.0,0.0,0.0,97.02,5.5,244.31,241.67,124.96,338.25,713.46
4.6697,231.11,100.54,43.56,18.92,0.0,0.0,0.0,0.0,0.0,0.0,0.0,71.94,0.0,227.48,244.53,129.47,394.13,673.42
4.6797,233.75,130.57,55.77,27.5,0.0,7.81,0.0,0.0,0.0,0.0,0.0,45.21,0.0,203.06,244.53,133.87,455.4,626.67
4.6897,236.28,147.29,62.81,37.84,0.0,9.68,0.0,3.52,0.0,0.0,0.0,28.27,0.0,165.44,241.67,138.38,497.42,573.76
4.6997,238.92,159.83,67.54,46.53,0.0,19.47,0.0,3.52,0.0,0.0,0.0,19.8,0.0,113.63,230.45,138.38,535.81,502.26
4.7097,236.28,164.01,69.85,51.7,0.0,29.26,2.97,7.04,0.0,0.0,0.0,16.94,0.0,64.79,195.14,131.67,561.11,408.54
4.7197,238.92,172.81,77.0,55.11,0.0,42.9,7.59,10.56,0.0,0.0,0.0,11.22,0.0,37.95,144.98,120.45,604.89,314.6
4.7297,249.26,184.25,86.35,58.63,0.0,52.69,16.72,14.08,0.0,0.0,0.0,11.22,0.0,28.49,86.35,104.06,661.98,230.12
4.7397,262.24,195.58,95.81,60.83,4.18,60.83,27.5,17.6,0.0,0.0,0.0,8.47,0.0,23.65,56.54,84.48,724.57,173.14
4.7497,275.22,206.91,105.27,63.03,8.47,67.54,38.17,19.36,0.0,0.0,0.0,5.61,0.0,16.61,41.03,55.11,783.97,118.36
4.7597,287.98,215.93,114.84,67.43,12.65,72.05,44.22,22.88,0.0,0.0,0.0,0.0,0.0,11.88,28.27,29.59,837.98,69.74
4.7697,293.15,220.55,122.32,69.63,14.74,78.76,50.38,24.64,0.0,0.0,0.0,0.0,0.0,9.46,17.93,8.47,874.17,35.86
4.7797,295.68,222.75,122.32,71.83,16.94,83.27,53.46,24.64,0.0,0.0,0.0,0.0,0.0,4.73,12.76,0.0,890.89,17.49
4.7897,293.15,220.55,124.74,74.03,19.03,85.47,58.3,26.4,0.0,0.0,0.0,0.0,0.0,0.0,10.23,0.0,901.67,10.23
4.7997,285.45,218.24,122.32,78.43,19.03,89.98,61.93,28.27,0.0,0.0,0.0,0.0,0.0,0.0,7.7,0.0,903.65,7.7
4.8097,277.86,213.73,119.79,80.63,21.12,92.18,67.32,28.27,0.0,0.0,0.0,0.0,0.0,0.0,7.7,0.0,900.9,7.7
4.8197,270.05,204.6,117.37,80.63,23.21,96.69,72.82,28.27,0.0,0.0,0.0,0.0,0.0,0.0,5.06,0.0,893.64,5.06
4.8297,259.6,197.78,114.84,82.83,25.41,98.89,78.21,30.03,0.0,0.0,0.0,0.0,0.0,0.0,5.06,0.0,887.59,5.06
4.8397,249.26,188.76,112.42,82.83,27.5,103.4,83.71,31.79,0.0,0.0,0.0,0.0,0.0,0.0,0.0,0.0,879.67,0.0
4.8497,238.92,177.43,110.0,85.03,29.59,105.6,90.86,31.79,0.0,0.0,0.0,0.0,0.0,0.0,0.0,0.0,869.22,0.0
4.8597,228.58,166.1,107.69,82.83,31.68,107.91,96.36,33.55,0.0,0.0,0.0,0.0,0.0,0.0,0.0,0.0,854.7,0.0
4.8697,216.04,157.74,102.96,85.03,35.97,110.11,103.62,33.55,0.0,0.0,0.0,0.0,0.0,0.0,0.0,0.0,845.02,0.0
4.8797,206.36,147.29,98.23,85.03,35.97,112.42,109.01,35.31,0.0,0.0,0.0,0.0,0.0,0.0,0.0,0.0,829.62,0.0
4.8897,194.15,138.93,93.5,87.34,38.06,116.6,114.51,37.07,0.0,0.0,0.0,0.0,0.0,0.0,0.0,0.0,820.16,0.0
4.8997,184.47,128.48,88.77,87.34,40.15,118.69,118.47,38.83,0.0,0.0,0.0,0.0,0.0,0.0,0.0,0.0,805.2,0.0
4.9097,172.37,120.12,84.04,89.54,42.35,120.78,124.52,38.83,0.0,0.0,0.0,0.0,0.0,0.0,0.0,0.0,792.55,0.0
4.9197,162.58,113.85,79.31,91.74,42.35,125.07,128.59,40.59,0.0,0.0,0.0,0.0,0.0,0.0,0.0,0.0,784.08,0.0
4.9297,152.68,104.94,77.0,93.94,44.44,127.16,134.64,42.35,0.0,0.0,0.0,0.0,0.0,0.0,0.0,0.0,777.15,0.0
4.9397,142.89,98.34,72.27,96.14,46.53,131.45,140.69,44.11,0.0,0.0,0.0,0.0,0.0,0.0,0.0,0.0,772.42,0.0
4.9497,133.1,89.54,67.54,100.54,46.53,135.63,144.65,45.87,0.0,0.0,0.0,0.0,0.0,0.0,0.0,0.0,763.4,0.0
4.9597,123.2,82.94,62.81,102.74,48.62,139.92,150.7,45.87,0.0,0.0,0.0,0.0,0.0,0.0,0.0,0.0,756.8,0.0
4.9697,113.41,76.34,58.08,104.94,48.62,144.1,156.75,47.63,0.0,0.0,0.0,0.0,0.0,0.0,0.0,0.0,749.87,0.0
4.9797,104.28,67.54,53.24,107.14,50.82,148.39,164.89,49.39,0.0,0.0,0.0,0.0,0.0,0.0,0.0,0.0,745.69,0.0
4.9897,95.48,60.94,48.4,109.34,52.91,152.57,173.03,51.15,0.0,0.0,0.0,0.0,0.0,0.0,0.0,0.0,743.82,0.0
4.9997,84.48,54.56,43.56,111.54,52.91,156.86,179.3,52.91,0.0,0.0,0.0,0.0,0.0,0.0,0.0,0.0,736.12,0.0
5.0096,75.57,48.73,38.72,113.85,52.91,161.04,187.55,54.67,0.0,0.0,0.0,0.0,0.0,0.0,0.0,0.0,733.04,0.0
5.0196,64.57,42.79,33.88,116.05,55.0,165.33,195.8,56.54,0.0,0.0,0.0,0.0,0.0,0.0,0.0,0.0,729.96,0.0
5.0296,55.77,36.96,29.04,118.25,55.0,169.73,202.07,56.54,0.0,0.0,0.0,0.0,0.0,0.0,0.0,0.0,723.36,0.0
5.0396,44.11,33.11,24.2,118.25,55.0,174.13,210.32,58.52,0.0,0.0,0.0,0.0,0.0,0.0,0.0,0.0,717.64,0.0
5.0496,34.76,27.28,19.36,120.56,55.0,176.33,218.57,58.52,0.0,0.0,0.0,0.0,0.0,0.0,0.0,0.0,710.38,0.0
5.0596,30.14,21.34,16.94,118.25,57.2,178.53,229.24,60.5,0.0,0.0,0.0,0.0,0.0,0.0,0.0,0.0,712.14,0.0
5.0696,23.21,19.47,12.1,116.05,57.2,180.73,238.04,62.59,0.0,0.0,0.0,0.0,0.0,0.0,0.0,0.0,709.39,0.0
5.0796,18.59,13.64,9.68,113.85,57.2,182.93,249.04,62.59,0.0,0.0,0.0,0.0,0.0,0.0,0.0,0.0,707.52,0.0
5.0896,16.17,11.66,9.68,107.14,55.0,182.93,257.95,64.57,0.0,0.0,0.0,0.0,0.0,0.0,0.0,0.0,705.1,0.0
5.0996,13.86,7.7,7.26,100.54,52.91,182.93,264.55,66.55,0.0,0.0,0.0,0.0,0.0,0.0,0.0,0.0,696.3,0.0
5.1096,11.55,5.83,4.84,91.74,50.82,182.93,271.15,68.64,0.0,0.0,0.0,0.0,0.0,0.0,0.0,0.0,687.5,0.0
5.1196,6.93,5.83,0.0,82.83,46.53,185.13,273.35,70.62,0.0,0.0,0.0,0.0,0.0,0.0,0.0,0.0,671.22,0.0
5.1296,6.93,3.85,0.0,74.03,40.15,185.13,277.86,72.6,0.0,0.0,0.0,0.0,0.0,0.0,0.0,0.0,660.55,0.0
5.1396,6.93,3.85,0.0,63.03,33.88,185.13,275.66,76.67,15.73,0.0,0.0,0.0,0.0,0.0,0.0,0.0,645.15,15.73
5.1496,4.62,3.85,0.0,53.35,27.5,182.93,271.15,78.65,69.41,11.66,0.0,0.0,0.0,0.0,0.0,0.0,622.05,81.07
5.1596,4.62,3.85,0.0,44.77,21.12,180.73,266.75,82.72,205.48,42.13,4.73,0.0,0.0,0.0,0.0,0.0,604.56,252.34
5.1696,0.0,0.0,0.0,34.43,14.74,169.73,257.95,86.79,196.24,63.36,11.88,14.08,0.0,0.0,0.0,0.0,563.64,285.56
5.1796,0.0,0.0,0.0,24.09,10.56,154.66,251.35,86.79,203.17,98.78,26.29,39.6,0.0,0.0,0.0,0.0,527.45,367.84
5.1896,0.0,0.0,0.0,15.51,6.27,135.63,242.44,90.86,207.79,123.09,35.86,71.94,0.0,0.0,0.0,0.0,490.71,438.68
5.1996,0.0,0.0,0.0,11.99,4.18,107.91,229.24,90.86,214.72,143.11,40.7,100.21,0.0,14.19,5.06,0.0,444.18,517.99
5.2096,0.0,0.0,0.0,10.34,4.18,74.25,206.14,86.79,203.17,145.64,40.7,115.94,0.0,26.07,5.06,0.0,381.7,536.58
5.2196,0.0,0.0,0.0,8.58,4.18,44.88,168.96,80.74,196.24,150.59,40.7,131.67,0.0,47.52,7.7,0.0,307.34,574.42
5.2296,0.0,0.0,0.0,6.82,4.18,29.26,118.47,70.62,198.55,155.65,45.43,147.51,0.0,67.54,12.76,4.18,229.35,631.62
5.2396,0.0,0.0,0.0,5.17,4.18,21.45,70.95,58.52,205.48,165.66,47.85,156.97,0.0,81.07,20.46,10.56,160.27,688.05
5.2496,0.0,0.0,0.0,3.41,0.0,15.62,44.22,45.87,212.41,173.03,55.11,169.62,0.0,89.21,33.33,14.74,109.12,747.45
5.2596,0.0,0.0,0.0,0.0,0.0,11.66,32.01,31.79,221.65,180.29,57.75,179.19,5.5,100.1,41.03,16.94,75.46,802.45
5.2696,0.0,0.0,0.0,0.0,0.0,7.81,25.96,19.36,226.49,187.55,63.25,191.95,5.5,108.24,48.73,21.12,53.13,852.83
5.2796,0.0,0.0,0.0,0.0,0.0,5.83,19.8,12.32,221.65,189.97,63.25,204.82,8.25,116.38,56.54,23.21,37.95,884.07
5.2896,0.0,0.0,0.0,0.0,0.0,3.85,13.75,5.28,214.72,189.97,63.25,217.58,8.25,124.52,59.51,25.41,22.88,903.21
5.2996,0.0,0.0,0.0,0.0,0.0,0.0,10.67,0.0,203.17,187.55,60.5,232.76,11.0,132.77,65.45,27.5,10.67,920.7
5.3096,0.0,0.0,0.0,0.0,0.0,0.0,9.13,0.0,193.82,182.71,57.75,244.42,11.0,140.91,71.39,29.59,9.13,931.59
5.3196,0.0,0.0,0.0,0.0,0.0,0.0,9.13,0.0,182.27,177.87,57.75,255.97,13.75,149.05,77.33,31.79,9.13,945.78
5.3296,0.0,0.0,0.0,0.0,0.0,0.0,6.05,0.0,168.41,170.61,55.11,264.77,13.75,157.19,83.27,35.97,6.05,949.08
5.3396,0.0,0.0,0.0,0.0,0.0,0.0,4.51,0.0,155.43,160.6,52.69,273.46,16.5,162.69,89.32,35.97,4.51,946.66
5.3496,0.0,0.0,0.0,0.0,0.0,0.0,4.51,0.0,144.87,148.06,50.27,279.51,16.5,168.19,92.29,38.06,4.51,937.75
5.3596,0.0,0.0,0.0,0.0,0.0,0.0,2.97,0.0,132.22,138.05,47.85,285.89,16.5,173.47,95.26,40.26,2.97,929.5
5.3696,0.0,0.0,0.0,0.0,0.0,0.0,2.97,0.0,119.46,128.04,43.12,288.97,16.5,178.86,101.2,40.26,2.97,916.41
5.3796,0.0,0.0,0.0,0.0,0.0,0.0,0.0,0.0,107.58,118.03,40.7,295.35,19.25,184.25,101.2,42.35,0.0,908.71
5.3896,0.0,0.0,0.0,0.0,0.0,0.0,0.0,0.0,96.14,108.24,38.28,298.43,19.25,187.0,101.2,42.35,0.0,890.89
5.3996,0.0,0.0,0.0,0.0,0.0,0.0,0.0,0.0,88.44,98.78,33.44,301.62,19.25,189.64,104.17,44.44,0.0,879.78
5.4096,0.0,0.0,0.0,0.0,0.0,0.0,0.0,0.0,78.98,91.74,31.13,304.81,19.25,192.39,107.14,44.44,0.0,869.88
5.4196,0.0,0.0,0.0,0.0,0.0,0.0,0.0,0.0,71.28,84.59,28.71,308.0,19.25,195.03,107.14,46.53,0.0,860.53
5.4296,0.0,0.0,0.0,0.0,0.0,0.0,0.0,0.0,65.56,77.55,26.29,311.08,19.25,197.67,107.14,46.53,0.0,851.07
5.4396,0.0,0.0,0.0,0.0,0.0,0.0,0.0,0.0,59.84,72.82,26.29,314.27,19.25,203.06,110.22,46.53,0.0,852.28
5.4496,0.0,0.0,0.0,0.0,0.0,0.0,0.0,0.0,54.45,68.09,21.56,317.46,19.25,205.81,110.22,48.73,0.0,845.57
5.4596,0.0,0.0,0.0,0.0,0.0,0.0,0.0,0.0,49.17,63.36,19.14,320.54,19.25,208.45,113.08,48.73,0.0,841.72
5.4696,0.0,0.0,0.0,0.0,0.0,0.0,0.0,0.0,45.65,58.63,19.14,323.73,19.25,211.2,113.08,48.73,0.0,839.41
5.4796,0.0,0.0,0.0,0.0,0.0,0.0,0.0,0.0,40.37,53.9,16.72,326.92,19.25,216.59,113.08,48.73,0.0,835.56
5.4896,0.0,0.0,0.0,0.0,0.0,0.0,0.0,0.0,36.85,51.59,14.3,330.11,19.25,219.23,115.94,50.82,0.0,838.09
5.4996,0.0,0.0,0.0,0.0,0.0,0.0,0.0,0.0,33.33,49.17,14.3,333.08,19.25,221.98,115.94,50.82,0.0,837.87
5.5096,0.0,0.0,0.0,0.0,0.0,0.0,0.0,0.0,29.81,44.55,11.88,336.05,19.25,224.73,115.94,50.82,0.0,833.03
5.5196,0.0,0.0,0.0,0.0,0.0,0.0,0.0,0.0,26.29,42.13,11.88,339.02,19.25,227.48,118.91,52.91,0.0,837.87
5.5296,0.0,0.0,0.0,0.0,0.0,0.0,0.0,0.0,22.77,39.82,9.57,339.02,19.25,230.34,118.91,55.11,0.0,834.79
5.5396,0.0,0.0,0.0,0.0,0.0,0.0,0.0,0.0,21.01,35.09,9.57,341.99,16.5,235.95,121.77,55.11,0.0,836.99
5.5496,0.0,0.0,0.0,0.0,0.0,0.0,0.0,0.0,19.25,32.78,9.57,344.96,19.25,238.7,127.6,59.95,0.0,852.06
5.5596,0.0,0.0,0.0,0.0,0.0,0.0,0.0,0.0,17.49,28.05,7.15,344.96,19.25,241.45,130.46,62.37,0.0,851.18
5.5696,0.0,0.0,0.0,0.0,0.0,0.0,0.0,0.0,13.97,25.74,7.15,347.93,19.25,247.06,133.32,64.9,0.0,859.32
5.5796,0.0,0.0,0.0,0.0,0.0,0.0,0.0,0.0,13.97,23.43,7.15,344.96,19.25,249.92,139.15,67.32,0.0,865.15
5.5896,0.0,0.0,0.0,0.0,0.0,0.0,0.0,0.0,10.45,18.7,7.15,341.99,19.25,252.67,144.98,72.16,0.0,867.35
5.5996,0.0,0.0,0.0,0.0,0.0,0.0,0.0,0.0,10.45,13.97,4.73,339.02,19.25,258.28,150.81,74.69,0.0,871.2
5.6096,0.0,0.0,0.0,0.0,0.0,0.0,0.0,0.0,8.69,11.66,4.73,330.11,19.25,261.03,156.53,79.53,0.0,871.53
5.6196,0.0,0.0,0.0,0.0,0.0,0.0,0.0,0.0,8.69,9.35,0.0,317.46,19.25,261.03,162.36,81.95,0.0,860.09
5.6296,0.0,0.0,0.0,0.0,0.0,0.0,0.0,0.0,6.93,6.93,0.0,301.62,16.5,263.89,171.27,86.9,0.0,854.04
5.6396,0.0,0.0,0.0,0.0,0.0,0.0,0.0,0.0,5.17,6.93,0.0,282.7,16.5,263.89,177.21,91.74,0.0,844.14
5.6496,0.0,0.0,0.0,0.0,0.0,0.0,0.0,0.0,5.17,4.62,0.0,261.8,16.5,266.64,183.15,96.69,0.0,834.57
5.6596,9.24,0.0,0.0,0.0,0.0,0.0,0.0,0.0,5.17,4.62,0.0,241.45,13.75,266.64,189.09,101.53,9.24,822.25
5.6696,32.45,3.85,0.0,0.0,0.0,0.0,0.0,0.0,3.41,0.0,0.0,220.77,11.0,266.64,192.06,106.48,36.3,800.36
5.6796,135.52,25.3,0.0,0.0,0.0,0.0,0.0,0.0,3.41,0.0,0.0,195.14,8.25,263.89,195.14,113.85,160.82,779.68
5.6896,238.92,50.6,12.1,0.0,0.0,0.0,0.0,0.0,3.41,0.0,0.0,169.62,5.5,261.03,198.11,120.45,301.62,758.12
5.6996,228.58,67.54,26.62,3.41,0.0,0.0,0.0,0.0,0.0,0.0,0.0,137.94,0.0,252.67,201.08,127.16,326.15,718.85
5.7096,228.58,91.74,38.72,8.58,0.0,0.0,0.0,0.0,0.0,0.0,0.0,100.21,0.0,238.7,201.08,133.87,367.62,673.86
5.7196,228.58,113.85,48.4,18.92,0.0,0.0,0.0,0.0,0.0,0.0,0.0,65.67,0.0,213.84,204.05,140.58,409.75,624.14
5.7296,231.11,132.66,55.77,25.85,0.0,3.85,0.0,0.0,0.0,0.0,0.0,36.74,0.0,178.86,201.08,145.09,449.24,561.77
5.7396,231.11,145.2,60.39,32.67,0.0,7.81,0.0,0.0,0.0,0.0,0.0,25.41,0.0,132.77,192.06,147.29,477.18,497.53
5.7496,231.11,155.65,65.12,44.77,0.0,15.62,0.0,3.52,0.0,0.0,0.0,19.8,0.0,78.32,165.33,138.38,515.79,401.83
5.7596,241.45,170.61,74.58,51.7,0.0,27.28,2.97,7.04,0.0,0.0,0.0,16.94,5.5,47.52,121.77,124.96,575.63,316.69
5.7696,257.07,184.25,84.04,55.11,0.0,41.03,7.59,10.56,0.0,0.0,0.0,14.08,0.0,33.22,74.36,111.32,639.65,232.98
5.7796,272.58,200.09,95.81,60.83,0.0,50.71,18.26,14.08,0.0,0.0,0.0,11.22,0.0,21.34,48.73,89.32,712.36,170.61
5.7896,287.98,211.42,105.27,65.23,4.18,58.63,30.47,17.6,0.0,0.0,0.0,5.61,0.0,16.61,35.97,55.11,780.78,113.3
5.7996,298.21,220.55,114.84,67.43,8.47,65.34,38.17,21.12,0.0,0.0,0.0,5.61,0.0,9.46,25.63,29.59,834.13,70.29
5.8096,300.85,224.95,117.37,71.83,12.65,72.05,44.22,22.88,0.0,0.0,0.0,0.0,0.0,7.04,17.93,4.18,866.8,29.15
5.8196,300.85,227.15,119.79,76.23,14.74,78.76,48.84,24.64,0.0,0.0,0.0,0.0,0.0,4.73,10.23,0.0,891.0,14.96
5.8296,295.68,224.95,119.79,82.83,16.94,83.27,53.46,26.4,0.0,0.0,0.0,0.0,0.0,0.0,10.23,0.0,903.32,10.23
5.8396,287.98,222.75,119.79,87.34,19.03,89.98,58.3,26.4,0.0,0.0,0.0,0.0,0.0,0.0,7.7,0.0,911.57,7.7
5.8496,277.86,215.93,114.84,93.94,21.12,96.69,65.56,28.27,0.0,0.0,0.0,0.0,0.0,0.0,7.7,0.0,914.21,7.7
5.8596,264.88,209.11,112.42,98.34,23.21,101.2,70.95,30.03,0.0,0.0,0.0,0.0,0.0,0.0,5.06,0.0,910.14,5.06
5.8696,251.9,200.09,110.0,102.74,25.41,105.6,78.21,31.79,0.0,0.0,0.0,0.0,0.0,0.0,5.06,0.0,905.74,5.06
5.8796,238.92,190.96,107.69,104.94,27.5,112.42,81.84,31.79,0.0,0.0,0.0,0.0,0.0,0.0,0.0,0.0,896.06,0.0
5.8896,225.94,179.63,102.96,109.34,29.59,116.6,87.23,33.55,0.0,0.0,0.0,0.0,0.0,0.0,0.0,0.0,884.84,0.0
5.8996,216.04,168.3,98.23,111.54,31.68,118.69,92.73,33.55,0.0,0.0,0.0,0.0,0.0,0.0,0.0,0.0,870.76,0.0
5.9096,203.94,157.74,93.5,113.85,33.88,120.78,96.36,35.31,0.0,0.0,0.0,0.0,0.0,0.0,0.0,0.0,855.36,0.0
5.9196,191.73,149.38,88.77,116.05,33.88,122.98,98.12,35.31,0.0,0.0,0.0,0.0,0.0,0.0,0.0,0.0,836.22,0.0
5.9296,179.63,138.93,81.73,118.25,35.97,125.07,101.75,37.07,0.0,0.0,0.0,0.0,0.0,0.0,0.0,0.0,818.4,0.0
5.9396,167.53,130.57,77.0,122.76,35.97,129.25,105.38,37.07,0.0,0.0,0.0,0.0,0.0,0.0,0.0,0.0,805.53,0.0
5.9496,157.63,120.12,72.27,124.96,38.06,131.45,107.25,37.07,0.0,0.0,0.0,0.0,0.0,0.0,0.0,0.0,788.81,0.0
5.9596,147.84,111.54,67.54,127.27,38.06,133.54,109.01,38.83,0.0,0.0,0.0,0.0,0.0,0.0,0.0,0.0,773.63,0.0
5.9696,135.52,102.74,62.81,131.67,38.06,137.72,112.64,38.83,0.0,0.0,0.0,0.0,0.0,0.0,0.0,0.0,759.99,0.0
5.9796,125.73,96.14,58.08,133.98,40.15,139.92,114.51,40.59,0.0,0.0,0.0,0.0,0.0,0.0,0.0,0.0,749.1,0.0
5.9896,118.36,87.34,53.24,138.38,40.15,144.1,118.47,40.59,0.0,0.0,0.0,0.0,0.0,0.0,0.0,0.0,740.63,0.0
5.9996,108.68,80.74,48.4,140.69,40.15,146.19,122.54,42.35,0.0,0.0,0.0,0.0,0.0,0.0,0.0,0.0,729.74,0.0
6.0096,99.88,74.14,45.98,145.09,42.35,150.48,126.5,42.35,0.0,0.0,0.0,0.0,0.0,0.0,0.0,0.0,726.77,0.0
6.0196,93.28,67.54,43.56,147.4,42.35,154.66,130.57,44.11,0.0,0.0,0.0,0.0,0.0,0.0,0.0,0.0,723.47,0.0
6.0296,84.48,60.94,41.14,149.6,44.44,158.95,136.62,45.87,0.0,0.0,0.0,0.0,0.0,0.0,0.0,0.0,722.04,0.0
6.0396,77.77,54.56,36.3,151.8,44.44,163.13,142.67,45.87,0.0,0.0,0.0,0.0,0.0,0.0,0.0,0.0,716.54,0.0
6.0496,68.97,50.6,31.46,154.11,44.44,165.33,148.72,47.63,0.0,0.0,0.0,0.0,0.0,0.0,0.0,0.0,711.26,0.0
6.0596,62.37,44.77,29.04,156.31,46.53,171.93,156.75,49.39,0.0,0.0,0.0,0.0,0.0,0.0,0.0,0.0,717.09,0.0
6.0696,53.35,40.92,24.2,156.31,46.53,174.13,164.89,51.15,0.0,0.0,0.0,0.0,0.0,0.0,0.0,0.0,711.48,0.0
6.0796,46.42,36.96,21.78,156.31,48.62,178.53,175.12,52.91,0.0,0.0,0.0,0.0,0.0,0.0,0.0,0.0,716.65,0.0
6.0896,37.18,31.13,19.36,156.31,48.62,182.93,185.46,54.67,0.0,0.0,0.0,0.0,0.0,0.0,0.0,0.0,715.66,0.0
6.0996,32.45,27.28,14.52,156.31,50.82,185.13,197.89,56.54,0.0,0.0,0.0,0.0,0.0,0.0,0.0,0.0,720.94,0.0
6.1096,25.52,23.32,14.52,154.11,50.82,187.33,208.23,58.52,0.0,0.0,0.0,0.0,0.0,0.0,0.0,0.0,722.37,0.0
6.1196,20.9,19.47,12.1,151.8,52.91,189.53,220.66,58.52,0.0,0.0,0.0,0.0,0.0,0.0,0.0,0.0,725.89,0.0
6.1296,16.17,13.64,9.68,145.09,52.91,191.73,231.44,60.5,0.0,0.0,0.0,0.0,0.0,0.0,0.0,0.0,721.16,0.0
6.1396,13.86,11.66,7.26,138.38,50.82,191.73,240.24,62.59,0.0,0.0,0.0,0.0,0.0,0.0,0.0,0.0,716.54,0.0
6.1496,11.55,7.7,4.84,131.67,48.62,194.04,249.04,62.59,0.0,0.0,0.0,0.0,0.0,0.0,0.0,0.0,710.05,0.0
6.1596,9.24,7.7,0.0,120.56,44.44,194.04,253.55,64.57,8.69,0.0,0.0,0.0,0.0,0.0,0.0,0.0,694.1,8.69
6.1696,6.93,5.83,0.0,109.34,40.15,196.24,257.95,66.55,26.29,0.0,0.0,0.0,0.0,0.0,0.0,0.0,682.99,26.29
6.1796,6.93,5.83,0.0,96.14,35.97,196.24,257.95,68.64,125.84,21.01,0.0,0.0,0.0,0.0,0.0,0.0,667.7,146.85
6.1896,4.62,3.85,0.0,80.63,29.59,194.04,257.95,70.62,189.2,42.13,7.15,0.0,0.0,0.0,0.0,0.0,641.3,238.48
6.1996,0.0,3.85,0.0,60.83,23.21,185.13,255.75,72.6,179.96,63.36,16.72,11.22,0.0,0.0,0.0,0.0,601.37,271.26
6.2096,0.0,0.0,0.0,44.77,16.94,174.13,251.35,76.67,184.58,89.32,26.29,33.88,0.0,0.0,0.0,0.0,563.86,334.07
6.2196,0.0,0.0,0.0,31.02,10.56,158.95,244.64,78.65,191.51,108.24,33.44,59.4,0.0,0.0,0.0,0.0,523.82,392.59
6.2296,0.0,0.0,0.0,20.68,6.27,135.63,235.84,80.74,193.82,120.56,35.86,81.29,0.0,9.46,5.06,0.0,479.16,446.05
6.2396,0.0,0.0,0.0,13.75,4.18,105.6,222.75,82.72,184.58,125.51,38.28,93.94,0.0,26.07,5.06,0.0,429.0,473.44
6.2496,0.0,0.0,0.0,11.99,4.18,72.05,199.98,80.74,184.58,130.57,38.28,103.29,0.0,42.68,7.7,0.0,368.94,507.1
6.2596,0.0,0.0,0.0,10.34,4.18,42.9,160.82,74.69,186.89,138.05,43.12,109.56,0.0,59.4,15.4,4.18,292.93,556.6
6.2696,0.0,0.0,0.0,6.82,4.18,27.28,112.64,66.55,196.24,145.64,47.85,115.94,0.0,70.18,20.46,8.47,217.47,604.78
6.2796,0.0,0.0,0.0,5.17,4.18,21.45,67.32,54.67,207.79,153.12,52.69,122.21,0.0,78.32,33.33,10.56,152.79,658.02
6.2896,0.0,0.0,0.0,3.41,0.0,15.62,42.68,42.35,221.65,163.13,60.5,128.48,5.5,83.82,41.03,14.74,104.06,718.85
6.2996,0.0,0.0,0.0,0.0,0.0,11.66,30.47,30.03,231.44,170.61,66.0,131.67,8.25,91.96,51.37,16.94,72.16,768.24
6.3096,0.0,0.0,0.0,0.0,0.0,7.81,25.96,19.36,236.28,175.45,68.75,141.13,8.25,97.35,56.54,19.03,53.13,802.78
6.3196,0.0,0.0,0.0,0.0,0.0,5.83,19.8,14.08,238.81,180.29,71.39,150.59,11.0,102.74,59.51,21.12,39.71,835.45
6.3296,0.0,0.0,0.0,0.0,0.0,5.83,15.18,7.04,233.86,185.13,71.39,160.05,11.0,108.24,62.48,23.21,28.05,855.36
6.3396,0.0,0.0,0.0,0.0,0.0,3.85,10.67,0.0,231.44,185.13,71.39,169.62,11.0,116.38,65.45,25.41,14.52,875.82
6.3496,0.0,0.0,0.0,0.0,0.0,3.85,9.13,0.0,226.49,185.13,71.39,176.0,13.75,121.88,71.39,25.41,12.98,891.44
6.3596,0.0,0.0,0.0,0.0,0.0,0.0,9.13,0.0,219.34,185.13,71.39,182.38,13.75,127.27,77.33,27.5,9.13,904.09
6.3696,0.0,0.0,0.0,0.0,0.0,0.0,7.59,0.0,214.72,180.29,71.39,188.76,16.5,132.77,83.27,29.59,7.59,917.29
6.3796,0.0,0.0,0.0,0.0,0.0,0.0,6.05,0.0,205.48,175.45,68.75,191.95,16.5,138.16,86.35,29.59,6.05,912.23
6.3896,0.0,0.0,0.0,0.0,0.0,0.0,4.51,0.0,196.24,168.19,68.75,195.14,19.25,140.91,92.29,31.79,4.51,912.56
6.3996,0.0,0.0,0.0,0.0,0.0,0.0,2.97,0.0,184.58,160.6,66.0,198.44,19.25,146.3,95.26,31.79,2.97,902.22
6.4096,0.0,0.0,0.0,0.0,0.0,0.0,2.97,0.0,173.03,153.12,66.0,201.63,19.25,151.8,98.23,33.88,2.97,896.94
6.4196,0.0,0.0,0.0,0.0,0.0,0.0,0.0,0.0,163.9,145.64,63.25,204.82,19.25,154.55,101.2,35.97,0.0,888.58
6.4295,0.0,0.0,0.0,0.0,0.0,0.0,0.0,0.0,155.43,138.05,60.5,204.82,22.0,159.94,107.14,35.97,0.0,883.85
6.4395,0.0,0.0,0.0,0.0,0.0,0.0,0.0,0.0,144.87,130.57,57.75,208.01,22.0,162.69,110.22,35.97,0.0,872.08
6.4495,0.0,0.0,0.0,0.0,0.0,0.0,0.0,0.0,136.4,120.56,57.75,208.01,22.0,168.19,113.08,38.06,0.0,864.05
6.4595,0.0,0.0,0.0,0.0,0.0,0.0,0.0,0.0,130.02,115.5,55.11,211.2,24.75,170.83,118.91,38.06,0.0,864.38
6.4695,0.0,0.0,0.0,0.0,0.0,0.0,0.0,0.0,121.55,108.24,52.69,211.2,24.75,176.22,124.63,40.26,0.0,859.54
6.4795,0.0,0.0,0.0,0.0,0.0,0.0,0.0,0.0,113.3,103.51,52.69,211.2,24.75,181.61,127.6,42.35,0.0,857.01
6.4895,0.0,0.0,0.0,0.0,0.0,0.0,0.0,0.0,107.58,96.47,50.27,214.39,27.5,187.0,133.32,44.44,0.0,860.97
6.4995,0.0,0.0,0.0,0.0,0.0,0.0,0.0,0.0,101.86,91.74,47.85,217.58,27.5,189.64,139.15,44.44,0.0,859.76
6.5095,0.0,0.0,0.0,0.0,0.0,0.0,0.0,0.0,94.16,84.59,45.43,220.77,27.5,195.03,142.12,46.53,0.0,856.13
6.5195,0.0,0.0,0.0,0.0,0.0,0.0,0.0,0.0,86.57,79.86,43.12,220.77,30.25,200.42,147.84,50.82,0.0,859.65
6.5295,0.0,0.0,0.0,0.0,0.0,0.0,0.0,0.0,78.98,72.82,43.12,224.07,30.25,205.81,153.67,52.91,0.0,861.63
6.5395,0.0,0.0,0.0,0.0,0.0,0.0,0.0,0.0,71.28,68.09,38.28,226.93,30.25,211.2,162.36,55.11,0.0,863.5
6.5495,0.0,0.0,0.0,0.0,0.0,0.0,0.0,0.0,63.69,60.94,35.86,226.93,33.0,216.59,168.3,57.53,0.0,862.84
6.5595,0.0,0.0,0.0,0.0,0.0,0.0,0.0,0.0,56.21,56.21,33.44,226.93,33.0,221.98,177.21,62.37,0.0,867.35
6.5695,0.0,0.0,0.0,0.0,0.0,0.0,0.0,0.0,49.17,49.17,31.13,226.93,33.0,227.48,186.12,64.9,0.0,867.9
6.5795,0.0,0.0,0.0,0.0,0.0,0.0,0.0,0.0,42.13,44.55,28.71,226.93,33.0,233.09,192.06,67.32,0.0,867.79
6.5895,0.0,0.0,0.0,0.0,0.0,0.0,0.0,0.0,35.09,37.51,26.29,226.93,35.75,238.7,201.08,69.74,0.0,871.09
6.5995,0.0,0.0,0.0,0.0,0.0,0.0,0.0,0.0,26.29,32.78,21.56,224.07,35.75,241.45,212.96,74.69,0.0,869.55
6.6095,0.0,0.0,0.0,0.0,0.0,0.0,0.0,0.0,21.01,25.74,16.72,220.77,35.75,247.06,221.98,77.11,0.0,866.14
6.6195,0.0,0.0,0.0,0.0,0.0,0.0,0.0,0.0,17.49,18.7,11.88,214.39,35.75,249.92,230.45,81.95,0.0,860.53
6.6295,0.0,0.0,0.0,0.0,0.0,0.0,0.0,0.0,13.97,11.66,9.57,204.82,35.75,252.67,241.67,84.48,0.0,854.59
6.6395,4.62,0.0,0.0,0.0,0.0,0.0,0.0,0.0,10.45,9.35,7.15,191.95,35.75,252.67,250.14,89.32,4.62,846.78
6.6495,6.93,0.0,0.0,0.0,0.0,0.0,0.0,0.0,8.69,6.93,4.73,179.19,33.0,252.67,258.72,91.74,6.93,835.67
6.6595,11.55,0.0,0.0,0.0,0.0,0.0,0.0,0.0,6.93,4.62,0.0,163.24,33.0,252.67,267.19,96.69,11.55,824.34
6.6695,20.9,3.85,0.0,0.0,0.0,0.0,0.0,0.0,6.93,0.0,0.0,144.32,27.5,252.67,269.94,99.11,24.75,800.47
6.6795,62.37,11.66,0.0,0.0,0.0,0.0,0.0,0.0,5.17,0.0,0.0,125.4,24.75,249.92,272.8,104.06,74.03,782.1
6.6895,191.73,46.75,9.68,0.0,0.0,0.0,0.0,0.0,5.17,0.0,0.0,103.29,19.25,241.45,272.8,108.9,248.16,750.86
6.6995,231.11,74.14,24.2,3.41,0.0,0.0,0.0,0.0,3.41,0.0,0.0,81.29,13.75,233.09,272.8,113.85,332.86,718.19
6.7095,228.58,102.74,38.72,18.92,0.0,0.0,0.0,0.0,3.41,0.0,0.0,56.54,8.25,216.59,269.94,116.05,388.96,670.78
6.7195,231.11,128.48,53.24,25.85,0.0,7.81,0.0,0.0,0.0,0.0,0.0,36.74,0.0,189.64,264.33,120.45,446.49,611.16
6.7295,231.11,147.29,58.08,37.84,0.0,11.66,0.0,0.0,0.0,0.0,0.0,19.8,0.0,149.05,258.72,124.96,485.98,552.53
6.7395,233.75,159.83,62.81,48.18,0.0,23.43,0.0,3.52,0.0,0.0,0.0,14.08,0.0,94.6,244.53,124.96,531.52,478.17
6.7495,231.11,168.3,67.54,55.11,0.0,37.07,2.97,8.8,0.0,0.0,0.0,11.22,0.0,52.25,209.99,116.05,570.9,389.51
6.7595,236.28,179.63,74.58,63.03,0.0,52.69,10.67,12.32,0.0,0.0,0.0,8.47,0.0,30.8,153.67,101.53,629.2,294.47
6.7695,246.73,193.27,81.73,69.63,0.0,63.03,18.26,15.84,0.0,0.0,0.0,5.61,0.0,23.65,92.29,81.95,688.49,203.5
6.7795,257.07,202.4,91.08,71.83,4.18,72.05,30.47,17.6,0.0,0.0,0.0,5.61,0.0,18.92,56.54,64.9,746.68,145.97
6.7895,270.05,211.42,100.54,76.23,8.47,80.96,41.25,22.88,0.0,0.0,0.0,0.0,0.0,14.19,38.5,38.06,811.8,90.75
6.7995,277.86,218.24,107.69,78.43,10.56,87.67,48.84,24.64,0.0,0.0,0.0,0.0,0.0,9.46,25.63,16.94,853.93,52.03
6.8095,280.39,218.24,112.42,82.83,14.74,92.18,55.0,26.4,0.0,0.0,0.0,0.0,0.0,7.04,17.93,4.18,882.2,29.15
6.8195,275.22,220.55,112.42,87.34,16.94,98.89,61.93,28.27,0.0,0.0,0.0,0.0,0.0,4.73,12.76,0.0,901.56,17.49
6.8295,270.05,215.93,112.42,91.74,19.03,105.6,65.56,30.03,0.0,0.0,0.0,0.0,0.0,0.0,10.23,0.0,910.36,10.23
6.8395,259.6,209.11,107.69,96.14,21.12,110.11,70.95,30.03,0.0,0.0,0.0,0.0,0.0,0.0,10.23,0.0,904.75,10.23
6.8495,249.26,202.4,105.27,100.54,21.12,112.42,74.58,31.79,0.0,0.0,0.0,0.0,0.0,0.0,7.7,0.0,897.38,7.7
6.8595,238.92,193.27,100.54,102.74,23.21,116.6,78.21,31.79,0.0,0.0,0.0,0.0,0.0,0.0,5.06,0.0,885.28,5.06
6.8695,225.94,184.25,98.23,104.94,23.21,120.78,81.84,33.55,0.0,0.0,0.0,0.0,0.0,0.0,5.06,0.0,872.74,5.06
6.8795,216.04,172.81,93.5,107.14,25.41,120.78,85.47,33.55,0.0,0.0,0.0,0.0,0.0,0.0,0.0,0.0,854.7,0.0
6.8895,206.36,161.92,88.77,109.34,27.5,122.98,89.1,35.31,0.0,0.0,0.0,0.0,0.0,0.0,0.0,0.0,841.28,0.0
6.8995,194.15,153.56,84.04,109.34,27.5,125.07,90.86,37.07,0.0,0.0,0.0,0.0,0.0,0.0,0.0,0.0,821.59,0.0
6.9095,182.05,143.11,79.31,113.85,27.5,127.16,92.73,37.07,0.0,0.0,0.0,0.0,0.0,0.0,0.0,0.0,802.78,0.0
6.9195,167.53,130.57,72.27,118.25,29.59,131.45,94.49,38.83,0.0,0.0,0.0,0.0,0.0,0.0,0.0,0.0,782.98,0.0
6.9295,155.21,120.12,67.54,122.76,29.59,133.54,96.36,38.83,0.0,0.0,0.0,0.0,0.0,0.0,0.0,0.0,763.95,0.0
6.9395,142.89,111.54,60.39,127.27,29.59,137.72,98.12,38.83,0.0,0.0,0.0,0.0,0.0,0.0,0.0,0.0,746.35,0.0
6.9495,130.57,100.54,55.77,131.67,31.68,142.01,101.75,40.59,0.0,0.0,0.0,0.0,0.0,0.0,0.0,0.0,734.58,0.0
6.9595,118.36,91.74,50.82,138.38,31.68,146.19,103.62,42.35,0.0,0.0,0.0,0.0,0.0,0.0,0.0,0.0,723.14,0.0
6.9695,106.48,82.94,45.98,145.09,31.68,150.48,107.25,44.11,0.0,0.0,0.0,0.0,0.0,0.0,0.0,0.0,714.01,0.0
6.9795,95.48,74.14,41.14,151.8,33.88,156.86,110.88,44.11,0.0,0.0,0.0,0.0,0.0,0.0,0.0,0.0,708.29,0.0
6.9895,86.68,65.34,36.3,158.51,33.88,161.04,112.64,45.87,0.0,0.0,0.0,0.0,0.0,0.0,0.0,0.0,700.26,0.0
6.9995,77.77,58.74,31.46,163.02,33.88,165.33,118.47,47.63,0.0,0.0,0.0,0.0,0.0,0.0,0.0,0.0,696.3,0.0
7.0095,66.77,52.58,26.62,169.95,33.88,171.93,122.54,49.39,0.0,0.0,0.0,0.0,0.0,0.0,0.0,0.0,693.66,0.0
7.0195,57.97,46.75,21.78,174.68,33.88,176.33,126.5,51.15,0.0,0.0,0.0,0.0,0.0,0.0,0.0,0.0,689.04,0.0
7.0295,46.42,40.92,19.36,179.41,33.88,182.93,132.55,52.91,0.0,0.0,0.0,0.0,0.0,0.0,0.0,0.0,688.38,0.0
7.0395,37.18,35.09,16.94,181.83,35.97,185.13,140.69,52.91,0.0,0.0,0.0,0.0,0.0,0.0,0.0,0.0,685.74,0.0
7.0495,30.14,29.15,14.52,184.14,35.97,189.53,146.74,54.67,0.0,0.0,0.0,0.0,0.0,0.0,0.0,0.0,684.86,0.0
7.0595,25.52,25.3,12.1,186.56,38.06,194.04,154.77,56.54,0.0,0.0,0.0,0.0,0.0,0.0,0.0,0.0,692.89,0.0
7.0695,20.9,21.34,12.1,188.87,38.06,198.44,160.82,58.52,0.0,0.0,0.0,0.0,0.0,0.0,0.0,0.0,699.05,0.0
7.0795,18.59,17.49,9.68,186.56,38.06,200.64,168.96,60.5,0.0,0.0,0.0,0.0,0.0,0.0,0.0,0.0,700.48,0.0
7.0895,13.86,13.64,7.26,186.56,38.06,205.04,175.12,62.59,0.0,0.0,0.0,0.0,0.0,0.0,0.0,0.0,702.13,0.0
7.0995,13.86,11.66,7.26,184.14,38.06,207.24,181.28,64.57,0.0,0.0,0.0,0.0,0.0,0.0,0.0,0.0,708.07,0.0
7.1095,11.55,9.68,4.84,179.41,35.97,209.44,187.55,68.64,0.0,0.0,0.0,0.0,0.0,0.0,0.0,0.0,707.08,0.0
7.1195,9.24,7.7,0.0,169.95,33.88,211.64,193.71,70.62,0.0,0.0,0.0,0.0,0.0,0.0,0.0,0.0,696.74,0.0
7.1295,6.93,5.83,0.0,160.82,33.88,213.84,199.98,72.6,0.0,0.0,0.0,0.0,0.0,0.0,0.0,0.0,693.88,0.0
7.1395,6.93,5.83,0.0,147.4,29.59,213.84,204.05,76.67,0.0,0.0,0.0,0.0,0.0,0.0,0.0,0.0,684.31,0.0
7.1495,4.62,5.83,0.0,131.67,25.41,213.84,206.14,80.74,0.0,0.0,0.0,0.0,0.0,0.0,0.0,0.0,668.25,0.0
7.1595,4.62,3.85,0.0,116.05,21.12,213.84,206.14,86.79,0.0,0.0,0.0,0.0,0.0,0.0,0.0,0.0,652.41,0.0
7.1695,4.62,3.85,0.0,102.74,16.94,213.84,206.14,90.86,0.0,0.0,0.0,0.0,0.0,0.0,0.0,0.0,638.99,0.0
7.1795,0.0,3.85,0.0,87.34,14.74,211.64,204.05,94.82,0.0,0.0,0.0,0.0,0.0,0.0,0.0,0.0,616.44,0.0
7.1895,0.0,0.0,0.0,71.83,10.56,207.24,199.98,98.89,13.97,0.0,0.0,0.0,0.0,0.0,0.0,0.0,588.5,13.97
7.1995,0.0,0.0,0.0,56.87,8.47,202.84,197.89,102.96,61.71,11.66,0.0,0.0,0.0,0.0,0.0,0.0,569.03,73.37
7.2095,0.0,0.0,0.0,43.01,6.27,191.73,195.8,104.94,241.23,44.55,7.15,0.0,0.0,0.0,0.0,0.0,541.75,292.93
7.2195,0.0,0.0,0.0,31.02,4.18,171.93,189.64,109.01,231.44,65.67,16.72,8.47,0.0,0.0,0.0,0.0,505.78,322.3
7.2295,0.0,0.0,0.0,20.68,4.18,146.19,181.28,106.92,228.91,105.93,33.44,31.02,0.0,0.0,0.0,0.0,459.25,399.3
7.2395,0.0,0.0,0.0,17.16,4.18,112.42,166.87,104.94,228.91,125.51,45.43,65.67,0.0,0.0,0.0,0.0,405.57,465.52
7.2495,0.0,0.0,0.0,15.51,6.27,74.25,134.64,98.89,241.23,148.06,52.69,93.94,0.0,14.19,5.06,0.0,329.56,555.17
7.2595,0.0,0.0,0.0,11.99,6.27,46.86,89.1,90.86,236.28,155.65,55.11,115.94,0.0,35.64,7.7,0.0,245.08,606.32
7.2695,0.0,0.0,0.0,10.34,0.0,31.24,50.38,78.65,233.86,165.66,63.25,131.67,0.0,64.79,12.76,4.18,170.61,676.17
7.2795,0.0,0.0,0.0,6.82,0.0,21.45,35.09,56.54,241.23,175.45,71.39,141.13,0.0,81.07,28.27,10.56,119.9,749.1
7.2895,0.0,0.0,0.0,3.41,0.0,15.62,28.93,38.83,251.13,182.71,79.64,147.51,0.0,91.96,41.03,14.74,86.79,808.72
7.2995,0.0,0.0,0.0,0.0,0.0,11.66,22.88,24.64,260.92,189.97,87.78,153.78,8.25,102.74,53.9,19.03,59.18,876.37
7.3095,0.0,0.0,0.0,0.0,0.0,7.81,18.26,19.36,268.4,192.39,93.28,160.05,11.0,110.99,65.45,23.21,45.43,924.77
7.3195,0.0,0.0,0.0,0.0,0.0,5.83,13.75,8.8,268.4,192.39,96.03,163.24,11.0,119.13,74.36,25.41,28.38,949.96
7.3295,0.0,0.0,0.0,0.0,0.0,3.85,7.59,3.52,263.45,189.97,96.03,166.43,13.75,124.52,80.3,27.5,14.96,961.95
7.3395,0.0,0.0,0.0,0.0,0.0,3.85,6.05,0.0,253.55,187.55,93.28,172.81,13.75,130.02,86.35,29.59,9.9,966.9
7.3495,0.0,0.0,0.0,0.0,0.0,0.0,6.05,0.0,238.81,182.71,90.53,179.19,16.5,135.41,92.29,31.79,6.05,967.23
7.3595,0.0,0.0,0.0,0.0,0.0,0.0,4.51,0.0,226.49,175.45,90.53,185.57,16.5,140.91,98.23,33.88,4.51,967.56
7.3695,0.0,0.0,0.0,0.0,0.0,0.0,0.0,0.0,212.41,168.19,87.78,191.95,19.25,149.05,107.14,35.97,0.0,971.74
7.3795,0.0,0.0,0.0,0.0,0.0,0.0,0.0,0.0,198.55,160.6,82.39,195.14,22.0,154.55,110.22,35.97,0.0,959.42
7.3895,0.0,0.0,0.0,0.0,0.0,0.0,0.0,0.0,184.58,150.59,79.64,201.63,22.0,159.94,115.94,38.06,0.0,952.38
7.3995,0.0,0.0,0.0,0.0,0.0,0.0,0.0,0.0,168.41,140.58,74.14,208.01,24.75,165.44,121.77,40.26,0.0,943.36
7.4095,0.0,0.0,0.0,0.0,0.0,0.0,0.0,0.0,151.25,130.57,68.75,214.39,24.75,170.83,124.63,42.35,0.0,927.52
7.4195,0.0,0.0,0.0,0.0,0.0,0.0,0.0,0.0,134.31,118.03,63.25,217.58,24.75,176.22,130.46,42.35,0.0,906.95
7.4295,0.0,0.0,0.0,0.0,0.0,0.0,0.0,0.0,119.46,105.93,55.11,224.07,27.5,181.61,133.32,44.44,0.0,891.44
7.4395,0.0,0.0,0.0,0.0,0.0,0.0,0.0,0.0,105.71,96.47,50.27,226.93,27.5,187.0,139.15,46.53,0.0,879.56
7.4495,0.0,0.0,0.0,0.0,0.0,0.0,0.0,0.0,92.29,87.01,45.43,229.79,27.5,189.64,142.12,48.73,0.0,862.51
7.4595,0.0,0.0,0.0,0.0,0.0,0.0,0.0,0.0,80.85,77.55,40.7,232.76,27.5,195.03,144.98,50.82,0.0,850.19
7.4695,0.0,0.0,0.0,0.0,0.0,0.0,0.0,0.0,69.41,68.09,38.28,235.62,27.5,200.42,147.84,55.11,0.0,842.27
7.4795,0.0,0.0,0.0,0.0,0.0,0.0,0.0,0.0,57.97,60.94,33.44,235.62,27.5,203.06,150.81,57.53,0.0,826.87
7.4895,0.0,0.0,0.0,0.0,0.0,0.0,0.0,0.0,49.17,53.9,28.71,238.59,27.5,208.45,153.67,59.95,0.0,819.94
7.4995,0.0,0.0,0.0,0.0,0.0,0.0,0.0,0.0,42.13,49.17,23.87,241.45,27.5,211.2,156.53,62.37,0.0,814.22
7.5095,0.0,0.0,0.0,0.0,0.0,0.0,0.0,0.0,35.09,42.13,21.56,241.45,27.5,216.59,162.36,64.9,0.0,811.58
7.5195,0.0,0.0,0.0,0.0,0.0,0.0,0.0,0.0,28.05,37.51,16.72,244.42,24.75,219.23,165.33,69.74,0.0,805.75
7.5295,0.0,0.0,0.0,0.0,0.0,0.0,0.0,0.0,22.77,32.78,11.88,244.42,24.75,224.73,171.27,72.16,0.0,804.76
7.5395,0.0,0.0,0.0,0.0,0.0,0.0,0.0,0.0,19.25,25.74,9.57,241.45,24.75,227.48,174.24,74.69,0.0,797.17
7.5495,0.0,0.0,0.0,0.0,0.0,0.0,0.0,0.0,15.73,18.7,7.15,241.45,24.75,230.34,180.18,79.53,0.0,797.83
7.5595,0.0,0.0,0.0,0.0,0.0,0.0,0.0,0.0,13.97,13.97,7.15,241.45,24.75,235.95,186.12,81.95,0.0,805.31
7.5695,0.0,0.0,0.0,0.0,0.0,0.0,0.0,0.0,12.21,11.66,4.73,238.59,24.75,238.7,192.06,84.48,0.0,807.18
7.5795,0.0,0.0,0.0,0.0,0.0,0.0,0.0,0.0,10.45,11.66,4.73,232.76,24.75,244.31,198.11,89.32,0.0,816.09
7.5895,0.0,0.0,0.0,0.0,0.0,0.0,0.0,0.0,8.69,9.35,4.73,229.79,24.75,247.06,207.02,94.27,0.0,825.66
7.5995,0.0,0.0,0.0,0.0,0.0,0.0,0.0,0.0,8.69,6.93,0.0,224.07,24.75,252.67,212.96,96.69,0.0,826.76
7.6095,0.0,0.0,0.0,0.0,0.0,0.0,0.0,0.0,6.93,4.62,0.0,220.77,22.0,255.42,218.9,101.53,0.0,830.17
7.6195,0.0,0.0,0.0,0.0,0.0,0.0,0.0,0.0,6.93,4.62,0.0,211.2,22.0,258.28,224.73,104.06,0.0,831.82
7.6295,0.0,0.0,0.0,0.0,0.0,0.0,0.0,0.0,5.17,4.62,0.0,204.82,22.0,261.03,227.59,108.9,0.0,834.13
7.6395,0.0,0.0,0.0,0.0,0.0,0.0,0.0,0.0,5.17,0.0,0.0,191.95,19.25,261.03,230.45,111.32,0.0,819.17
7.6495,0.0,0.0,0.0,0.0,0.0,0.0,0.0,0.0,5.17,0.0,0.0,179.19,16.5,261.03,233.2,116.05,0.0,811.14
7.6595,0.0,0.0,0.0,0.0,0.0,0.0,0.0,0.0,3.41,0.0,0.0,163.24,13.75,261.03,236.06,120.45,0.0,797.94
7.6695,4.62,0.0,0.0,0.0,0.0,0.0,0.0,0.0,3.41,0.0,0.0,147.51,11.0,261.03,236.06,124.96,4.62,783.97
7.6795,13.86,0.0,0.0,0.0,0.0,0.0,0.0,0.0,3.41,0.0,0.0,131.67,8.25,261.03,233.2,129.47,13.86,767.03
7.6895,60.17,9.68,0.0,0.0,0.0,0.0,0.0,0.0,0.0,0.0,0.0,112.75,5.5,258.28,233.2,133.87,69.85,743.6
7.6995,220.88,46.75,4.84,0.0,0.0,0.0,0.0,0.0,0.0,0.0,0.0,97.02,0.0,252.67,230.45,138.38,272.47,718.52
7.7095,246.73,67.54,19.36,3.41,0.0,0.0,0.0,0.0,0.0,0.0,0.0,75.02,0.0,244.31,230.45,145.09,337.04,694.87
7.7195,236.28,96.14,36.3,11.99,0.0,0.0,0.0,0.0,0.0,0.0,0.0,50.82,0.0,224.73,227.59,149.6,380.71,652.74
7.7295,233.75,124.3,48.4,22.33,0.0,3.85,0.0,0.0,0.0,0.0,0.0,31.02,0.0,192.39,221.98,154.0,432.63,599.39
7.7395,236.28,147.29,58.08,32.67,0.0,7.81,0.0,0.0,0.0,0.0,0.0,22.55,0.0,149.05,212.96,154.0,482.13,538.56
7.7495,238.92,164.01,62.81,48.18,0.0,11.66,0.0,0.0,0.0,0.0,0.0,16.94,5.5,91.96,195.14,145.09,525.58,454.63
7.7595,236.28,172.81,67.54,58.63,0.0,25.3,0.0,5.28,0.0,0.0,0.0,14.08,5.5,56.98,153.67,131.67,565.84,361.9
7.7695,241.45,184.25,77.0,67.43,0.0,42.9,6.05,10.56,0.0,0.0,0.0,11.22,5.5,37.95,98.23,118.25,629.64,271.15
7.7795,254.43,200.09,86.35,76.23,0.0,58.63,15.18,14.08,0.0,0.0,0.0,8.47,5.5,26.07,62.48,99.11,704.99,201.63
7.7895,264.88,209.11,95.81,82.83,4.18,69.74,28.93,17.6,0.0,0.0,0.0,5.61,0.0,18.92,46.2,69.74,773.08,140.47
7.7995,275.22,215.93,105.27,85.03,10.56,80.96,42.68,21.12,0.0,0.0,0.0,0.0,0.0,11.88,33.33,40.26,836.77,85.47
7.8095,277.86,220.55,114.84,91.74,14.74,89.98,53.46,26.4,0.0,0.0,0.0,0.0,0.0,9.46,23.1,12.65,889.57,45.21
7.8195,275.22,218.24,117.37,96.14,21.12,98.89,61.93,28.27,0.0,0.0,0.0,0.0,0.0,4.73,15.4,0.0,917.18,20.13
7.8295,267.41,215.93,117.37,102.74,23.21,107.91,72.82,30.03,0.0,0.0,0.0,0.0,0.0,0.0,12.76,0.0,937.42,12.76
7.8395,254.43,206.91,114.84,107.14,27.5,114.51,81.84,31.79,0.0,0.0,0.0,0.0,0.0,0.0,10.23,0.0,938.96,10.23
7.8495,241.45,195.58,112.42,111.54,29.59,120.78,90.86,33.55,0.0,0.0,0.0,0.0,0.0,0.0,7.7,0.0,935.77,7.7
7.8594,228.58,184.25,107.69,113.85,33.88,127.16,99.99,35.31,0.0,0.0,0.0,0.0,0.0,0.0,7.7,0.0,930.71,7.7
7.8694,213.62,170.61,102.96,116.05,35.97,131.45,109.01,37.07,0.0,0.0,0.0,0.0,0.0,0.0,5.06,0.0,916.74,5.06
7.8794,201.52,157.74,98.23,116.05,38.06,135.63,118.47,40.59,0.0,0.0,0.0,0.0,0.0,0.0,5.06,0.0,906.29,5.06
7.8894,186.89,145.2,93.5,116.05,40.15,137.72,126.5,42.35,0.0,0.0,0.0,0.0,0.0,0.0,0.0,0.0,888.36,0.0
7.8994,174.79,132.66,88.77,116.05,42.35,139.92,136.62,44.11,0.0,0.0,0.0,0.0,0.0,0.0,0.0,0.0,875.27,0.0
7.9094,160.05,120.12,79.31,116.05,44.44,144.1,142.67,47.63,0.0,0.0,0.0,0.0,0.0,0.0,0.0,0.0,854.37,0.0
7.9194,142.89,104.94,72.27,116.05,46.53,146.19,146.74,47.63,0.0,0.0,0.0,0.0,0.0,0.0,0.0,0.0,823.24,0.0
7.9294,125.73,93.94,65.12,116.05,46.53,148.39,152.79,49.39,0.0,0.0,0.0,0.0,0.0,0.0,0.0,0.0,797.94,0.0
7.9394,110.99,80.74,55.77,116.05,46.53,150.48,156.75,51.15,0.0,0.0,0.0,0.0,0.0,0.0,0.0,0.0,768.46,0.0
7.9494,97.68,69.74,48.4,116.05,48.62,152.57,160.82,51.15,0.0,0.0,0.0,0.0,0.0,0.0,0.0,0.0,745.03,0.0
7.9594,84.48,60.94,43.56,116.05,48.62,154.66,164.89,52.91,0.0,0.0,0.0,0.0,0.0,0.0,0.0,0.0,726.11,0.0
7.9694,73.37,50.6,36.3,116.05,48.62,156.86,168.96,52.91,0.0,0.0,0.0,0.0,0.0,0.0,0.0,0.0,703.67,0.0
7.9794,62.37,44.77,31.46,116.05,48.62,158.95,173.03,52.91,0.0,0.0,0.0,0.0,0.0,0.0,0.0,0.0,688.16,0.0
7.9894,51.04,38.94,24.2,116.05,48.62,161.04,175.12,54.67,0.0,0.0,0.0,0.0,0.0,0.0,0.0,0.0,669.68,0.0
7.9994,39.49,31.13,19.36,116.05,46.53,163.13,179.3,54.67,0.0,0.0,0.0,0.0,0.0,0.0,0.0,0.0,649.66,0.0
8.0094,30.14,27.28,14.52,113.85,46.53,163.13,185.46,56.54,0.0,0.0,0.0,0.0,0.0,0.0,0.0,0.0,637.45,0.0
8.0194,25.52,21.34,12.1,111.54,46.53,165.33,191.62,56.54,0.0,0.0,0.0,0.0,0.0,0.0,0.0,0.0,630.52,0.0
8.0294,20.9,17.49,9.68,109.34,44.44,167.53,197.89,58.52,0.0,0.0,0.0,0.0,0.0,0.0,0.0,0.0,625.79,0.0
8.0394,16.17,13.64,7.26,107.14,44.44,167.53,204.05,58.52,0.0,0.0,0.0,0.0,0.0,0.0,0.0,0.0,618.75,0.0
8.0494,13.86,11.66,7.26,104.94,44.44,169.73,214.39,60.5,0.0,0.0,0.0,0.0,0.0,0.0,0.0,0.0,626.78,0.0
8.0594,11.55,9.68,4.84,102.74,44.44,171.93,220.66,60.5,0.0,0.0,0.0,0.0,0.0,0.0,0.0,0.0,626.34,0.0
8.0694,11.55,7.7,4.84,100.54,44.44,174.13,229.24,64.57,0.0,0.0,0.0,0.0,0.0,0.0,0.0,0.0,637.01,0.0
8.0794,9.24,7.7,4.84,98.34,44.44,176.33,235.84,64.57,0.0,0.0,0.0,0.0,0.0,0.0,0.0,0.0,641.3,0.0
8.0894,9.24,5.83,0.0,96.14,44.44,178.53,244.64,66.55,0.0,0.0,0.0,0.0,0.0,0.0,0.0,0.0,645.37,0.0
8.0994,6.93,5.83,0.0,93.94,44.44,180.73,249.04,66.55,0.0,0.0,0.0,0.0,0.0,0.0,0.0,0.0,647.46,0.0
8.1094,6.93,5.83,0.0,91.74,44.44,182.93,257.95,68.64,0.0,0.0,0.0,0.0,0.0,0.0,0.0,0.0,658.46,0.0
8.1194,4.62,3.85,0.0,87.34,42.35,185.13,264.55,70.62,0.0,0.0,0.0,0.0,0.0,0.0,0.0,0.0,658.46,0.0
8.1294,4.62,3.85,0.0,80.63,40.15,185.13,271.15,72.6,0.0,0.0,0.0,0.0,0.0,0.0,0.0,0.0,658.13,0.0
8.1394,4.62,3.85,0.0,74.03,38.06,182.93,277.86,74.69,0.0,0.0,0.0,0.0,0.0,0.0,0.0,0.0,656.04,0.0
8.1494,4.62,3.85,0.0,65.23,35.97,182.93,282.37,78.65,0.0,0.0,0.0,0.0,0.0,0.0,0.0,0.0,653.62,0.0
8.1594,0.0,0.0,0.0,58.63,31.68,182.93,282.37,80.74,0.0,0.0,0.0,0.0,0.0,0.0,0.0,0.0,636.35,0.0
8.1694,0.0,0.0,0.0,51.7,27.5,180.73,282.37,84.81,0.0,0.0,0.0,0.0,0.0,0.0,0.0,0.0,627.11,0.0
8.1794,0.0,0.0,0.0,44.77,23.21,178.53,277.86,88.77,8.69,0.0,0.0,0.0,0.0,0.0,0.0,0.0,613.14,8.69
8.1894,0.0,0.0,0.0,39.6,19.03,176.33,271.15,90.86,40.37,4.62,0.0,0.0,0.0,0.0,0.0,0.0,596.97,44.99
8.1994,0.0,0.0,0.0,34.43,12.65,171.93,260.15,94.82,182.27,37.51,4.73,0.0,0.0,0.0,0.0,0.0,573.98,224.51
8.2094,0.0,0.0,0.0,27.5,8.47,165.33,246.84,96.91,203.17,60.94,16.72,14.08,0.0,0.0,0.0,0.0,545.05,294.91
8.2194,0.0,0.0,0.0,20.68,6.27,150.48,233.64,96.91,203.17,96.47,31.13,50.82,0.0,0.0,5.06,0.0,507.98,386.65
8.2294,0.0,0.0,0.0,15.51,4.18,131.45,220.66,96.91,221.65,123.09,45.43,93.94,0.0,26.07,10.23,0.0,468.71,520.41
8.2394,0.0,0.0,0.0,13.75,4.18,101.2,204.05,94.82,228.91,143.11,52.69,115.94,0.0,49.83,12.76,0.0,418.0,603.24
8.2494,0.0,0.0,0.0,10.34,4.18,67.54,173.03,88.77,219.34,148.06,52.69,128.48,0.0,67.54,17.93,6.27,343.86,640.31
8.2594,0.0,0.0,0.0,8.58,4.18,41.03,130.57,80.74,214.72,150.59,55.11,137.94,0.0,81.07,30.8,10.56,265.1,680.79
8.2694,0.0,0.0,0.0,6.82,4.18,29.26,81.84,70.62,217.03,158.07,60.5,147.51,0.0,91.96,41.03,14.74,192.72,730.84
8.2794,0.0,0.0,0.0,5.17,0.0,19.47,47.3,52.91,221.65,165.66,63.25,156.97,5.5,100.1,48.73,19.03,124.85,780.89
8.2894,0.0,0.0,0.0,0.0,0.0,15.62,33.55,38.83,228.91,173.03,71.39,166.43,8.25,110.99,59.51,23.21,88.0,841.72
8.2994,0.0,0.0,0.0,0.0,0.0,9.68,28.93,24.64,236.28,177.87,76.89,176.0,11.0,121.88,68.42,25.41,63.25,893.75
8.3094,0.0,0.0,0.0,0.0,0.0,7.81,22.88,15.84,236.28,180.29,79.64,185.57,11.0,127.27,77.33,29.59,46.53,926.97
8.3194,0.0,0.0,0.0,0.0,0.0,5.83,16.72,8.8,228.91,180.29,76.89,195.14,13.75,135.41,80.3,31.79,31.35,942.48
8.3294,0.0,0.0,0.0,0.0,0.0,5.83,12.21,3.52,217.03,177.87,76.89,208.01,13.75,143.66,86.35,31.79,21.56,955.35
8.3394,0.0,0.0,0.0,0.0,0.0,3.85,10.67,0.0,207.79,175.45,74.14,220.77,13.75,149.05,89.32,33.88,14.52,964.15
8.3494,0.0,0.0,0.0,0.0,0.0,0.0,9.13,0.0,196.24,170.61,71.39,229.79,16.5,157.19,92.29,35.97,9.13,969.98
8.3594,0.0,0.0,0.0,0.0,0.0,0.0,7.59,0.0,184.58,163.13,68.75,238.59,16.5,165.44,98.23,38.06,7.59,973.28
8.3694,0.0,0.0,0.0,0.0,0.0,0.0,4.51,0.0,170.72,155.65,66.0,244.42,19.25,170.83,104.17,40.26,4.51,971.3
8.3794,0.0,0.0,0.0,0.0,0.0,0.0,2.97,0.0,159.72,145.64,63.25,247.28,19.25,173.47,110.22,42.35,2.97,961.18
8.3894,0.0,0.0,0.0,0.0,0.0,0.0,0.0,0.0,149.16,135.52,60.5,250.14,19.25,178.86,113.08,42.35,0.0,948.86
8.3994,0.0,0.0,0.0,0.0,0.0,0.0,0.0,0.0,136.4,128.04,55.11,253.11,22.0,181.61,115.94,42.35,0.0,934.56
8.4094,0.0,0.0,0.0,0.0,0.0,0.0,0.0,0.0,123.75,118.03,50.27,255.97,22.0,184.25,118.91,42.35,0.0,915.53
8.4194,0.0,0.0,0.0,0.0,0.0,0.0,0.0,0.0,113.3,108.24,47.85,255.97,22.0,187.0,118.91,44.44,0.0,897.71
8.4294,0.0,0.0,0.0,0.0,0.0,0.0,0.0,0.0,101.86,101.2,43.12,258.94,22.0,189.64,121.77,44.44,0.0,882.97
8.4394,0.0,0.0,0.0,0.0,0.0,0.0,0.0,0.0,92.29,91.74,40.7,261.8,22.0,192.39,124.63,46.53,0.0,872.08
8.4494,0.0,0.0,0.0,0.0,0.0,0.0,0.0,0.0,82.72,84.59,38.28,264.77,22.0,195.03,124.63,46.53,0.0,858.55
8.4594,0.0,0.0,0.0,0.0,0.0,0.0,0.0,0.0,75.13,77.55,33.44,267.63,22.0,197.67,124.63,46.53,0.0,844.58
8.4694,0.0,0.0,0.0,0.0,0.0,0.0,0.0,0.0,67.43,70.4,31.13,270.6,22.0,200.42,124.63,48.73,0.0,835.34
8.4794,0.0,0.0,0.0,0.0,0.0,0.0,0.0,0.0,59.84,65.67,28.71,273.46,22.0,203.06,127.6,48.73,0.0,829.07
8.4894,0.0,0.0,0.0,0.0,0.0,0.0,0.0,0.0,52.69,58.63,26.29,273.46,22.0,205.81,127.6,48.73,0.0,815.21
8.4994,0.0,0.0,0.0,0.0,0.0,0.0,0.0,0.0,47.41,53.9,23.87,276.43,22.0,211.2,130.46,50.82,0.0,816.09
8.5094,0.0,0.0,0.0,0.0,0.0,0.0,0.0,0.0,42.13,49.17,21.56,276.43,22.0,213.84,133.32,52.91,0.0,811.36
8.5194,0.0,0.0,0.0,0.0,0.0,0.0,0.0,0.0,38.61,46.86,19.14,276.43,22.0,216.59,136.29,55.11,0.0,811.03
8.5294,0.0,0.0,0.0,0.0,0.0,0.0,0.0,0.0,35.09,42.13,16.72,276.43,22.0,221.98,142.12,57.53,0.0,814.0
8.5394,0.0,0.0,0.0,0.0,0.0,0.0,0.0,0.0,29.81,39.82,16.72,276.43,22.0,224.73,147.84,62.37,0.0,819.72
8.5494,0.0,0.0,0.0,0.0,0.0,0.0,0.0,0.0,26.29,37.51,14.3,273.46,22.0,230.34,153.67,67.32,0.0,824.89
8.5594,0.0,0.0,0.0,0.0,0.0,0.0,0.0,0.0,24.53,32.78,11.88,270.6,22.0,233.09,162.36,69.74,0.0,826.98
8.5694,0.0,0.0,0.0,0.0,0.0,0.0,0.0,0.0,21.01,28.05,11.88,267.63,24.75,238.7,171.27,74.69,0.0,837.98
8.5794,0.0,0.0,0.0,0.0,0.0,0.0,0.0,0.0,19.25,25.74,9.57,264.77,24.75,244.31,180.18,77.11,0.0,845.68
8.5894,0.0,0.0,0.0,0.0,0.0,0.0,0.0,0.0,17.49,21.01,9.57,264.77,24.75,247.06,189.09,81.95,0.0,855.69
8.5994,0.0,0.0,0.0,0.0,0.0,0.0,0.0,0.0,13.97,16.39,7.15,258.94,27.5,249.92,201.08,84.48,0.0,859.43
8.6094,0.0,0.0,0.0,0.0,0.0,0.0,0.0,0.0,12.21,13.97,7.15,255.97,27.5,255.42,209.99,89.32,0.0,871.53
8.6194,0.0,0.0,0.0,0.0,0.0,0.0,0.0,0.0,10.45,11.66,7.15,250.14,27.5,258.28,218.9,91.74,0.0,875.82
8.6294,4.62,0.0,0.0,0.0,0.0,0.0,0.0,0.0,10.45,9.35,4.73,244.42,27.5,261.03,227.59,94.27,4.62,879.34
8.6394,4.62,0.0,0.0,0.0,0.0,0.0,0.0,0.0,8.69,6.93,4.73,232.76,27.5,263.89,233.2,96.69,4.62,874.39
8.6494,4.62,0.0,0.0,0.0,0.0,0.0,0.0,0.0,6.93,4.62,0.0,220.77,27.5,263.89,238.92,101.53,4.62,864.16
8.6594,4.62,0.0,0.0,0.0,0.0,0.0,0.0,0.0,5.17,4.62,0.0,204.82,24.75,263.89,247.39,104.06,4.62,854.7
8.6694,9.24,0.0,0.0,0.0,0.0,0.0,0.0,0.0,5.17,0.0,0.0,185.57,22.0,263.89,250.14,108.9,9.24,835.67
8.6794,18.59,0.0,0.0,0.0,0.0,0.0,0.0,0.0,3.41,0.0,0.0,169.62,19.25,263.89,253.0,116.05,18.59,825.22
8.6894,48.73,5.83,0.0,0.0,0.0,0.0,0.0,0.0,3.41,0.0,0.0,147.51,16.5,261.03,253.0,122.76,54.56,804.21
8.6994,142.89,29.15,0.0,0.0,0.0,0.0,0.0,0.0,3.41,0.0,0.0,125.4,11.0,255.42,253.0,129.47,172.04,777.7
8.7094,211.2,50.6,19.36,0.0,0.0,0.0,0.0,0.0,0.0,0.0,0.0,100.21,8.25,247.06,253.0,136.18,281.16,744.7
8.7194,208.78,65.34,31.46,5.17,0.0,0.0,0.0,0.0,0.0,0.0,0.0,75.02,5.5,235.95,253.0,145.09,310.75,714.56
8.7294,208.78,82.94,43.56,15.51,0.0,3.85,0.0,0.0,0.0,0.0,0.0,50.82,0.0,213.84,253.0,151.8,354.64,669.46
8.7394,208.78,100.54,53.24,22.33,0.0,5.83,0.0,0.0,0.0,0.0,0.0,31.02,0.0,178.86,250.14,154.0,390.72,614.02
8.7494,213.62,120.12,60.39,32.67,0.0,11.66,2.97,3.52,0.0,0.0,0.0,19.8,0.0,138.16,244.53,156.31,444.95,558.8
8.7594,220.88,132.66,67.54,39.6,0.0,21.45,6.05,7.04,0.0,0.0,0.0,16.94,0.0,86.46,221.98,151.8,495.22,477.18
8.7694,225.94,143.11,77.0,43.01,0.0,35.09,10.67,10.56,0.0,0.0,0.0,14.08,0.0,49.83,180.18,140.58,545.38,384.67
8.7794,236.28,155.65,86.35,48.18,0.0,46.86,22.88,14.08,0.0,0.0,0.0,11.22,0.0,33.22,124.63,124.96,610.28,294.03
8.7894,251.9,166.1,95.81,51.7,6.27,54.67,35.09,17.6,0.0,0.0,0.0,8.47,0.0,26.07,71.39,106.48,679.14,212.41
8.7994,264.88,179.63,105.27,55.11,12.65,63.03,44.22,21.12,0.0,0.0,0.0,5.61,0.0,21.34,51.37,81.95,745.91,160.27
8.8094,275.22,188.76,114.84,56.87,14.74,69.74,51.92,22.88,0.0,0.0,0.0,0.0,0.0,14.19,35.97,52.91,794.97,103.07
8.8194,282.92,195.58,122.32,60.83,19.03,76.56,58.3,24.64,0.0,0.0,0.0,0.0,0.0,11.88,23.1,23.21,840.18,58.19
8.8294,282.92,197.78,124.74,67.43,21.12,80.96,63.69,26.4,0.0,0.0,0.0,0.0,0.0,4.73,15.4,4.18,865.04,24.31
8.8394,282.92,200.09,127.27,71.83,23.21,87.67,70.95,28.27,0.0,0.0,0.0,0.0,0.0,4.73,12.76,0.0,892.21,17.49
8.8494,275.22,200.09,124.74,78.43,25.41,94.49,76.45,30.03,0.0,0.0,0.0,0.0,0.0,0.0,10.23,0.0,904.86,10.23
8.8594,270.05,197.78,124.74,82.83,25.41,101.2,81.84,31.79,0.0,0.0,0.0,0.0,0.0,0.0,7.7,0.0,915.64,7.7
8.8694,259.6,190.96,122.32,87.34,29.59,105.6,87.23,31.79,0.0,0.0,0.0,0.0,0.0,0.0,7.7,0.0,914.43,7.7
8.8794,249.26,184.25,119.79,89.54,29.59,110.11,92.73,33.55,0.0,0.0,0.0,0.0,0.0,0.0,5.06,0.0,908.82,5.06
8.8894,238.92,175.12,114.84,91.74,33.88,112.42,99.99,35.31,0.0,0.0,0.0,0.0,0.0,0.0,5.06,0.0,902.22,5.06
8.8994,228.58,166.1,112.42,91.74,35.97,116.6,107.25,35.31,0.0,0.0,0.0,0.0,0.0,0.0,5.06,0.0,893.97,5.06
8.9094,218.46,155.65,107.69,91.74,38.06,116.6,112.64,37.07,0.0,0.0,0.0,0.0,0.0,0.0,0.0,0.0,877.91,0.0
8.9194,208.78,147.29,105.27,91.74,40.15,118.69,118.47,37.07,0.0,0.0,0.0,0.0,0.0,0.0,0.0,0.0,867.46,0.0
8.9294,199.1,136.84,98.23,91.74,42.35,120.78,124.52,37.07,0.0,0.0,0.0,0.0,0.0,0.0,0.0,0.0,850.63,0.0
8.9394,186.89,128.48,93.5,91.74,42.35,122.98,130.57,38.83,0.0,0.0,0.0,0.0,0.0,0.0,0.0,0.0,835.34,0.0
8.9494,177.21,118.03,88.77,91.74,44.44,122.98,132.55,38.83,0.0,0.0,0.0,0.0,0.0,0.0,0.0,0.0,814.55,0.0
8.9594,167.53,109.34,84.04,91.74,44.44,125.07,136.62,38.83,0.0,0.0,0.0,0.0,0.0,0.0,0.0,0.0,797.61,0.0
8.9694,157.63,102.74,79.31,93.94,46.53,127.16,140.69,38.83,0.0,0.0,0.0,0.0,0.0,0.0,0.0,0.0,786.83,0.0
8.9794,147.84,93.94,74.58,93.94,46.53,129.25,144.65,38.83,0.0,0.0,0.0,0.0,0.0,0.0,0.0,0.0,769.56,0.0
8.9894,137.94,85.14,69.85,96.14,48.62,131.45,148.72,40.59,0.0,0.0,0.0,0.0,0.0,0.0,0.0,0.0,758.45,0.0
8.9994,125.73,78.54,65.12,96.14,50.82,133.54,152.79,40.59,0.0,0.0,0.0,0.0,0.0,0.0,0.0,0.0,743.27,0.0
9.0094,115.83,69.74,60.39,98.34,50.82,135.63,156.75,42.35,0.0,0.0,0.0,0.0,0.0,0.0,0.0,0.0,729.85,0.0
9.0194,106.48,63.14,55.77,100.54,50.82,139.92,162.8,42.35,0.0,0.0,0.0,0.0,0.0,0.0,0.0,0.0,721.82,0.0
9.0294,95.48,56.54,50.82,102.74,50.82,144.1,168.96,44.11,0.0,0.0,0.0,0.0,0.0,0.0,0.0,0.0,713.57,0.0
9.0394,86.68,50.6,45.98,104.94,52.91,148.39,175.12,45.87,0.0,0.0,0.0,0.0,0.0,0.0,0.0,0.0,710.49,0.0
9.0494,73.37,44.77,38.72,107.14,52.91,152.57,185.46,47.63,0.0,0.0,0.0,0.0,0.0,0.0,0.0,0.0,702.57,0.0
9.0594,62.37,38.94,33.88,107.14,55.0,156.86,195.8,49.39,0.0,0.0,0.0,0.0,0.0,0.0,0.0,0.0,699.38,0.0
9.0694,53.35,33.11,29.04,107.14,55.0,161.04,208.23,51.15,0.0,0.0,0.0,0.0,0.0,0.0,0.0,0.0,698.06,0.0
9.0794,41.8,27.28,21.78,107.14,57.2,165.33,220.66,52.91,0.0,0.0,0.0,0.0,0.0,0.0,0.0,0.0,694.1,0.0
9.0894,32.45,23.32,19.36,107.14,59.4,167.53,235.84,54.67,0.0,0.0,0.0,0.0,0.0,0.0,0.0,0.0,699.71,0.0
9.0994,27.83,17.49,14.52,107.14,59.4,171.93,249.04,56.54,0.0,0.0,0.0,0.0,0.0,0.0,0.0,0.0,703.89,0.0
9.1094,20.9,13.64,12.1,104.94,61.71,174.13,262.35,58.52,0.0,0.0,0.0,0.0,0.0,0.0,0.0,0.0,708.29,0.0
9.1194,18.59,11.66,9.68,104.94,61.71,176.33,273.35,60.5,0.0,0.0,0.0,0.0,0.0,0.0,0.0,0.0,716.76,0.0
9.1294,13.86,9.68,7.26,100.54,59.4,178.53,284.68,60.5,0.0,0.0,0.0,0.0,0.0,0.0,0.0,0.0,714.45,0.0
9.1394,11.55,7.7,4.84,96.14,57.2,180.73,291.39,62.59,0.0,0.0,0.0,0.0,0.0,0.0,0.0,0.0,712.14,0.0
9.1494,9.24,5.83,4.84,89.54,55.0,180.73,295.9,64.57,0.0,0.0,0.0,0.0,0.0,0.0,0.0,0.0,705.65,0.0
9.1594,6.93,3.85,0.0,80.63,50.82,182.93,300.41,66.55,0.0,0.0,0.0,0.0,0.0,0.0,0.0,0.0,692.12,0.0
9.1694,6.93,3.85,0.0,71.83,44.44,182.93,302.72,70.62,0.0,0.0,0.0,0.0,0.0,0.0,0.0,0.0,683.32,0.0
9.1794,4.62,3.85,0.0,60.83,38.06,182.93,300.41,74.69,3.41,0.0,0.0,0.0,0.0,0.0,0.0,0.0,665.39,3.41
9.1894,4.62,3.85,0.0,51.7,31.68,180.73,298.21,78.65,24.53,0.0,0.0,0.0,0.0,0.0,0.0,0.0,649.44,24.53
9.1994,0.0,3.85,0.0,43.01,23.21,176.33,291.39,82.72,136.4,16.39,0.0,0.0,0.0,0.0,0.0,0.0,620.51,152.79
9.2094,0.0,0.0,0.0,34.43,16.94,167.53,282.37,86.79,214.72,44.55,7.15,0.0,0.0,0.0,0.0,0.0,588.06,266.42
9.2194,0.0,0.0,0.0,24.09,12.65,152.57,271.15,90.86,212.41,75.13,19.14,14.08,0.0,0.0,0.0,0.0,551.32,320.76
9.2294,0.0,0.0,0.0,15.51,8.47,133.54,257.95,90.86,212.41,110.66,28.71,42.35,0.0,0.0,0.0,0.0,506.33,394.13
9.2394,0.0,0.0,0.0,11.99,4.18,107.91,242.44,92.84,219.34,138.05,35.86,78.21,0.0,0.0,5.06,0.0,459.36,476.52
9.2494,0.0,0.0,0.0,10.34,4.18,74.25,216.48,90.86,219.34,153.12,40.7,106.48,0.0,9.46,5.06,0.0,396.11,534.16
9.2594,0.0,0.0,0.0,8.58,6.27,44.88,175.12,84.81,205.48,158.07,40.7,128.48,0.0,28.49,7.7,0.0,319.66,568.92
9.2694,0.0,0.0,0.0,6.82,6.27,29.26,120.45,72.6,203.17,165.66,43.12,153.78,0.0,52.25,10.23,0.0,235.4,628.21
9.2794,0.0,0.0,0.0,5.17,4.18,21.45,67.32,58.52,205.48,175.45,45.43,172.81,0.0,72.93,15.4,6.27,156.64,693.77
9.2893,0.0,0.0,0.0,3.41,0.0,17.49,41.25,42.35,210.1,182.71,50.27,191.95,0.0,89.21,23.1,12.65,104.5,759.99
9.2993,0.0,0.0,0.0,3.41,0.0,11.66,30.47,28.27,217.03,189.97,57.75,208.01,0.0,102.74,35.97,16.94,73.81,828.41
9.3093,0.0,0.0,0.0,0.0,0.0,9.68,22.88,15.84,219.34,194.81,60.5,224.07,5.5,110.99,43.67,21.12,48.4,880.0
9.3193,0.0,0.0,0.0,0.0,0.0,5.83,16.72,7.04,212.41,197.23,57.75,235.62,8.25,119.13,46.2,23.21,29.59,899.8
9.3293,0.0,0.0,0.0,0.0,0.0,3.85,13.75,3.52,203.17,194.81,57.75,250.14,8.25,124.52,48.73,23.21,21.12,910.58
9.3393,0.0,0.0,0.0,0.0,0.0,3.85,12.21,3.52,196.24,194.81,55.11,261.8,8.25,130.02,51.37,25.41,19.58,923.01
9.3493,0.0,0.0,0.0,0.0,0.0,0.0,10.67,3.52,184.58,189.97,55.11,273.46,8.25,132.77,51.37,27.5,14.19,923.01
9.3593,0.0,0.0,0.0,0.0,0.0,0.0,9.13,0.0,173.03,182.71,52.69,282.7,8.25,138.16,53.9,27.5,9.13,918.94
9.3693,0.0,0.0,0.0,0.0,0.0,0.0,7.59,0.0,161.81,175.45,50.27,288.97,11.0,140.91,56.54,29.59,7.59,914.54
9.3793,0.0,0.0,0.0,0.0,0.0,0.0,6.05,0.0,151.25,165.66,47.85,295.35,11.0,143.66,59.51,29.59,6.05,903.87
9.3893,0.0,0.0,0.0,0.0,0.0,0.0,4.51,0.0,138.49,155.65,45.43,298.43,11.0,146.3,59.51,31.79,4.51,886.6
9.3993,0.0,0.0,0.0,0.0,0.0,0.0,4.51,0.0,127.93,143.11,40.7,304.81,11.0,149.05,62.48,31.79,4.51,870.87
9.4093,0.0,0.0,0.0,0.0,0.0,0.0,2.97,0.0,115.28,133.1,38.28,308.0,11.0,151.8,62.48,33.88,2.97,853.82
9.4193,0.0,0.0,0.0,0.0,0.0,0.0,2.97,0.0,105.71,123.09,35.86,311.08,13.75,154.55,65.45,33.88,2.97,843.37
9.4293,0.0,0.0,0.0,0.0,0.0,0.0,0.0,0.0,96.14,113.08,33.44,317.46,13.75,157.19,65.45,33.88,0.0,830.39
9.4393,0.0,0.0,0.0,0.0,0.0,0.0,0.0,0.0,88.44,105.93,33.44,320.54,13.75,159.94,68.42,33.88,0.0,824.34
9.4493,0.0,0.0,0.0,0.0,0.0,0.0,0.0,0.0,82.72,98.78,31.13,323.73,13.75,162.69,71.39,33.88,0.0,818.07
9.4593,0.0,0.0,0.0,0.0,0.0,0.0,0.0,0.0,75.13,91.74,28.71,323.73,13.75,168.19,71.39,35.97,0.0,808.61
9.4693,0.0,0.0,0.0,0.0,0.0,0.0,0.0,0.0,71.28,84.59,28.71,326.92,16.5,170.83,74.36,35.97,0.0,809.16
9.4793,0.0,0.0,0.0,0.0,0.0,0.0,0.0,0.0,65.56,79.86,28.71,326.92,16.5,176.22,80.3,35.97,0.0,810.04
9.4893,0.0,0.0,0.0,0.0,0.0,0.0,0.0,0.0,61.71,75.13,28.71,326.92,16.5,184.25,83.27,38.06,0.0,814.55
9.4993,0.0,0.0,0.0,0.0,0.0,0.0,0.0,0.0,57.97,70.4,26.29,326.92,16.5,189.64,89.32,38.06,0.0,815.1
9.5093,0.0,0.0,0.0,0.0,0.0,0.0,0.0,0.0,54.45,68.09,26.29,326.92,16.5,197.67,95.26,40.26,0.0,825.44
9.5193,0.0,0.0,0.0,0.0,0.0,0.0,0.0,0.0,52.69,63.36,26.29,330.11,19.25,205.81,98.23,42.35,0.0,838.09
9.5293,0.0,0.0,0.0,0.0,0.0,0.0,0.0,0.0,47.41,60.94,26.29,330.11,19.25,211.2,104.17,44.44,0.0,843.81
9.5393,0.0,0.0,0.0,0.0,0.0,0.0,0.0,5.28,45.65,56.21,26.29,333.08,19.25,216.59,110.22,48.73,5.28,856.02
9.5493,0.0,0.0,0.0,0.0,0.0,0.0,6.05,7.04,40.37,53.9,23.87,336.05,19.25,224.73,113.08,52.91,13.09,864.16
9.5593,0.0,0.0,0.0,0.0,0.0,9.68,16.72,14.08,35.09,49.17,21.56,336.05,19.25,230.34,121.77,57.53,40.48,870.76
9.5693,0.0,0.0,0.0,0.0,0.0,11.66,13.75,10.56,31.57,44.55,19.14,336.05,22.0,238.7,127.6,62.37,35.97,881.98
9.5793,0.0,0.0,0.0,5.17,0.0,5.83,9.13,5.28,24.53,39.82,14.3,336.05,22.0,244.31,136.29,67.32,25.41,884.62
9.5893,0.0,0.0,0.0,6.82,0.0,0.0,4.51,0.0,19.25,32.78,11.88,330.11,22.0,249.92,144.98,72.16,11.33,883.08
9.5993,4.62,5.83,0.0,5.17,0.0,0.0,2.97,0.0,15.73,23.43,9.57,320.54,24.75,255.42,153.67,77.11,18.59,880.22
9.6093,23.21,11.66,0.0,0.0,0.0,0.0,0.0,0.0,12.21,18.7,7.15,314.27,24.75,258.28,165.33,81.95,34.87,882.64
9.6193,32.45,13.64,0.0,0.0,0.0,0.0,0.0,0.0,10.45,13.97,4.73,301.62,24.75,261.03,174.24,86.9,46.09,877.69
9.6293,37.18,15.51,0.0,0.0,0.0,0.0,0.0,0.0,8.69,11.66,4.73,288.97,24.75,263.89,183.15,91.74,52.69,877.58
9.6393,39.49,11.66,0.0,0.0,0.0,0.0,0.0,0.0,6.93,9.35,0.0,270.6,24.75,266.64,192.06,96.69,51.15,867.02
9.6493,39.49,11.66,0.0,0.0,0.0,0.0,0.0,0.0,6.93,6.93,0.0,253.11,22.0,269.39,201.08,104.06,51.15,863.5
9.6593,46.42,11.66,0.0,0.0,0.0,0.0,0.0,0.0,5.17,4.62,0.0,232.76,22.0,269.39,207.02,108.9,58.08,849.86
9.6693,55.77,15.51,0.0,0.0,0.0,0.0,0.0,0.0,5.17,4.62,0.0,211.2,19.25,269.39,212.96,113.85,71.28,836.44
9.6793,79.97,25.3,0.0,0.0,0.0,0.0,0.0,0.0,3.41,0.0,0.0,185.57,13.75,266.64,218.9,118.25,105.27,806.52
9.6893,128.15,46.75,7.26,0.0,0.0,0.0,0.0,0.0,3.41,0.0,0.0,160.05,13.75,261.03,218.9,122.76,182.16,779.9
9.6993,177.21,74.14,29.04,5.17,0.0,0.0,0.0,0.0,3.41,0.0,0.0,131.67,8.25,255.42,221.98,127.16,285.56,747.89
9.7093,201.52,100.54,43.56,24.09,0.0,7.81,4.51,3.52,0.0,0.0,0.0,100.21,5.5,244.31,221.98,131.67,385.55,703.67
9.7193,213.62,115.94,58.08,32.67,0.0,11.66,6.05,5.28,0.0,0.0,0.0,68.75,0.0,224.73,221.98,136.18,443.3,651.64
9.7293,216.04,124.3,65.12,36.19,0.0,21.45,10.67,8.8,0.0,0.0,0.0,42.35,0.0,195.03,221.98,140.58,482.57,599.94
9.7393,218.46,134.75,69.85,41.36,4.18,35.09,21.34,12.32,0.0,0.0,0.0,25.41,0.0,151.8,215.93,142.89,537.35,536.03
9.7493,220.88,143.11,74.58,44.77,6.27,42.9,28.93,14.08,0.0,0.0,0.0,19.8,0.0,97.35,201.08,140.58,575.52,458.81
9.7593,223.41,151.47,79.31,49.94,10.56,50.71,38.17,17.6,0.0,0.0,0.0,16.94,0.0,54.56,168.3,129.47,621.17,369.27
9.7693,228.58,161.92,84.04,55.11,12.65,58.63,44.22,21.12,0.0,0.0,0.0,14.08,0.0,35.64,115.94,113.85,666.27,279.51
9.7793,233.75,172.81,88.77,63.03,14.74,65.34,50.38,22.88,0.0,0.0,0.0,11.22,0.0,26.07,71.39,96.69,711.7,205.37
9.7893,238.92,181.94,95.81,69.63,19.03,74.25,56.54,24.64,0.0,0.0,0.0,8.47,0.0,21.34,48.73,72.16,760.76,150.7
9.7993,244.09,186.45,100.54,78.43,23.21,83.27,65.56,26.4,0.0,0.0,0.0,5.61,0.0,14.19,33.33,44.44,807.95,97.57
9.8093,244.09,190.96,105.27,87.34,25.41,92.18,72.82,30.03,0.0,0.0,0.0,0.0,0.0,9.46,23.1,21.12,848.1,53.68
9.8193,241.45,190.96,105.27,96.14,27.5,101.2,80.08,31.79,0.0,0.0,0.0,0.0,0.0,7.04,15.4,4.18,874.39,26.62
9.8293,233.75,190.96,105.27,104.94,29.59,107.91,85.47,31.79,0.0,0.0,0.0,0.0,0.0,4.73,12.76,0.0,889.68,17.49
9.8393,225.94,184.25,102.96,113.85,29.59,116.6,90.86,33.55,0.0,0.0,0.0,0.0,0.0,4.73,7.7,0.0,897.6,12.43
9.8493,213.62,177.43,98.23,122.76,31.68,122.98,96.36,35.31,0.0,0.0,0.0,0.0,0.0,0.0,7.7,0.0,898.37,7.7
9.8593,203.94,166.1,93.5,129.47,33.88,129.25,101.75,37.07,0.0,0.0,0.0,0.0,0.0,0.0,7.7,0.0,894.96,7.7
9.8693,189.31,155.65,88.77,133.98,33.88,133.54,105.38,38.83,0.0,0.0,0.0,0.0,0.0,0.0,5.06,0.0,879.34,5.06
9.8793,179.63,145.2,84.04,138.38,35.97,137.72,109.01,40.59,0.0,0.0,0.0,0.0,0.0,0.0,5.06,0.0,870.54,5.06
9.8893,167.53,134.75,77.0,142.89,38.06,139.92,112.64,40.59,0.0,0.0,0.0,0.0,0.0,0.0,5.06,0.0,853.38,5.06
9.8993,152.68,124.3,72.27,145.09,38.06,142.01,116.49,42.35,0.0,0.0,0.0,0.0,0.0,0.0,0.0,0.0,833.25,0.0
9.9093,140.47,113.85,65.12,147.4,40.15,144.1,118.47,42.35,0.0,0.0,0.0,0.0,0.0,0.0,0.0,0.0,811.91,0.0
9.9193,128.15,100.54,58.08,147.4,40.15,146.19,120.45,42.35,0.0,0.0,0.0,0.0,0.0,0.0,0.0,0.0,783.31,0.0
9.9293,115.83,89.54,53.24,149.6,40.15,146.19,122.54,42.35,0.0,0.0,0.0,0.0,0.0,0.0,0.0,0.0,759.44,0.0
9.9393,104.28,78.54,45.98,149.6,42.35,148.39,126.5,42.35,0.0,0.0,0.0,0.0,0.0,0.0,0.0,0.0,737.99,0.0
9.9493,91.08,67.54,38.72,151.8,42.35,150.48,128.59,42.35,0.0,0.0,0.0,0.0,0.0,0.0,0.0,0.0,712.91,0.0
9.9593,79.97,58.74,33.88,151.8,42.35,152.57,132.55,42.35,0.0,0.0,0.0,0.0,0.0,0.0,0.0,0.0,694.21,0.0
9.9693,68.97,52.58,29.04,154.11,42.35,154.66,136.62,44.11,0.0,0.0,0.0,0.0,0.0,0.0,0.0,0.0,682.44,0.0
9.9793,57.97,44.77,24.2,154.11,42.35,158.95,140.69,44.11,0.0,0.0,0.0,0.0,0.0,0.0,0.0,0.0,667.15,0.0
9.9893,44.11,36.96,19.36,154.11,44.44,161.04,148.72,45.87,0.0,0.0,0.0,0.0,0.0,0.0,0.0,0.0,654.61,0.0
9.9993,32.45,31.13,14.52,154.11,44.44,163.13,156.75,47.63,0.0,0.0,0.0,0.0,0.0,0.0,0.0,0.0,644.16,0.0
10.0093,25.52,25.3,12.1,149.6,44.44,165.33,164.89,49.39,0.0,0.0,0.0,0.0,0.0,0.0,0.0,0.0,636.57,0.0
10.0193,20.9,21.34,9.68,147.4,44.44,169.73,175.12,51.15,0.0,0.0,0.0,0.0,0.0,0.0,0.0,0.0,639.76,0.0
10.0293,18.59,17.49,9.68,142.89,44.44,171.93,185.46,52.91,0.0,0.0,0.0,0.0,0.0,0.0,0.0,0.0,643.39,0.0
10.0393,16.17,13.64,7.26,138.38,44.44,174.13,195.8,54.67,0.0,0.0,0.0,0.0,0.0,0.0,0.0,0.0,644.49,0.0
10.0493,13.86,11.66,7.26,133.98,44.44,176.33,206.14,56.54,0.0,0.0,0.0,0.0,0.0,0.0,0.0,0.0,650.21,0.0
10.0593,11.55,9.68,4.84,129.47,44.44,178.53,214.39,58.52,0.0,0.0,0.0,0.0,0.0,0.0,0.0,0.0,651.42,0.0
10.0693,9.24,7.7,4.84,122.76,44.44,180.73,222.75,60.5,0.0,0.0,0.0,0.0,0.0,0.0,0.0,0.0,652.96,0.0
10.0793,9.24,5.83,0.0,118.25,44.44,180.73,231.44,62.59,0.0,0.0,0.0,0.0,0.0,0.0,0.0,0.0,652.52,0.0
10.0893,6.93,5.83,0.0,111.54,42.35,182.93,240.24,64.57,0.0,0.0,0.0,0.0,0.0,0.0,0.0,0.0,654.39,0.0
10.0993,6.93,3.85,0.0,104.94,40.15,185.13,249.04,66.55,0.0,0.0,0.0,0.0,0.0,0.0,0.0,0.0,656.59,0.0
10.1093,4.62,3.85,0.0,98.34,38.06,185.13,255.75,70.62,0.0,0.0,0.0,0.0,0.0,0.0,0.0,0.0,656.37,0.0
10.1193,4.62,3.85,0.0,89.54,35.97,185.13,262.35,72.6,0.0,0.0,0.0,0.0,0.0,0.0,0.0,0.0,654.06,0.0
10.1293,4.62,3.85,0.0,78.43,33.88,182.93,268.95,76.67,0.0,0.0,0.0,0.0,0.0,0.0,0.0,0.0,649.33,0.0
10.1393,4.62,0.0,0.0,69.63,31.68,180.73,273.35,78.65,0.0,0.0,0.0,0.0,0.0,0.0,0.0,0.0,638.66,0.0
10.1493,0.0,0.0,0.0,58.63,27.5,178.53,275.66,82.72,0.0,0.0,0.0,0.0,0.0,0.0,0.0,0.0,623.04,0.0
10.1593,0.0,0.0,0.0,49.94,23.21,174.13,277.86,88.77,0.0,0.0,0.0,0.0,0.0,0.0,0.0,0.0,613.91,0.0
10.1693,0.0,0.0,0.0,43.01,19.03,169.73,275.66,92.84,0.0,0.0,0.0,0.0,0.0,0.0,0.0,0.0,600.27,0.0
10.1793,0.0,0.0,0.0,34.43,14.74,165.33,273.35,96.91,17.49,0.0,0.0,0.0,0.0,0.0,0.0,0.0,584.76,17.49
10.1893,0.0,0.0,0.0,27.5,10.56,156.86,268.95,100.87,119.46,16.39,0.0,0.0,0.0,0.0,0.0,0.0,564.74,135.85
10.1993,0.0,0.0,0.0,20.68,8.47,146.19,262.35,104.94,246.18,46.86,7.15,0.0,0.0,0.0,0.0,0.0,542.63,300.19
10.2093,0.0,0.0,0.0,15.51,6.27,125.07,253.55,109.01,228.91,79.86,23.87,16.94,0.0,0.0,5.06,0.0,509.41,354.64
10.2193,0.0,0.0,0.0,13.75,4.18,98.89,238.04,106.92,226.49,120.56,38.28,48.07,0.0,0.0,7.7,0.0,461.78,441.1
10.2293,0.0,0.0,0.0,11.99,4.18,67.54,214.39,102.96,233.86,150.59,47.85,97.02,0.0,18.92,10.23,0.0,401.06,558.47
10.2393,0.0,0.0,0.0,10.34,6.27,42.9,173.03,94.82,238.81,165.66,55.11,119.02,0.0,37.95,12.76,0.0,327.36,629.31
10.2493,0.0,0.0,0.0,8.58,6.27,29.26,114.51,84.81,226.49,165.66,55.11,134.86,0.0,64.79,17.93,6.27,243.43,671.11
10.2593,0.0,0.0,0.0,5.17,4.18,21.45,61.93,68.64,224.07,173.03,60.5,147.51,0.0,83.82,30.8,10.56,161.37,730.29
10.2693,0.0,0.0,0.0,3.41,0.0,15.62,38.17,47.63,226.49,182.71,66.0,160.05,0.0,97.35,41.03,16.94,104.83,790.57
10.2793,0.0,0.0,0.0,0.0,0.0,11.66,30.47,31.79,228.91,187.55,71.39,172.81,8.25,110.99,53.9,21.12,73.92,854.92
10.2893,0.0,0.0,0.0,0.0,0.0,7.81,22.88,19.36,228.91,189.97,74.14,185.57,11.0,121.88,68.42,25.41,50.05,905.3
10.2993,0.0,0.0,0.0,0.0,0.0,7.81,16.72,8.8,226.49,189.97,76.89,198.44,11.0,132.77,77.33,27.5,33.33,940.39
10.3093,0.0,0.0,0.0,0.0,0.0,3.85,10.67,3.52,219.34,189.97,76.89,211.2,13.75,140.91,80.3,29.59,18.04,961.95
10.3193,0.0,0.0,0.0,0.0,0.0,3.85,9.13,3.52,207.79,185.13,74.14,224.07,13.75,149.05,86.35,31.79,16.5,972.07
10.3293,0.0,0.0,0.0,0.0,0.0,0.0,9.13,0.0,193.82,180.29,71.39,235.62,16.5,157.19,89.32,33.88,9.13,978.01
10.3393,0.0,0.0,0.0,0.0,0.0,0.0,6.05,0.0,182.27,175.45,68.75,244.42,16.5,162.69,89.32,33.88,6.05,973.28
10.3493,0.0,0.0,0.0,0.0,0.0,0.0,6.05,0.0,173.03,168.19,66.0,253.11,16.5,165.44,92.29,35.97,6.05,970.53
10.3593,0.0,0.0,0.0,0.0,0.0,0.0,4.51,0.0,161.81,158.07,63.25,258.94,16.5,168.19,95.26,35.97,4.51,957.99
10.3693,0.0,0.0,0.0,0.0,0.0,0.0,2.97,0.0,151.25,150.59,57.75,261.8,16.5,170.83,95.26,38.06,2.97,942.04
10.3793,0.0,0.0,0.0,0.0,0.0,0.0,0.0,0.0,140.69,140.58,55.11,267.63,16.5,176.22,98.23,38.06,0.0,933.02
10.3893,0.0,0.0,0.0,0.0,0.0,0.0,0.0,0.0,127.93,130.57,50.27,270.6,16.5,176.22,101.2,38.06,0.0,911.35
10.3993,0.0,0.0,0.0,0.0,0.0,0.0,0.0,0.0,117.37,123.09,47.85,273.46,19.25,178.86,101.2,40.26,0.0,901.34
10.4093,0.0,0.0,0.0,0.0,0.0,0.0,0.0,0.0,107.58,113.08,45.43,276.43,19.25,181.61,101.2,40.26,0.0,884.84
10.4193,0.0,0.0,0.0,0.0,0.0,0.0,0.0,0.0,98.01,103.51,43.12,279.51,19.25,184.25,104.17,40.26,0.0,872.08
10.4293,0.0,0.0,0.0,0.0,0.0,0.0,0.0,0.0,88.44,96.47,38.28,279.51,19.25,187.0,107.14,40.26,0.0,856.35
10.4393,0.0,0.0,0.0,0.0,0.0,0.0,0.0,0.0,82.72,89.32,38.28,279.51,19.25,189.64,107.14,42.35,0.0,848.21
10.4493,0.0,0.0,0.0,0.0,0.0,0.0,0.0,0.0,77.0,82.28,35.86,279.51,19.25,195.03,110.22,42.35,0.0,841.5
10.4593,0.0,0.0,0.0,0.0,0.0,0.0,0.0,0.0,69.41,77.55,33.44,279.51,19.25,197.67,113.08,44.44,0.0,834.35
10.4693,0.0,0.0,0.0,0.0,0.0,0.0,0.0,0.0,61.71,72.82,31.13,282.7,19.25,200.42,115.94,44.44,0.0,828.41
10.4793,0.0,0.0,0.0,0.0,0.0,0.0,0.0,0.0,56.21,65.67,28.71,285.89,19.25,205.81,118.91,46.53,0.0,826.98
10.4893,0.0,0.0,0.0,0.0,0.0,0.0,0.0,0.0,49.17,60.94,26.29,285.89,19.25,208.45,118.91,48.73,0.0,817.63
10.4993,0.0,0.0,0.0,0.0,0.0,0.0,0.0,0.0,43.89,53.9,23.87,288.97,19.25,213.84,121.77,48.73,0.0,814.22
10.5093,0.0,0.0,0.0,0.0,0.0,0.0,0.0,0.0,38.61,49.17,19.14,288.97,19.25,219.23,124.63,52.91,0.0,811.91
10.5193,0.0,0.0,0.0,0.0,0.0,0.0,0.0,0.0,33.33,46.86,16.72,288.97,19.25,221.98,127.6,57.53,0.0,812.24
10.5293,0.0,0.0,0.0,0.0,0.0,0.0,0.0,0.0,28.05,42.13,14.3,288.97,19.25,227.48,133.32,59.95,0.0,813.45
10.5393,0.0,0.0,0.0,0.0,0.0,0.0,0.0,0.0,24.53,37.51,11.88,288.97,19.25,230.34,136.29,64.9,0.0,813.67
10.5493,0.0,0.0,0.0,0.0,0.0,0.0,0.0,0.0,19.25,32.78,9.57,288.97,19.25,235.95,142.12,69.74,0.0,817.63
10.5593,0.0,0.0,0.0,0.0,0.0,0.0,0.0,0.0,17.49,28.05,9.57,288.97,19.25,238.7,147.84,74.69,0.0,824.56
10.5693,0.0,0.0,0.0,0.0,0.0,0.0,0.0,0.0,13.97,23.43,7.15,285.89,19.25,244.31,153.67,79.53,0.0,827.2
10.5793,0.0,0.0,0.0,0.0,0.0,0.0,0.0,0.0,12.21,18.7,7.15,282.7,19.25,249.92,162.36,84.48,0.0,836.77
10.5893,0.0,0.0,0.0,0.0,0.0,0.0,0.0,0.0,10.45,13.97,4.73,276.43,19.25,252.67,171.27,89.32,0.0,838.09
10.5993,0.0,0.0,0.0,0.0,0.0,0.0,0.0,0.0,10.45,11.66,4.73,270.6,22.0,258.28,177.21,94.27,0.0,849.2
10.6093,0.0,0.0,0.0,0.0,0.0,0.0,0.0,0.0,8.69,9.35,4.73,264.77,22.0,261.03,186.12,99.11,0.0,855.8
10.6193,0.0,0.0,0.0,0.0,0.0,0.0,0.0,0.0,6.93,6.93,0.0,255.97,19.25,263.89,195.14,104.06,0.0,852.17
10.6293,0.0,0.0,0.0,0.0,0.0,0.0,0.0,0.0,6.93,6.93,0.0,244.42,19.25,263.89,201.08,108.9,0.0,851.4
10.6393,0.0,0.0,0.0,0.0,0.0,0.0,0.0,0.0,5.17,4.62,0.0,232.76,19.25,266.64,207.02,113.85,0.0,849.31
10.6493,0.0,0.0,0.0,0.0,0.0,0.0,0.0,0.0,5.17,4.62,0.0,217.58,16.5,263.89,209.99,118.25,0.0,836.0
10.6593,0.0,0.0,0.0,0.0,0.0,0.0,0.0,0.0,3.41,0.0,0.0,198.44,13.75,263.89,212.96,124.96,0.0,817.41
10.6693,0.0,0.0,0.0,0.0,0.0,0.0,0.0,0.0,3.41,0.0,0.0,176.0,11.0,263.89,215.93,131.67,0.0,801.9
10.6793,9.24,0.0,0.0,0.0,0.0,0.0,0.0,0.0,3.41,0.0,0.0,156.97,8.25,261.03,218.9,138.38,9.24,786.94
10.6893,48.73,3.85,0.0,0.0,0.0,0.0,0.0,0.0,0.0,0.0,0.0,131.67,5.5,258.28,221.98,145.09,52.58,762.52
10.6993,228.58,42.79,0.0,0.0,0.0,0.0,0.0,0.0,0.0,0.0,0.0,106.48,0.0,249.92,224.73,151.8,271.37,732.93
10.7093,262.24,67.54,16.94,3.41,0.0,0.0,0.0,0.0,0.0,0.0,0.0,78.21,0.0,235.95,224.73,158.51,350.13,697.4
10.7192,254.43,98.34,38.72,10.34,0.0,0.0,0.0,0.0,0.0,0.0,0.0,50.82,0.0,208.45,227.59,163.02,401.83,649.88
10.7292,251.9,130.57,53.24,24.09,0.0,5.83,0.0,0.0,0.0,0.0,0.0,31.02,0.0,170.83,224.73,167.53,465.63,594.11
10.7392,257.07,153.56,62.81,34.43,0.0,9.68,0.0,0.0,0.0,0.0,0.0,22.55,0.0,119.13,212.96,165.22,517.55,519.86
10.7492,259.6,166.1,69.85,46.53,0.0,15.62,0.0,3.52,0.0,0.0,0.0,16.94,5.5,67.54,180.18,151.8,561.22,421.96
10.7592,257.07,175.12,79.31,53.35,0.0,33.22,4.51,8.8,0.0,0.0,0.0,14.08,5.5,40.37,124.63,136.18,611.38,320.76
10.7692,264.88,188.76,88.77,58.63,0.0,48.84,15.18,14.08,0.0,0.0,0.0,14.08,5.5,28.49,71.39,118.25,679.14,237.71
10.7792,280.39,202.4,102.96,63.03,0.0,58.63,28.93,17.6,0.0,0.0,0.0,8.47,0.0,21.34,51.37,94.27,753.94,175.45
10.7892,290.62,213.73,114.84,65.23,10.56,67.54,41.25,21.12,0.0,0.0,0.0,5.61,0.0,16.61,38.5,62.37,824.89,123.09
10.7992,300.85,220.55,124.74,67.43,14.74,74.25,51.92,24.64,0.0,0.0,0.0,0.0,0.0,11.88,25.63,29.59,879.12,67.1
10.8092,308.44,224.95,132.22,69.63,19.03,80.96,60.06,26.4,0.0,0.0,0.0,0.0,0.0,7.04,17.93,6.27,921.69,31.24
10.8192,308.44,224.95,134.64,71.83,21.12,83.27,65.56,28.27,0.0,0.0,0.0,0.0,0.0,4.73,12.76,0.0,938.08,17.49
10.8292,305.91,222.75,134.64,74.03,23.21,85.47,70.95,28.27,0.0,0.0,0.0,0.0,0.0,0.0,10.23,0.0,945.23,10.23
10.8392,300.85,220.55,132.22,74.03,25.41,85.47,74.58,28.27,0.0,0.0,0.0,0.0,0.0,0.0,7.7,0.0,941.38,7.7
10.8492,295.68,213.73,127.27,71.83,25.41,85.47,76.45,28.27,0.0,0.0,0.0,0.0,0.0,0.0,5.06,0.0,924.11,5.06
10.8592,287.98,206.91,124.74,71.83,27.5,85.47,78.21,28.27,0.0,0.0,0.0,0.0,0.0,0.0,5.06,0.0,910.91,5.06
10.8692,280.39,200.09,119.79,71.83,29.59,85.47,81.84,28.27,0.0,0.0,0.0,0.0,0.0,0.0,0.0,0.0,897.27,0.0
10.8792,272.58,193.27,114.84,71.83,31.68,87.67,85.47,28.27,0.0,0.0,0.0,0.0,0.0,0.0,0.0,0.0,885.61,0.0
10.8892,262.24,184.25,112.42,71.83,33.88,87.67,87.23,28.27,0.0,0.0,0.0,0.0,0.0,0.0,0.0,0.0,867.79,0.0
10.8992,251.9,175.12,107.69,71.83,33.88,87.67,90.86,28.27,0.0,0.0,0.0,0.0,0.0,0.0,0.0,0.0,847.22,0.0
10.9092,241.45,164.01,102.96,69.63,35.97,89.98,94.49,28.27,0.0,0.0,0.0,0.0,0.0,0.0,0.0,0.0,826.76,0.0
10.9192,228.58,153.56,100.54,69.63,38.06,89.98,98.12,30.03,0.0,0.0,0.0,0.0,0.0,0.0,0.0,0.0,808.5,0.0
10.9292,218.46,145.2,95.81,69.63,40.15,94.49,101.75,30.03,0.0,0.0,0.0,0.0,0.0,0.0,0.0,0.0,795.52,0.0
10.9392,208.78,136.84,91.08,71.83,40.15,96.69,105.38,30.03,0.0,0.0,0.0,0.0,0.0,0.0,0.0,0.0,780.78,0.0
10.9492,196.68,130.57,86.35,71.83,42.35,98.89,110.88,30.03,0.0,0.0,0.0,0.0,0.0,0.0,0.0,0.0,767.58,0.0
10.9592,184.47,122.21,84.04,74.03,44.44,101.2,114.51,31.79,0.0,0.0,0.0,0.0,0.0,0.0,0.0,0.0,756.69,0.0
10.9692,177.21,113.85,79.31,76.23,44.44,105.6,120.45,31.79,0.0,0.0,0.0,0.0,0.0,0.0,0.0,0.0,748.88,0.0
10.9792,167.53,107.14,77.0,78.43,46.53,110.11,124.52,33.55,0.0,0.0,0.0,0.0,0.0,0.0,0.0,0.0,744.81,0.0
10.9892,157.63,100.54,72.27,80.63,48.62,114.51,132.55,33.55,0.0,0.0,0.0,0.0,0.0,0.0,0.0,0.0,740.3,0.0
10.9992,150.26,93.94,69.85,82.83,48.62,118.69,138.6,33.55,0.0,0.0,0.0,0.0,0.0,0.0,0.0,0.0,736.34,0.0
11.0092,140.47,87.34,67.54,87.34,50.82,122.98,144.65,35.31,0.0,0.0,0.0,0.0,0.0,0.0,0.0,0.0,736.45,0.0
11.0192,130.57,80.74,62.81,89.54,52.91,129.25,152.79,37.07,0.0,0.0,0.0,0.0,0.0,0.0,0.0,0.0,735.68,0.0
11.0292,120.78,74.14,60.39,93.94,52.91,133.54,160.82,40.59,0.0,0.0,0.0,0.0,0.0,0.0,0.0,0.0,737.11,0.0
11.0392,110.99,67.54,55.77,98.34,55.0,139.92,170.94,42.35,0.0,0.0,0.0,0.0,0.0,0.0,0.0,0.0,740.85,0.0
11.0492,102.08,63.14,53.24,100.54,57.2,146.19,181.28,44.11,0.0,0.0,0.0,0.0,0.0,0.0,0.0,0.0,747.78,0.0
11.0592,93.28,56.54,48.4,104.94,59.4,152.57,189.64,47.63,0.0,0.0,0.0,0.0,0.0,0.0,0.0,0.0,752.4,0.0
11.0692,82.17,50.6,43.56,109.34,59.4,156.86,197.89,49.39,0.0,0.0,0.0,0.0,0.0,0.0,0.0,0.0,749.21,0.0
11.0792,71.17,44.77,38.72,113.85,59.4,163.13,208.23,51.15,0.0,0.0,0.0,0.0,0.0,0.0,0.0,0.0,750.42,0.0
11.0892,60.17,38.94,31.46,116.05,61.71,169.73,218.57,52.91,0.0,0.0,0.0,0.0,0.0,0.0,0.0,0.0,749.54,0.0
11.0992,51.04,33.11,26.62,118.25,61.71,174.13,229.24,54.67,0.0,0.0,0.0,0.0,0.0,0.0,0.0,0.0,748.77,0.0
11.1092,37.18,25.3,19.36,118.25,64.02,176.33,242.44,56.54,0.0,0.0,0.0,0.0,0.0,0.0,0.0,0.0,739.42,0.0
11.1192,27.83,19.47,14.52,116.05,64.02,178.53,255.75,58.52,0.0,0.0,0.0,0.0,0.0,0.0,0.0,0.0,734.69,0.0
11.1292,20.9,13.64,12.1,111.54,64.02,180.73,268.95,60.5,0.0,0.0,0.0,0.0,0.0,0.0,0.0,0.0,732.38,0.0
11.1392,16.17,9.68,7.26,102.74,61.71,180.73,277.86,62.59,0.0,0.0,0.0,0.0,0.0,0.0,0.0,0.0,718.74,0.0
11.1492,11.55,7.7,7.26,93.94,57.2,180.73,286.88,64.57,0.0,0.0,0.0,0.0,0.0,0.0,0.0,0.0,709.83,0.0
11.1592,9.24,5.83,0.0,82.83,50.82,180.73,291.39,66.55,8.69,0.0,0.0,0.0,0.0,0.0,0.0,0.0,687.39,8.69
11.1692,6.93,3.85,0.0,71.83,46.53,180.73,291.39,70.62,36.85,0.0,0.0,0.0,0.0,0.0,0.0,0.0,671.88,36.85
11.1792,4.62,3.85,0.0,60.83,38.06,180.73,289.19,76.67,179.96,16.39,0.0,0.0,0.0,0.0,0.0,0.0,653.95,196.35
11.1892,4.62,3.85,0.0,46.53,29.59,174.13,284.68,80.74,210.1,37.51,7.15,0.0,0.0,0.0,0.0,0.0,624.14,254.76
11.1992,0.0,3.85,0.0,34.43,21.12,165.33,275.66,84.81,210.1,63.36,19.14,0.0,0.0,0.0,0.0,0.0,585.2,292.6
11.2092,0.0,0.0,0.0,24.09,12.65,148.39,266.75,88.77,203.17,84.59,28.71,19.8,0.0,0.0,0.0,0.0,540.65,336.27
11.2192,0.0,0.0,0.0,15.51,8.47,125.07,257.95,90.86,200.86,103.51,35.86,42.35,0.0,0.0,0.0,0.0,497.86,382.58
11.2292,0.0,0.0,0.0,10.34,6.27,96.69,242.44,92.84,207.79,128.04,40.7,71.94,0.0,0.0,5.06,0.0,448.58,453.53
11.2392,0.0,0.0,0.0,8.58,4.18,63.03,216.48,90.86,200.86,135.52,47.85,100.21,0.0,16.61,5.06,0.0,383.13,506.11
11.2492,0.0,0.0,0.0,8.58,6.27,37.07,173.03,84.81,205.48,145.64,50.27,119.02,0.0,42.68,10.23,0.0,309.76,573.32
11.2592,0.0,0.0,0.0,6.82,4.18,25.3,116.49,72.6,212.41,158.07,57.75,131.67,0.0,64.79,17.93,6.27,225.39,648.89
11.2692,0.0,0.0,0.0,5.17,4.18,17.49,65.56,56.54,224.07,168.19,66.0,137.94,0.0,78.32,33.33,10.56,148.94,718.41
11.2792,0.0,0.0,0.0,0.0,0.0,15.62,42.68,44.11,236.28,177.87,74.14,144.32,5.5,86.46,43.67,14.74,102.41,782.98
11.2892,0.0,0.0,0.0,0.0,0.0,11.66,32.01,30.03,246.18,185.13,79.64,150.59,8.25,94.6,53.9,19.03,73.7,837.32
11.2992,0.0,0.0,0.0,0.0,0.0,7.81,25.96,17.6,248.6,187.55,85.03,156.97,8.25,100.1,62.48,21.12,51.37,870.1
11.3092,0.0,0.0,0.0,0.0,0.0,5.83,19.8,12.32,248.6,192.39,85.03,163.24,11.0,105.49,65.45,23.21,37.95,894.41
11.3192,0.0,0.0,0.0,0.0,0.0,3.85,13.75,5.28,243.76,192.39,85.03,172.81,11.0,110.99,68.42,25.41,22.88,909.81
11.3292,0.0,0.0,0.0,0.0,0.0,3.85,10.67,3.52,238.81,194.81,85.03,182.38,11.0,116.38,71.39,25.41,18.04,925.21
11.3392,0.0,0.0,0.0,0.0,0.0,0.0,10.67,0.0,231.44,192.39,82.39,191.95,11.0,121.88,74.36,27.5,10.67,932.91
11.3492,0.0,0.0,0.0,0.0,0.0,0.0,9.13,0.0,221.65,187.55,82.39,201.63,13.75,127.27,77.33,29.59,9.13,941.16
11.3592,0.0,0.0,0.0,0.0,0.0,0.0,7.59,0.0,212.41,182.71,79.64,208.01,13.75,132.77,83.27,29.59,7.59,942.15
11.3692,0.0,0.0,0.0,0.0,0.0,0.0,6.05,0.0,200.86,177.87,76.89,214.39,13.75,138.16,86.35,31.79,6.05,940.06
11.3792,0.0,0.0,0.0,0.0,0.0,0.0,4.51,0.0,186.89,170.61,74.14,224.07,16.5,140.91,89.32,31.79,4.51,934.23
11.3892,0.0,0.0,0.0,0.0,0.0,0.0,2.97,0.0,175.34,160.6,68.75,229.79,16.5,146.3,92.29,33.88,2.97,923.45
11.3992,0.0,0.0,0.0,0.0,0.0,0.0,2.97,0.0,161.81,153.12,66.0,235.62,16.5,151.8,92.29,33.88,2.97,911.02
11.4092,0.0,0.0,0.0,0.0,0.0,0.0,0.0,0.0,151.25,145.64,63.25,241.45,16.5,154.55,95.26,33.88,0.0,901.78
11.4192,0.0,0.0,0.0,0.0,0.0,0.0,0.0,0.0,138.49,135.52,57.75,247.28,16.5,157.19,95.26,35.97,0.0,883.96
11.4292,0.0,0.0,0.0,0.0,0.0,0.0,0.0,0.0,127.93,125.51,55.11,250.14,16.5,162.69,95.26,35.97,0.0,869.11
11.4392,0.0,0.0,0.0,0.0,0.0,0.0,0.0,0.0,117.37,118.03,50.27,255.97,16.5,165.44,98.23,35.97,0.0,857.78
11.4492,0.0,0.0,0.0,0.0,0.0,0.0,0.0,0.0,109.45,110.66,47.85,261.8,16.5,168.19,98.23,38.06,0.0,850.74
11.4592,0.0,0.0,0.0,0.0,0.0,0.0,0.0,0.0,101.86,105.93,45.43,264.77,16.5,173.47,101.2,38.06,0.0,847.22
11.4692,0.0,0.0,0.0,0.0,0.0,0.0,0.0,0.0,94.16,98.78,45.43,270.6,16.5,176.22,101.2,38.06,0.0,840.95
11.4792,0.0,0.0,0.0,0.0,0.0,0.0,0.0,0.0,88.44,94.05,43.12,273.46,16.5,181.61,104.17,40.26,0.0,841.61
11.4892,0.0,0.0,0.0,0.0,0.0,0.0,0.0,0.0,82.72,87.01,40.7,276.43,19.25,187.0,107.14,40.26,0.0,840.51
11.4992,0.0,0.0,0.0,0.0,0.0,0.0,0.0,0.0,77.0,82.28,40.7,279.51,19.25,189.64,107.14,42.35,0.0,837.87
11.5092,0.0,0.0,0.0,0.0,0.0,0.0,0.0,0.0,71.28,77.55,38.28,282.7,19.25,195.03,110.22,42.35,0.0,836.66
11.5192,0.0,0.0,0.0,0.0,0.0,0.0,0.0,0.0,67.43,75.13,38.28,285.89,19.25,200.42,113.08,44.44,0.0,843.92
11.5292,0.0,0.0,0.0,0.0,0.0,0.0,0.0,0.0,61.71,70.4,35.86,288.97,19.25,205.81,115.94,46.53,0.0,844.47
11.5392,0.0,0.0,0.0,0.0,0.0,0.0,0.0,0.0,57.97,65.67,35.86,292.16,19.25,211.2,121.77,48.73,0.0,852.61
11.5492,0.0,0.0,0.0,0.0,0.0,0.0,0.0,0.0,52.69,60.94,33.44,298.43,19.25,216.59,124.63,52.91,0.0,858.88
11.5592,0.0,0.0,0.0,0.0,0.0,0.0,0.0,0.0,45.65,56.21,31.13,301.62,19.25,224.73,130.46,57.53,0.0,866.58
11.5692,0.0,0.0,0.0,0.0,0.0,0.0,0.0,0.0,42.13,53.9,28.71,304.81,19.25,230.34,136.29,62.37,0.0,877.8
11.5792,0.0,0.0,0.0,0.0,0.0,0.0,0.0,0.0,35.09,49.17,26.29,308.0,22.0,235.95,142.12,67.32,0.0,885.94
11.5892,0.0,0.0,0.0,0.0,0.0,0.0,0.0,0.0,29.81,44.55,21.56,308.0,22.0,241.45,150.81,72.16,0.0,890.34
11.5992,0.0,0.0,0.0,0.0,0.0,0.0,0.0,0.0,24.53,39.82,19.14,308.0,22.0,247.06,159.5,79.53,0.0,899.58
11.6092,0.0,0.0,0.0,0.0,0.0,0.0,0.0,0.0,21.01,32.78,14.3,304.81,22.0,252.67,168.3,86.9,0.0,902.77
11.6192,0.0,0.0,0.0,0.0,0.0,0.0,0.0,0.0,17.49,25.74,11.88,301.62,24.75,258.28,177.21,91.74,0.0,908.71
11.6292,0.0,0.0,0.0,0.0,0.0,0.0,0.0,0.0,13.97,18.7,9.57,295.35,22.0,261.03,186.12,96.69,0.0,903.43
11.6392,0.0,0.0,0.0,0.0,0.0,0.0,0.0,0.0,10.45,13.97,7.15,282.7,22.0,263.89,195.14,101.53,0.0,896.83
11.6492,0.0,0.0,0.0,0.0,0.0,0.0,0.0,0.0,8.69,9.35,4.73,267.63,22.0,266.64,204.05,106.48,0.0,889.57
11.6592,0.0,0.0,0.0,0.0,0.0,0.0,0.0,0.0,6.93,6.93,0.0,250.14,19.25,266.64,209.99,113.85,0.0,873.73
11.6692,0.0,0.0,0.0,0.0,0.0,0.0,0.0,0.0,6.93,4.62,0.0,226.93,16.5,266.64,212.96,118.25,0.0,852.83
11.6792,6.93,0.0,0.0,0.0,0.0,0.0,0.0,0.0,5.17,4.62,0.0,204.82,16.5,266.64,215.93,124.96,6.93,838.64
11.6892,23.21,0.0,0.0,0.0,0.0,0.0,0.0,0.0,5.17,0.0,0.0,182.38,13.75,263.89,218.9,131.67,23.21,815.76
11.6992,95.48,13.64,0.0,0.0,0.0,0.0,0.0,0.0,3.41,0.0,0.0,156.97,8.25,261.03,221.98,138.38,109.12,790.02
11.7092,236.28,42.79,7.26,0.0,0.0,0.0,0.0,0.0,3.41,0.0,0.0,128.48,5.5,255.42,221.98,145.09,286.33,759.88
11.7192,228.58,56.54,24.2,0.0,0.0,0.0,0.0,0.0,0.0,0.0,0.0,100.21,0.0,244.31,224.73,151.8,309.32,721.05
11.7292,223.41,78.54,38.72,5.17,0.0,0.0,0.0,0.0,0.0,0.0,0.0,68.75,0.0,224.73,224.73,156.31,345.84,674.52
11.7392,223.41,100.54,50.82,18.92,0.0,3.85,2.97,0.0,0.0,0.0,0.0,39.6,0.0,195.03,224.73,158.51,400.51,617.87
11.7492,228.58,122.21,60.39,27.5,0.0,7.81,4.51,3.52,0.0,0.0,0.0,25.41,0.0,157.19,218.9,160.71,454.52,562.21
11.7592,236.28,141.02,69.85,41.36,0.0,13.64,7.59,5.28,0.0,0.0,0.0,19.8,0.0,102.74,204.05,156.31,515.02,482.9
11.7692,236.28,153.56,79.31,46.53,0.0,29.26,12.21,10.56,0.0,0.0,0.0,16.94,0.0,59.4,168.3,140.58,567.71,385.22
11.7792,244.09,164.01,88.77,51.7,4.18,42.9,24.42,12.32,0.0,0.0,0.0,14.08,0.0,37.95,115.94,124.96,632.39,292.93
11.7892,257.07,179.63,98.23,56.87,8.47,52.69,38.17,15.84,0.0,0.0,0.0,11.22,0.0,28.49,68.42,108.9,706.97,217.03
11.7992,270.05,190.96,110.0,60.83,14.74,60.83,47.3,19.36,0.0,0.0,0.0,8.47,0.0,21.34,48.73,81.95,774.07,160.49
11.8092,280.39,200.09,117.37,65.23,19.03,69.74,53.46,22.88,0.0,0.0,0.0,5.61,0.0,14.19,33.33,48.73,828.19,101.86
11.8192,285.45,206.91,124.74,69.63,21.12,74.25,60.06,24.64,0.0,0.0,0.0,0.0,0.0,9.46,33.33,19.03,866.8,61.82
11.8292,287.98,209.11,129.69,71.83,25.41,78.76,67.32,24.64,0.0,0.0,0.0,0.0,0.0,7.04,15.4,4.18,894.74,26.62
11.8392,287.98,211.42,129.69,74.03,27.5,83.27,70.95,26.4,0.0,0.0,0.0,0.0,0.0,4.73,10.23,0.0,911.24,14.96
11.8492,285.45,209.11,127.27,78.43,29.59,87.67,74.58,26.4,0.0,0.0,0.0,0.0,0.0,0.0,10.23,0.0,918.5,10.23
11.8592,277.86,204.6,127.27,80.63,29.59,89.98,80.08,28.27,0.0,0.0,0.0,0.0,0.0,0.0,7.7,0.0,918.28,7.7
11.8692,270.05,200.09,122.32,82.83,33.88,94.49,85.47,28.27,0.0,0.0,0.0,0.0,0.0,0.0,5.06,0.0,917.4,5.06
11.8792,259.6,190.96,119.79,85.03,35.97,96.69,90.86,28.27,0.0,0.0,0.0,0.0,0.0,0.0,0.0,0.0,907.17,0.0
11.8892,246.73,181.94,117.37,85.03,38.06,98.89,94.49,30.03,0.0,0.0,0.0,0.0,0.0,0.0,0.0,0.0,892.54,0.0
11.8992,236.28,172.81,112.42,85.03,40.15,101.2,99.99,30.03,0.0,0.0,0.0,0.0,0.0,0.0,0.0,0.0,877.91,0.0
11.9092,228.58,164.01,110.0,87.34,42.35,103.4,105.38,30.03,0.0,0.0,0.0,0.0,0.0,0.0,0.0,0.0,871.09,0.0
11.9192,216.04,153.56,105.27,85.03,44.44,107.91,110.88,31.79,0.0,0.0,0.0,0.0,0.0,0.0,0.0,0.0,854.92,0.0
11.9292,206.36,145.2,102.96,87.34,44.44,110.11,114.51,31.79,0.0,0.0,0.0,0.0,0.0,0.0,0.0,0.0,842.71,0.0
11.9392,194.15,134.75,95.81,87.34,46.53,112.42,120.45,33.55,0.0,0.0,0.0,0.0,0.0,0.0,0.0,0.0,825.0,0.0
11.9492,182.05,124.3,91.08,89.54,48.62,116.6,126.5,33.55,0.0,0.0,0.0,0.0,0.0,0.0,0.0,0.0,812.24,0.0
11.9592,167.53,113.85,84.04,91.74,50.82,118.69,132.55,33.55,0.0,0.0,0.0,0.0,0.0,0.0,0.0,0.0,792.77,0.0
11.9692,155.21,104.94,79.31,91.74,50.82,122.98,138.6,35.31,0.0,0.0,0.0,0.0,0.0,0.0,0.0,0.0,778.91,0.0
11.9792,145.31,96.14,74.58,93.94,52.91,125.07,144.65,35.31,0.0,0.0,0.0,0.0,0.0,0.0,0.0,0.0,767.91,0.0
11.9892,133.1,87.34,69.85,93.94,52.91,129.25,152.79,37.07,0.0,0.0,0.0,0.0,0.0,0.0,0.0,0.0,756.25,0.0
11.9992,120.78,78.54,65.12,96.14,55.0,131.45,158.84,38.83,0.0,0.0,0.0,0.0,0.0,0.0,0.0,0.0,744.7,0.0
12.0092,108.68,69.74,58.08,96.14,55.0,135.63,164.89,40.59,0.0,0.0,0.0,0.0,0.0,0.0,0.0,0.0,728.75,0.0
12.0192,99.88,60.94,53.24,98.34,57.2,139.92,173.03,42.35,0.0,0.0,0.0,0.0,0.0,0.0,0.0,0.0,724.9,0.0
12.0292,88.88,54.56,48.4,100.54,57.2,144.1,179.3,44.11,0.0,0.0,0.0,0.0,0.0,0.0,0.0,0.0,717.09,0.0
12.0392,77.77,48.73,41.14,102.74,57.2,148.39,187.55,44.11,0.0,0.0,0.0,0.0,0.0,0.0,0.0,0.0,707.63,0.0
12.0492,64.57,42.79,36.3,102.74,57.2,152.57,195.8,45.87,0.0,0.0,0.0,0.0,0.0,0.0,0.0,0.0,697.84,0.0
12.0592,53.35,35.09,29.04,104.94,57.2,156.86,204.05,47.63,0.0,0.0,0.0,0.0,0.0,0.0,0.0,0.0,688.16,0.0
12.0692,44.11,31.13,24.2,102.74,59.4,161.04,214.39,49.39,0.0,0.0,0.0,0.0,0.0,0.0,0.0,0.0,686.4,0.0
12.0792,34.76,25.3,19.36,102.74,59.4,163.13,227.04,51.15,0.0,0.0,0.0,0.0,0.0,0.0,0.0,0.0,682.88,0.0
12.0892,27.83,19.47,14.52,100.54,59.4,165.33,238.04,52.91,0.0,0.0,0.0,0.0,0.0,0.0,0.0,0.0,678.04,0.0
12.0992,23.21,15.51,12.1,100.54,59.4,165.33,249.04,52.91,0.0,0.0,0.0,0.0,0.0,0.0,0.0,0.0,678.04,0.0
12.1092,18.59,11.66,9.68,98.34,59.4,167.53,260.15,54.67,0.0,0.0,0.0,0.0,0.0,0.0,0.0,0.0,680.02,0.0
12.1192,13.86,9.68,9.68,96.14,59.4,169.73,268.95,56.54,0.0,0.0,0.0,0.0,0.0,0.0,0.0,0.0,683.98,0.0
12.1292,11.55,7.7,7.26,93.94,59.4,171.93,275.66,58.52,0.0,0.0,0.0,0.0,0.0,0.0,0.0,0.0,685.96,0.0
12.1392,11.55,7.7,4.84,91.74,57.2,174.13,280.17,62.59,0.0,0.0,0.0,0.0,0.0,0.0,0.0,0.0,689.92,0.0
12.1491,9.24,5.83,4.84,87.34,55.0,176.33,282.37,64.57,0.0,0.0,0.0,0.0,0.0,0.0,0.0,0.0,685.52,0.0
12.1591,6.93,3.85,0.0,80.63,50.82,176.33,284.68,68.64,0.0,0.0,0.0,0.0,0.0,0.0,0.0,0.0,671.88,0.0
12.1691,6.93,3.85,0.0,74.03,44.44,178.53,284.68,72.6,0.0,0.0,0.0,0.0,0.0,0.0,0.0,0.0,665.06,0.0
12.1791,4.62,3.85,0.0,67.43,40.15,180.73,282.37,76.67,0.0,0.0,0.0,0.0,0.0,0.0,0.0,0.0,655.82,0.0
12.1891,4.62,3.85,0.0,58.63,33.88,180.73,280.17,78.65,6.93,0.0,0.0,0.0,0.0,0.0,0.0,0.0,640.53,6.93
12.1991,0.0,0.0,0.0,49.94,27.5,178.53,273.35,82.72,31.57,0.0,0.0,0.0,0.0,0.0,0.0,0.0,612.04,31.57
12.2091,0.0,0.0,0.0,41.36,21.12,174.13,266.75,86.79,175.34,13.97,0.0,0.0,0.0,0.0,0.0,0.0,590.15,189.31
12.2191,0.0,0.0,0.0,32.67,14.74,165.33,260.15,90.86,224.07,37.51,4.73,0.0,0.0,0.0,0.0,0.0,563.75,266.31
12.2291,0.0,0.0,0.0,22.33,10.56,148.39,253.55,92.84,224.07,68.09,19.14,5.61,0.0,0.0,0.0,0.0,527.67,316.91
12.2391,0.0,0.0,0.0,15.51,6.27,127.16,246.84,94.82,219.34,98.78,31.13,25.41,0.0,0.0,0.0,0.0,490.6,374.66
12.2491,0.0,0.0,0.0,11.99,6.27,96.69,233.64,92.84,224.07,130.57,40.7,59.4,0.0,0.0,0.0,0.0,441.43,454.74
12.2591,0.0,0.0,0.0,10.34,6.27,63.03,206.14,88.77,231.44,150.59,47.85,97.02,0.0,4.73,5.06,0.0,374.55,536.69
12.2691,0.0,0.0,0.0,8.58,6.27,39.05,162.8,80.74,226.49,158.07,57.75,119.02,0.0,23.65,5.06,0.0,297.44,590.04
12.2791,0.0,0.0,0.0,6.82,6.27,25.3,105.38,70.62,231.44,170.61,63.25,137.94,0.0,49.83,10.23,0.0,214.39,663.3
12.2891,0.0,0.0,0.0,5.17,4.18,19.47,56.54,54.67,243.76,180.29,71.39,150.59,0.0,72.93,17.93,8.47,140.03,745.36
12.2991,0.0,0.0,0.0,0.0,0.0,13.64,38.17,40.59,256.08,189.97,79.64,160.05,0.0,83.82,33.33,12.65,92.4,815.54
12.3091,0.0,0.0,0.0,0.0,0.0,9.68,32.01,26.4,265.87,197.23,87.78,163.24,8.25,94.6,43.67,16.94,68.09,877.58
12.3191,0.0,0.0,0.0,0.0,0.0,5.83,22.88,17.6,270.82,199.65,93.28,169.62,8.25,102.74,53.9,19.03,46.31,917.29
12.3291,0.0,0.0,0.0,0.0,0.0,5.83,16.72,10.56,268.4,199.65,93.28,176.0,11.0,108.24,59.51,21.12,33.11,937.2
12.3391,0.0,0.0,0.0,0.0,0.0,3.85,10.67,0.0,265.87,199.65,96.03,179.19,11.0,113.63,65.45,23.21,14.52,954.03
12.3491,0.0,0.0,0.0,0.0,0.0,0.0,9.13,0.0,258.5,197.23,93.28,185.57,13.75,116.38,68.42,23.21,9.13,956.34
12.3591,0.0,0.0,0.0,0.0,0.0,0.0,7.59,0.0,251.13,194.81,90.53,188.76,13.75,119.13,71.39,25.41,7.59,954.91
12.3691,0.0,0.0,0.0,0.0,0.0,0.0,6.05,0.0,241.23,189.97,90.53,191.95,13.75,121.88,74.36,25.41,6.05,949.08
12.3791,0.0,0.0,0.0,0.0,0.0,0.0,4.51,0.0,231.44,185.13,87.78,195.14,16.5,124.52,77.33,27.5,4.51,945.34
12.3891,0.0,0.0,0.0,0.0,0.0,0.0,2.97,0.0,221.65,180.29,85.03,198.44,16.5,127.27,83.27,27.5,2.97,939.95
12.3991,0.0,0.0,0.0,0.0,0.0,0.0,0.0,0.0,210.1,173.03,82.39,201.63,16.5,130.02,86.35,27.5,0.0,927.52
12.4091,0.0,0.0,0.0,0.0,0.0,0.0,0.0,0.0,198.55,163.13,79.64,204.82,16.5,135.41,92.29,29.59,0.0,919.93
12.4191,0.0,0.0,0.0,0.0,0.0,0.0,0.0,0.0,184.58,155.65,76.89,204.82,19.25,140.91,95.26,29.59,0.0,906.95
12.4291,0.0,0.0,0.0,0.0,0.0,0.0,0.0,0.0,173.03,145.64,71.39,208.01,19.25,143.66,101.2,29.59,0.0,891.77
12.4391,0.0,0.0,0.0,0.0,0.0,0.0,0.0,0.0,159.72,138.05,68.75,211.2,19.25,149.05,104.17,31.79,0.0,881.98
12.4491,0.0,0.0,0.0,0.0,0.0,0.0,0.0,0.0,149.16,128.04,66.0,211.2,22.0,154.55,110.22,33.88,0.0,875.05
12.4591,0.0,0.0,0.0,0.0,0.0,0.0,0.0,0.0,138.49,120.56,63.25,217.58,22.0,159.94,113.08,33.88,0.0,868.78
12.4691,0.0,0.0,0.0,0.0,0.0,0.0,0.0,0.0,127.93,113.08,60.5,220.77,24.75,168.19,118.91,35.97,0.0,870.1
12.4791,0.0,0.0,0.0,0.0,0.0,0.0,0.0,0.0,117.37,105.93,57.75,224.07,24.75,173.47,124.63,35.97,0.0,863.94
12.4891,0.0,0.0,0.0,0.0,0.0,0.0,0.0,0.0,109.45,98.78,55.11,226.93,24.75,178.86,127.6,38.06,0.0,859.54
12.4991,0.0,0.0,0.0,0.0,0.0,0.0,0.0,0.0,101.86,91.74,52.69,229.79,24.75,184.25,133.32,40.26,0.0,858.66
12.5091,0.0,0.0,0.0,0.0,0.0,0.0,0.0,0.0,92.29,84.59,47.85,232.76,24.75,189.64,136.29,40.26,0.0,848.43
12.5191,0.0,0.0,0.0,0.0,0.0,0.0,0.0,0.0,82.72,77.55,45.43,235.62,27.5,195.03,142.12,42.35,0.0,848.32
12.5291,0.0,0.0,0.0,0.0,0.0,0.0,0.0,0.0,75.13,72.82,43.12,238.59,27.5,200.42,147.84,46.53,0.0,851.95
12.5391,0.0,0.0,0.0,0.0,0.0,0.0,0.0,0.0,65.56,65.67,40.7,241.45,27.5,205.81,150.81,48.73,0.0,846.23
12.5491,0.0,0.0,0.0,0.0,0.0,0.0,0.0,0.0,57.97,58.63,38.28,241.45,27.5,211.2,156.53,52.91,0.0,844.47
12.5591,0.0,0.0,0.0,0.0,0.0,0.0,0.0,0.0,49.17,51.59,33.44,244.42,27.5,219.23,165.33,57.53,0.0,848.21
12.5691,0.0,0.0,0.0,0.0,0.0,0.0,0.0,0.0,42.13,44.55,28.71,244.42,27.5,224.73,171.27,62.37,0.0,845.68
12.5791,0.0,0.0,0.0,0.0,0.0,0.0,0.0,0.0,35.09,39.82,26.29,241.45,30.25,230.34,180.18,67.32,0.0,850.74
12.5891,0.0,0.0,0.0,0.0,0.0,0.0,0.0,0.0,29.81,35.09,23.87,238.59,30.25,235.95,189.09,74.69,0.0,857.34
12.5991,0.0,0.0,0.0,0.0,0.0,0.0,0.0,0.0,22.77,30.47,19.14,232.76,30.25,238.7,201.08,79.53,0.0,854.7
12.6091,0.0,0.0,0.0,0.0,0.0,0.0,0.0,0.0,19.25,23.43,14.3,229.79,30.25,244.31,209.99,84.48,0.0,855.8
12.6191,0.0,0.0,0.0,0.0,0.0,0.0,0.0,0.0,15.73,16.39,11.88,224.07,30.25,247.06,221.98,89.32,0.0,856.68
12.6291,0.0,0.0,0.0,0.0,0.0,0.0,0.0,0.0,12.21,13.97,9.57,217.58,30.25,249.92,230.45,94.27,0.0,858.22
12.6391,0.0,0.0,0.0,0.0,0.0,0.0,0.0,0.0,10.45,11.66,7.15,208.01,30.25,252.67,238.92,96.69,0.0,855.8
12.6491,0.0,0.0,0.0,0.0,0.0,0.0,0.0,0.0,8.69,6.93,4.73,198.44,27.5,255.42,244.53,101.53,0.0,847.77
12.6591,0.0,0.0,0.0,0.0,0.0,0.0,0.0,0.0,6.93,4.62,4.73,185.57,27.5,255.42,250.14,106.48,0.0,841.39
12.6691,0.0,0.0,0.0,0.0,0.0,0.0,0.0,0.0,6.93,4.62,0.0,172.81,24.75,255.42,255.86,111.32,0.0,831.71
12.6791,0.0,0.0,0.0,0.0,0.0,0.0,0.0,0.0,5.17,0.0,0.0,156.97,24.75,255.42,258.72,116.05,0.0,817.08
12.6891,0.0,0.0,0.0,0.0,0.0,0.0,0.0,0.0,5.17,0.0,0.0,137.94,19.25,252.67,261.47,118.25,0.0,794.75
12.6991,13.86,0.0,0.0,0.0,0.0,0.0,0.0,0.0,3.41,0.0,0.0,115.94,16.5,249.92,261.47,122.76,13.86,770.0
12.7091,66.77,5.83,0.0,0.0,0.0,0.0,0.0,0.0,3.41,0.0,0.0,97.02,11.0,241.45,261.47,127.16,72.6,741.51
12.7191,244.09,40.92,7.26,0.0,0.0,0.0,0.0,0.0,0.0,0.0,0.0,75.02,8.25,233.09,261.47,131.67,292.27,709.5
12.7291,257.07,63.14,24.2,0.0,0.0,0.0,0.0,0.0,0.0,0.0,0.0,53.68,0.0,216.59,258.72,136.18,344.41,665.17
12.7391,251.9,93.94,43.56,6.82,0.0,0.0,0.0,0.0,0.0,0.0,0.0,33.88,0.0,187.0,255.86,140.58,396.22,617.32
12.7491,249.26,122.21,55.77,20.68,0.0,3.85,0.0,0.0,0.0,0.0,0.0,19.8,0.0,146.3,253.0,145.09,451.77,564.19
12.7591,249.26,149.38,65.12,31.02,0.0,9.68,2.97,3.52,0.0,0.0,0.0,14.08,0.0,91.96,236.06,145.09,510.95,487.19
12.7691,251.9,166.1,72.27,46.53,0.0,13.64,4.51,3.52,0.0,0.0,0.0,14.08,0.0,54.56,198.11,136.18,558.47,402.93
12.7791,246.73,177.43,79.31,56.87,0.0,29.26,7.59,8.8,0.0,0.0,0.0,11.22,0.0,33.22,142.12,122.76,605.99,309.32
12.7891,251.9,190.96,86.35,65.23,0.0,48.84,16.72,12.32,0.0,0.0,0.0,8.47,0.0,26.07,83.27,106.48,672.32,224.29
12.7991,264.88,204.6,100.54,71.83,6.27,60.83,30.47,17.6,0.0,0.0,0.0,5.61,0.0,21.34,53.9,84.48,757.02,165.33
12.8091,275.22,215.93,110.0,76.23,12.65,69.74,45.76,21.12,0.0,0.0,0.0,0.0,0.0,16.61,38.5,55.11,826.65,110.22
12.8191,285.45,222.75,122.32,80.63,19.03,80.96,55.0,24.64,0.0,0.0,0.0,0.0,0.0,11.88,25.63,25.41,890.78,62.92
12.8291,287.98,224.95,129.69,85.03,21.12,87.67,63.69,26.4,0.0,0.0,0.0,0.0,0.0,7.04,17.93,6.27,926.53,31.24
12.8391,285.45,224.95,129.69,87.34,25.41,94.49,72.82,28.27,0.0,0.0,0.0,0.0,0.0,4.73,12.76,0.0,948.42,17.49
12.8491,280.39,220.55,129.69,91.74,27.5,98.89,78.21,30.03,0.0,0.0,0.0,0.0,0.0,0.0,10.23,0.0,957.0,10.23
12.8591,272.58,213.73,127.27,93.94,31.68,103.4,83.71,30.03,0.0,0.0,0.0,0.0,0.0,0.0,7.7,0.0,956.34,7.7
12.8691,262.24,206.91,122.32,93.94,31.68,103.4,90.86,30.03,0.0,0.0,0.0,0.0,0.0,0.0,7.7,0.0,941.38,7.7
12.8791,251.9,195.58,119.79,93.94,35.97,107.91,96.36,30.03,0.0,0.0,0.0,0.0,0.0,0.0,7.7,0.0,931.48,7.7
12.8891,244.09,186.45,117.37,91.74,38.06,107.91,103.62,31.79,0.0,0.0,0.0,0.0,0.0,0.0,5.06,0.0,921.03,5.06
12.8991,233.75,175.12,112.42,91.74,40.15,110.11,109.01,31.79,0.0,0.0,0.0,0.0,0.0,0.0,0.0,0.0,904.09,0.0
12.9091,223.41,166.1,110.0,89.54,42.35,112.42,114.51,31.79,0.0,0.0,0.0,0.0,0.0,0.0,0.0,0.0,890.12,0.0
12.9191,213.62,155.65,105.27,89.54,44.44,112.42,120.45,31.79,0.0,0.0,0.0,0.0,0.0,0.0,0.0,0.0,873.18,0.0
12.9291,201.52,145.2,100.54,87.34,46.53,114.51,124.52,33.55,0.0,0.0,0.0,0.0,0.0,0.0,0.0,0.0,853.71,0.0
12.9391,189.31,134.75,95.81,87.34,46.53,114.51,130.57,33.55,0.0,0.0,0.0,0.0,0.0,0.0,0.0,0.0,832.37,0.0
12.9491,177.21,124.3,91.08,85.03,46.53,116.6,134.64,33.55,0.0,0.0,0.0,0.0,0.0,0.0,0.0,0.0,808.94,0.0
12.9591,165.0,113.85,84.04,85.03,48.62,118.69,138.6,35.31,0.0,0.0,0.0,0.0,0.0,0.0,0.0,0.0,789.14,0.0
12.9691,152.68,102.74,77.0,87.34,48.62,120.78,142.67,35.31,0.0,0.0,0.0,0.0,0.0,0.0,0.0,0.0,767.14,0.0
12.9791,140.47,91.74,69.85,87.34,50.82,122.98,148.72,35.31,0.0,0.0,0.0,0.0,0.0,0.0,0.0,0.0,747.23,0.0
12.9891,128.15,82.94,65.12,87.34,50.82,125.07,152.79,35.31,0.0,0.0,0.0,0.0,0.0,0.0,0.0,0.0,727.54,0.0
12.9991,113.41,74.14,60.39,87.34,52.91,129.25,158.84,37.07,0.0,0.0,0.0,0.0,0.0,0.0,0.0,0.0,713.35,0.0
13.0091,102.08,65.34,53.24,91.74,52.91,131.45,162.8,38.83,0.0,0.0,0.0,0.0,0.0,0.0,0.0,0.0,698.39,0.0
13.0191,91.08,56.54,45.98,91.74,52.91,135.63,168.96,38.83,0.0,0.0,0.0,0.0,0.0,0.0,0.0,0.0,681.67,0.0
13.0291,79.97,50.6,41.14,93.94,52.91,139.92,175.12,42.35,0.0,0.0,0.0,0.0,0.0,0.0,0.0,0.0,675.95,0.0
13.0391,68.97,44.77,36.3,96.14,55.0,144.1,181.28,44.11,0.0,0.0,0.0,0.0,0.0,0.0,0.0,0.0,670.67,0.0
13.0491,60.17,38.94,31.46,96.14,55.0,148.39,191.62,45.87,0.0,0.0,0.0,0.0,0.0,0.0,0.0,0.0,667.59,0.0
13.0591,51.04,33.11,26.62,96.14,55.0,152.57,202.07,47.63,0.0,0.0,0.0,0.0,0.0,0.0,0.0,0.0,664.18,0.0
13.0691,41.8,29.15,21.78,98.34,55.0,154.66,212.41,49.39,0.0,0.0,0.0,0.0,0.0,0.0,0.0,0.0,662.53,0.0
13.0791,34.76,25.3,16.94,98.34,55.0,158.95,222.75,51.15,0.0,0.0,0.0,0.0,0.0,0.0,0.0,0.0,663.19,0.0
13.0891,27.83,21.34,14.52,100.54,57.2,163.13,233.64,54.67,0.0,0.0,0.0,0.0,0.0,0.0,0.0,0.0,672.87,0.0
13.0991,23.21,17.49,12.1,100.54,57.2,165.33,242.44,56.54,0.0,0.0,0.0,0.0,0.0,0.0,0.0,0.0,674.85,0.0
13.1091,20.9,15.51,12.1,102.74,57.2,169.73,249.04,58.52,0.0,0.0,0.0,0.0,0.0,0.0,0.0,0.0,685.74,0.0
13.1191,16.17,11.66,9.68,104.94,57.2,174.13,255.75,60.5,0.0,0.0,0.0,0.0,0.0,0.0,0.0,0.0,690.03,0.0
13.1291,13.86,9.68,7.26,104.94,57.2,178.53,260.15,62.59,0.0,0.0,0.0,0.0,0.0,0.0,0.0,0.0,694.21,0.0
13.1391,11.55,7.7,7.26,104.94,55.0,180.73,264.55,66.55,0.0,0.0,0.0,0.0,0.0,0.0,0.0,0.0,698.28,0.0
13.1491,9.24,5.83,4.84,102.74,52.91,182.93,268.95,68.64,0.0,0.0,0.0,0.0,0.0,0.0,0.0,0.0,696.08,0.0
13.1591,9.24,5.83,0.0,96.14,48.62,185.13,271.15,70.62,0.0,0.0,0.0,0.0,0.0,0.0,0.0,0.0,686.73,0.0
13.1691,6.93,3.85,0.0,87.34,44.44,185.13,275.66,74.69,0.0,0.0,0.0,0.0,0.0,0.0,0.0,0.0,678.04,0.0
13.1791,4.62,3.85,0.0,78.43,40.15,187.33,275.66,78.65,0.0,0.0,0.0,0.0,0.0,0.0,0.0,0.0,668.69,0.0
13.1891,4.62,3.85,0.0,69.63,35.97,185.13,275.66,82.72,5.17,0.0,0.0,0.0,0.0,0.0,0.0,0.0,657.58,5.17
13.1991,4.62,0.0,0.0,58.63,29.59,185.13,273.35,86.79,21.01,0.0,0.0,0.0,0.0,0.0,0.0,0.0,638.11,21.01
13.2091,0.0,0.0,0.0,49.94,23.21,180.73,268.95,90.86,111.43,11.66,0.0,0.0,0.0,0.0,0.0,0.0,613.69,123.09
13.2191,0.0,0.0,0.0,39.6,16.94,174.13,264.55,92.84,217.03,35.09,4.73,0.0,0.0,0.0,0.0,0.0,588.06,256.85
13.2291,0.0,0.0,0.0,29.26,12.65,161.04,257.95,96.91,205.48,56.21,14.3,0.0,0.0,0.0,0.0,0.0,557.81,275.99
13.2391,0.0,0.0,0.0,18.92,8.47,142.01,249.04,96.91,203.17,87.01,28.71,22.55,0.0,0.0,5.06,0.0,515.35,346.5
13.2491,0.0,0.0,0.0,13.75,4.18,118.69,240.24,98.89,203.17,108.24,38.28,56.54,0.0,0.0,5.06,0.0,475.75,411.29
13.2591,0.0,0.0,0.0,10.34,4.18,87.67,224.84,96.91,214.72,135.52,47.85,93.94,0.0,16.61,10.23,0.0,423.94,518.87
13.2691,0.0,0.0,0.0,8.58,4.18,54.67,193.71,92.84,210.1,140.58,50.27,109.56,0.0,42.68,12.76,0.0,353.98,565.95
13.2791,0.0,0.0,0.0,6.82,6.27,33.22,148.72,82.72,207.79,148.06,55.11,122.21,0.0,67.54,17.93,6.27,277.75,624.91
13.2891,0.0,0.0,0.0,5.17,4.18,23.43,94.49,70.62,212.41,155.65,60.5,128.48,0.0,78.32,33.33,10.56,197.89,679.25
13.2991,0.0,0.0,0.0,3.41,0.0,17.49,51.92,52.91,221.65,163.13,68.75,134.86,5.5,89.21,46.2,14.74,125.73,744.04
13.3091,0.0,0.0,0.0,0.0,0.0,13.64,36.63,38.83,233.86,173.03,76.89,137.94,8.25,100.1,56.54,19.03,89.1,805.64
13.3191,0.0,0.0,0.0,0.0,0.0,9.68,30.47,26.4,243.76,177.87,85.03,144.32,8.25,108.24,68.42,23.21,66.55,859.1
13.3291,0.0,0.0,0.0,0.0,0.0,7.81,22.88,15.84,248.6,180.29,87.78,147.51,11.0,113.63,74.36,25.41,46.53,888.58
13.3391,0.0,0.0,0.0,0.0,0.0,5.83,18.26,10.56,246.18,182.71,90.53,153.78,13.75,119.13,80.3,27.5,34.65,913.88
13.3491,0.0,0.0,0.0,0.0,0.0,3.85,12.21,3.52,241.23,185.13,87.78,166.43,13.75,124.52,83.27,27.5,19.58,929.61
13.3591,0.0,0.0,0.0,0.0,0.0,0.0,10.67,0.0,231.44,182.71,87.78,176.0,13.75,132.77,86.35,29.59,10.67,940.39
13.3691,0.0,0.0,0.0,0.0,0.0,0.0,10.67,0.0,221.65,180.29,85.03,185.57,13.75,138.16,86.35,31.79,10.67,942.59
13.3791,0.0,0.0,0.0,0.0,0.0,0.0,9.13,0.0,212.41,177.87,82.39,198.44,16.5,146.3,92.29,31.79,9.13,957.99
13.3891,0.0,0.0,0.0,0.0,0.0,0.0,7.59,0.0,200.86,170.61,79.64,204.82,16.5,151.8,95.26,33.88,7.59,953.37
13.3991,0.0,0.0,0.0,0.0,0.0,0.0,6.05,0.0,186.89,163.13,76.89,214.39,16.5,157.19,98.23,35.97,6.05,949.19
13.4091,0.0,0.0,0.0,0.0,0.0,0.0,4.51,0.0,173.03,155.65,74.14,220.77,16.5,162.69,104.17,35.97,4.51,942.92
13.4191,0.0,0.0,0.0,0.0,0.0,0.0,4.51,0.0,159.72,145.64,68.75,229.79,19.25,168.19,107.14,38.06,4.51,936.54
13.4291,0.0,0.0,0.0,0.0,0.0,0.0,2.97,0.0,146.96,135.52,63.25,235.62,19.25,173.47,110.22,38.06,2.97,922.35
13.4391,0.0,0.0,0.0,0.0,0.0,0.0,0.0,0.0,132.22,125.51,57.75,241.45,19.25,178.86,110.22,40.26,0.0,905.52
13.4491,0.0,0.0,0.0,0.0,0.0,0.0,0.0,0.0,117.37,115.5,52.69,247.28,19.25,184.25,113.08,40.26,0.0,889.68
13.4591,0.0,0.0,0.0,0.0,0.0,0.0,0.0,0.0,103.73,103.51,47.85,253.11,19.25,187.0,113.08,42.35,0.0,869.88
13.4691,0.0,0.0,0.0,0.0,0.0,0.0,0.0,0.0,92.29,94.05,45.43,258.94,22.0,192.39,115.94,42.35,0.0,863.39
13.4791,0.0,0.0,0.0,0.0,0.0,0.0,0.0,0.0,82.72,84.59,40.7,261.8,22.0,197.67,118.91,44.44,0.0,852.83
13.4891,0.0,0.0,0.0,0.0,0.0,0.0,0.0,0.0,71.28,77.55,38.28,267.63,22.0,200.42,118.91,44.44,0.0,840.51
13.4991,0.0,0.0,0.0,0.0,0.0,0.0,0.0,0.0,63.69,70.4,33.44,270.6,22.0,205.81,121.77,46.53,0.0,834.24
13.5091,0.0,0.0,0.0,0.0,0.0,0.0,0.0,0.0,56.21,65.67,31.13,273.46,22.0,208.45,121.77,48.73,0.0,827.42
13.5191,0.0,0.0,0.0,0.0,0.0,0.0,0.0,0.0,49.17,58.63,28.71,276.43,22.0,213.84,124.63,48.73,0.0,822.14
13.5291,0.0,0.0,0.0,0.0,0.0,0.0,0.0,0.0,43.89,53.9,23.87,279.51,19.25,216.59,124.63,50.82,0.0,812.46
13.5391,0.0,0.0,0.0,0.0,0.0,0.0,0.0,0.0,38.61,49.17,21.56,282.7,19.25,221.98,127.6,52.91,0.0,813.78
13.5491,0.0,0.0,0.0,0.0,0.0,0.0,0.0,0.0,33.33,46.86,19.14,285.89,19.25,224.73,130.46,55.11,0.0,814.77
13.5591,0.0,0.0,0.0,0.0,0.0,0.0,0.0,0.0,28.05,42.13,14.3,288.97,19.25,230.34,133.32,59.95,0.0,816.31
13.5691,0.0,0.0,0.0,0.0,0.0,0.0,0.0,0.0,24.53,37.51,11.88,288.97,19.25,235.95,139.15,62.37,0.0,819.61
13.579,0.0,0.0,0.0,0.0,0.0,0.0,0.0,0.0,19.25,32.78,11.88,288.97,19.25,241.45,142.12,67.32,0.0,823.02
13.589,0.0,0.0,0.0,0.0,0.0,0.0,0.0,0.0,15.73,25.74,9.57,288.97,19.25,244.31,147.84,72.16,0.0,823.57
13.599,0.0,0.0,0.0,0.0,0.0,0.0,0.0,0.0,13.97,21.01,7.15,288.97,19.25,249.92,153.67,74.69,0.0,828.63
13.609,0.0,0.0,0.0,0.0,0.0,0.0,0.0,0.0,12.21,16.39,7.15,288.97,19.25,255.42,159.5,79.53,0.0,838.42
13.619,0.0,0.0,0.0,0.0,0.0,0.0,0.0,0.0,10.45,13.97,7.15,288.97,19.25,261.03,165.33,84.48,0.0,850.63
13.629,0.0,0.0,0.0,0.0,0.0,0.0,0.0,0.0,8.69,11.66,4.73,285.89,19.25,263.89,171.27,89.32,0.0,854.7
13.639,0.0,0.0,0.0,0.0,0.0,0.0,0.0,0.0,6.93,9.35,4.73,279.51,19.25,269.39,177.21,94.27,0.0,860.64
13.649,0.0,0.0,0.0,0.0,0.0,0.0,0.0,0.0,6.93,6.93,0.0,273.46,19.25,272.25,183.15,101.53,0.0,863.5
13.659,0.0,0.0,0.0,0.0,0.0,0.0,0.0,0.0,5.17,6.93,0.0,261.8,16.5,277.86,186.12,108.9,0.0,863.28
13.669,0.0,0.0,0.0,0.0,0.0,0.0,0.0,0.0,5.17,4.62,0.0,247.28,16.5,277.86,192.06,116.05,0.0,859.54
13.679,0.0,0.0,0.0,0.0,0.0,0.0,0.0,0.0,5.17,4.62,0.0,232.76,13.75,277.86,195.14,120.45,0.0,849.75
13.689,0.0,0.0,0.0,0.0,0.0,0.0,0.0,0.0,3.41,4.62,0.0,214.39,11.0,277.86,195.14,127.16,0.0,833.58
13.699,0.0,0.0,0.0,0.0,0.0,0.0,0.0,0.0,3.41,0.0,0.0,191.95,8.25,277.86,198.11,133.87,0.0,813.45
13.709,4.62,0.0,0.0,0.0,0.0,0.0,0.0,0.0,3.41,0.0,0.0,169.62,5.5,275.0,198.11,140.58,4.62,792.22
13.719,16.17,0.0,0.0,0.0,0.0,0.0,0.0,0.0,0.0,0.0,0.0,144.32,5.5,272.25,198.11,145.09,16.17,765.27
13.729,71.17,11.66,0.0,0.0,0.0,0.0,0.0,0.0,0.0,0.0,0.0,119.02,0.0,266.64,201.08,151.8,82.83,738.54
13.739,238.92,48.73,7.26,0.0,0.0,0.0,0.0,0.0,0.0,0.0,0.0,93.94,0.0,255.42,201.08,158.51,294.91,708.95
13.749,249.26,67.54,24.2,3.41,0.0,0.0,0.0,0.0,0.0,0.0,0.0,65.67,0.0,235.95,201.08,163.02,344.41,665.72
13.759,241.45,96.14,43.56,13.75,0.0,0.0,0.0,0.0,0.0,0.0,0.0,39.6,0.0,205.81,198.11,167.53,394.9,611.05
13.769,244.09,124.3,58.08,24.09,0.0,5.83,0.0,0.0,0.0,0.0,0.0,25.41,0.0,165.44,195.14,167.53,456.39,553.52
13.779,249.26,147.29,67.54,36.19,0.0,9.68,0.0,3.52,0.0,0.0,0.0,22.55,0.0,108.24,177.21,158.51,513.48,466.51
13.789,251.9,164.01,74.58,51.7,0.0,19.47,4.51,5.28,0.0,0.0,0.0,16.94,5.5,64.79,142.12,145.09,571.45,374.44
13.799,251.9,175.12,84.04,63.03,0.0,39.05,7.59,10.56,0.0,0.0,0.0,14.08,5.5,40.37,92.29,129.47,631.29,281.71
13.809,259.6,188.76,93.5,71.83,0.0,56.65,19.8,14.08,0.0,0.0,0.0,11.22,0.0,28.49,59.51,111.32,704.22,210.54
13.819,270.05,200.09,105.27,78.43,6.27,67.54,35.09,17.6,0.0,0.0,0.0,8.47,0.0,18.92,46.2,84.48,780.34,158.07
13.829,277.86,206.91,114.84,80.63,12.65,78.76,48.84,22.88,0.0,0.0,0.0,0.0,0.0,14.19,33.33,55.11,843.37,102.63
13.839,282.92,211.42,124.74,85.03,19.03,87.67,60.06,26.4,0.0,0.0,0.0,0.0,0.0,9.46,23.1,25.41,897.27,57.97
13.849,282.92,211.42,132.22,89.54,23.21,94.49,70.95,28.27,0.0,0.0,0.0,0.0,0.0,4.73,15.4,4.18,933.02,24.31
13.859,277.86,211.42,132.22,93.94,27.5,101.2,78.21,30.03,0.0,0.0,0.0,0.0,0.0,0.0,12.76,0.0,952.38,12.76
13.869,272.58,206.91,129.69,98.34,29.59,107.91,83.71,30.03,0.0,0.0,0.0,0.0,0.0,0.0,7.7,0.0,958.76,7.7
13.879,262.24,202.4,127.27,100.54,29.59,110.11,87.23,31.79,0.0,0.0,0.0,0.0,0.0,0.0,7.7,0.0,951.17,7.7
13.889,254.43,195.58,122.32,104.94,31.68,114.51,90.86,31.79,0.0,0.0,0.0,0.0,0.0,0.0,5.06,0.0,946.11,5.06
13.899,244.09,188.76,117.37,107.14,33.88,116.6,92.73,33.55,0.0,0.0,0.0,0.0,0.0,0.0,0.0,0.0,934.12,0.0
13.909,236.28,181.94,112.42,109.34,33.88,116.6,92.73,33.55,0.0,0.0,0.0,0.0,0.0,0.0,0.0,0.0,916.74,0.0
13.919,225.94,172.81,110.0,111.54,33.88,118.69,94.49,33.55,0.0,0.0,0.0,0.0,0.0,0.0,0.0,0.0,900.9,0.0
13.929,216.04,164.01,105.27,113.85,33.88,120.78,94.49,33.55,0.0,0.0,0.0,0.0,0.0,0.0,0.0,0.0,881.87,0.0
13.939,206.36,155.65,100.54,116.05,35.97,120.78,96.36,33.55,0.0,0.0,0.0,0.0,0.0,0.0,0.0,0.0,865.26,0.0
13.949,196.68,147.29,93.5,116.05,35.97,122.98,96.36,33.55,0.0,0.0,0.0,0.0,0.0,0.0,0.0,0.0,842.38,0.0
13.959,184.47,136.84,88.77,118.25,38.06,122.98,99.99,33.55,0.0,0.0,0.0,0.0,0.0,0.0,0.0,0.0,822.91,0.0
13.969,169.95,124.3,81.73,120.56,38.06,125.07,101.75,33.55,0.0,0.0,0.0,0.0,0.0,0.0,0.0,0.0,794.97,0.0
13.979,155.21,113.85,74.58,122.76,40.15,129.25,107.25,35.31,0.0,0.0,0.0,0.0,0.0,0.0,0.0,0.0,778.36,0.0
13.989,142.89,102.74,69.85,122.76,42.35,131.45,110.88,35.31,0.0,0.0,0.0,0.0,0.0,0.0,0.0,0.0,758.23,0.0
13.999,130.57,89.54,62.81,124.96,42.35,133.54,116.49,35.31,0.0,0.0,0.0,0.0,0.0,0.0,0.0,0.0,735.57,0.0
14.009,115.83,80.74,58.08,124.96,44.44,137.72,122.54,37.07,0.0,0.0,0.0,0.0,0.0,0.0,0.0,0.0,721.38,0.0
14.019,104.28,69.74,50.82,127.27,46.53,142.01,130.57,37.07,0.0,0.0,0.0,0.0,0.0,0.0,0.0,0.0,708.29,0.0
14.029,91.08,60.94,45.98,127.27,46.53,146.19,138.6,38.83,0.0,0.0,0.0,0.0,0.0,0.0,0.0,0.0,695.42,0.0
14.039,79.97,52.58,41.14,127.27,48.62,150.48,146.74,40.59,0.0,0.0,0.0,0.0,0.0,0.0,0.0,0.0,687.39,0.0
14.049,71.17,44.77,36.3,127.27,48.62,154.66,156.75,42.35,0.0,0.0,0.0,0.0,0.0,0.0,0.0,0.0,681.89,0.0
14.059,60.17,38.94,29.04,127.27,50.82,158.95,166.87,45.87,0.0,0.0,0.0,0.0,0.0,0.0,0.0,0.0,677.93,0.0
14.069,48.73,35.09,24.2,124.96,50.82,163.13,177.21,47.63,0.0,0.0,0.0,0.0,0.0,0.0,0.0,0.0,671.77,0.0
14.079,39.49,29.15,19.36,124.96,50.82,165.33,189.64,49.39,0.0,0.0,0.0,0.0,0.0,0.0,0.0,0.0,668.14,0.0
14.089,30.14,23.32,16.94,122.76,50.82,169.73,202.07,51.15,0.0,0.0,0.0,0.0,0.0,0.0,0.0,0.0,666.93,0.0
14.099,25.52,19.47,14.52,120.56,52.91,171.93,214.39,54.67,0.0,0.0,0.0,0.0,0.0,0.0,0.0,0.0,673.97,0.0
14.109,20.9,15.51,12.1,118.25,52.91,174.13,224.84,54.67,0.0,0.0,0.0,0.0,0.0,0.0,0.0,0.0,673.31,0.0
14.119,18.59,13.64,9.68,116.05,55.0,176.33,238.04,58.52,0.0,0.0,0.0,0.0,0.0,0.0,0.0,0.0,685.85,0.0
14.129,16.17,11.66,9.68,113.85,55.0,178.53,249.04,58.52,0.0,0.0,0.0,0.0,0.0,0.0,0.0,0.0,692.45,0.0
14.139,13.86,7.7,7.26,109.34,55.0,180.73,257.95,60.5,0.0,0.0,0.0,0.0,0.0,0.0,0.0,0.0,692.34,0.0
14.149,11.55,7.7,4.84,104.94,52.91,182.93,266.75,62.59,0.0,0.0,0.0,0.0,0.0,0.0,0.0,0.0,694.21,0.0
14.159,9.24,5.83,4.84,100.54,52.91,182.93,273.35,64.57,0.0,0.0,0.0,0.0,0.0,0.0,0.0,0.0,694.21,0.0
14.169,6.93,5.83,0.0,91.74,48.62,182.93,280.17,66.55,0.0,0.0,0.0,0.0,0.0,0.0,0.0,0.0,682.77,0.0
14.179,6.93,3.85,0.0,82.83,46.53,182.93,284.68,68.64,0.0,0.0,0.0,0.0,0.0,0.0,0.0,0.0,676.39,0.0
14.189,4.62,3.85,0.0,71.83,42.35,182.93,286.88,70.62,0.0,0.0,0.0,0.0,0.0,0.0,0.0,0.0,663.08,0.0
14.199,4.62,3.85,0.0,63.03,38.06,180.73,289.19,74.69,0.0,0.0,0.0,0.0,0.0,0.0,0.0,0.0,654.17,0.0
14.209,0.0,0.0,0.0,53.35,31.68,178.53,286.88,76.67,3.41,0.0,0.0,0.0,0.0,0.0,0.0,0.0,627.11,3.41
14.219,0.0,0.0,0.0,46.53,25.41,176.33,282.37,80.74,19.25,0.0,0.0,0.0,0.0,0.0,0.0,0.0,611.38,19.25
14.229,0.0,0.0,0.0,37.84,19.03,171.93,277.86,82.72,105.71,9.35,0.0,0.0,0.0,0.0,0.0,0.0,589.38,115.06
14.239,0.0,0.0,0.0,31.02,14.74,165.33,268.95,86.79,207.79,35.09,4.73,0.0,0.0,0.0,0.0,0.0,566.83,247.61
14.249,0.0,0.0,0.0,22.33,10.56,150.48,260.15,88.77,207.79,63.36,14.3,5.61,0.0,0.0,0.0,0.0,532.29,291.06
14.259,0.0,0.0,0.0,15.51,6.27,131.45,251.35,90.86,210.1,96.47,28.71,28.27,0.0,0.0,0.0,0.0,495.44,363.55
14.269,0.0,0.0,0.0,11.99,4.18,105.6,240.24,90.86,212.41,128.04,35.86,62.48,0.0,0.0,0.0,0.0,452.87,438.79
14.279,0.0,0.0,0.0,10.34,4.18,76.56,220.66,88.77,224.07,153.12,43.12,97.02,0.0,4.73,5.06,0.0,400.51,527.12
14.289,0.0,0.0,0.0,10.34,4.18,46.86,185.46,82.72,219.34,160.6,45.43,122.21,0.0,16.61,5.06,0.0,329.56,569.25
14.299,0.0,0.0,0.0,6.82,6.27,31.24,134.64,74.69,219.34,170.61,50.27,141.13,0.0,40.37,7.7,0.0,253.66,629.42
14.309,0.0,0.0,0.0,5.17,4.18,21.45,81.84,60.5,226.49,180.29,55.11,156.97,0.0,59.4,10.23,4.18,173.14,692.67
14.319,0.0,0.0,0.0,3.41,0.0,15.62,47.3,45.87,236.28,189.97,60.5,169.62,0.0,72.93,15.4,6.27,112.2,750.97
14.329,0.0,0.0,0.0,0.0,0.0,13.64,35.09,33.55,243.76,197.23,66.0,182.38,0.0,83.82,20.46,10.56,82.28,804.21
14.339,0.0,0.0,0.0,0.0,0.0,7.81,27.5,21.12,251.13,204.49,68.75,191.95,0.0,91.96,28.27,14.74,56.43,851.29
14.349,0.0,0.0,0.0,0.0,0.0,5.83,21.34,12.32,253.55,209.33,71.39,198.44,5.5,94.6,33.33,14.74,39.49,880.88
14.359,0.0,0.0,0.0,0.0,0.0,3.85,15.18,5.28,248.6,209.33,68.75,208.01,5.5,100.1,35.97,16.94,24.31,893.2
14.369,0.0,0.0,0.0,0.0,0.0,0.0,10.67,3.52,243.76,211.75,68.75,217.58,5.5,102.74,38.5,19.03,14.19,907.61
14.379,0.0,0.0,0.0,0.0,0.0,0.0,10.67,0.0,233.86,209.33,63.25,226.93,5.5,105.49,38.5,19.03,10.67,901.89
14.389,0.0,0.0,0.0,0.0,0.0,0.0,9.13,0.0,221.65,204.49,60.5,232.76,5.5,108.24,41.03,21.12,9.13,895.29
14.399,0.0,0.0,0.0,0.0,0.0,0.0,7.59,0.0,210.1,199.65,60.5,241.45,8.25,110.99,43.67,21.12,7.59,895.73
14.409,0.0,0.0,0.0,0.0,0.0,0.0,6.05,0.0,196.24,192.39,57.75,250.14,8.25,113.63,43.67,23.21,6.05,885.28
14.419,0.0,0.0,0.0,0.0,0.0,0.0,4.51,0.0,184.58,185.13,55.11,258.94,8.25,116.38,46.2,23.21,4.51,877.8
14.429,0.0,0.0,0.0,0.0,0.0,0.0,4.51,0.0,170.72,177.87,52.69,264.77,8.25,121.88,48.73,25.41,4.51,870.32
14.439,0.0,0.0,0.0,0.0,0.0,0.0,2.97,0.0,159.72,168.19,50.27,270.6,11.0,124.52,51.37,25.41,2.97,861.08
14.449,0.0,0.0,0.0,0.0,0.0,0.0,2.97,0.0,149.16,160.6,47.85,279.51,11.0,130.02,53.9,27.5,2.97,859.54
14.459,0.0,0.0,0.0,0.0,0.0,0.0,0.0,0.0,136.4,150.59,45.43,285.89,11.0,132.77,53.9,27.5,0.0,843.48
14.469,0.0,0.0,0.0,0.0,0.0,0.0,0.0,0.0,125.84,140.58,40.7,295.35,11.0,138.16,56.54,29.59,0.0,837.76
14.479,0.0,0.0,0.0,0.0,0.0,0.0,0.0,0.0,115.28,133.1,40.7,304.81,13.75,140.91,59.51,29.59,0.0,837.65
14.489,0.0,0.0,0.0,0.0,0.0,0.0,0.0,0.0,105.71,123.09,38.28,314.27,13.75,146.3,62.48,29.59,0.0,833.47
14.499,0.0,0.0,0.0,0.0,0.0,0.0,0.0,0.0,98.01,115.5,35.86,320.54,13.75,154.55,65.45,31.79,0.0,835.45
14.509,0.0,0.0,0.0,0.0,0.0,0.0,0.0,0.0,90.42,105.93,33.44,326.92,16.5,159.94,68.42,31.79,0.0,833.36
14.519,0.0,0.0,0.0,0.0,0.0,0.0,0.0,0.0,82.72,98.78,33.44,336.05,16.5,168.19,74.36,33.88,0.0,843.92
14.529,0.0,0.0,0.0,0.0,0.0,0.0,0.0,0.0,73.15,91.74,31.13,339.02,16.5,173.47,77.33,33.88,0.0,836.22
14.539,0.0,0.0,0.0,0.0,0.0,0.0,0.0,0.0,67.43,82.28,28.71,344.96,16.5,181.61,80.3,33.88,0.0,835.67
14.549,0.0,0.0,0.0,0.0,0.0,0.0,0.0,0.0,59.84,75.13,26.29,347.93,19.25,189.64,86.35,35.97,0.0,840.4
14.559,0.0,0.0,0.0,0.0,0.0,0.0,0.0,0.0,54.45,70.4,26.29,350.9,19.25,197.67,89.32,35.97,0.0,844.25
14.569,0.0,0.0,0.0,0.0,0.0,0.0,0.0,0.0,47.41,65.67,23.87,350.9,19.25,203.06,95.26,38.06,0.0,843.48
14.579,0.0,0.0,0.0,0.0,0.0,0.0,0.0,0.0,43.89,60.94,21.56,353.87,19.25,213.84,101.2,40.26,0.0,854.81
14.589,0.0,0.0,0.0,0.0,0.0,0.0,0.0,0.0,40.37,56.21,21.56,353.87,19.25,221.98,107.14,42.35,0.0,862.73
14.599,0.0,0.0,0.0,0.0,0.0,0.0,0.0,0.0,36.85,51.59,19.14,353.87,19.25,230.34,113.08,46.53,0.0,870.65
14.609,0.0,0.0,0.0,0.0,0.0,0.0,0.0,0.0,31.57,49.17,19.14,353.87,22.0,235.95,118.91,50.82,0.0,881.43
14.619,0.0,0.0,0.0,0.0,0.0,0.0,0.0,0.0,28.05,46.86,16.72,353.87,22.0,244.31,127.6,57.53,0.0,896.94
14.629,0.0,0.0,0.0,0.0,0.0,0.0,0.0,0.0,24.53,42.13,14.3,350.9,22.0,249.92,133.32,62.37,0.0,899.47
14.639,0.0,0.0,0.0,0.0,0.0,0.0,0.0,0.0,21.01,35.09,11.88,347.93,22.0,258.28,142.12,67.32,0.0,905.63
14.649,0.0,0.0,0.0,0.0,0.0,0.0,0.0,0.0,17.49,30.47,9.57,341.99,24.75,261.03,147.84,74.69,0.0,907.83
14.659,0.0,0.0,0.0,0.0,0.0,0.0,0.0,0.0,13.97,23.43,9.57,339.02,24.75,266.64,156.53,79.53,0.0,913.44
14.669,0.0,0.0,0.0,0.0,0.0,0.0,0.0,0.0,12.21,18.7,7.15,330.11,24.75,269.39,165.33,84.48,0.0,912.12
14.679,0.0,0.0,0.0,0.0,0.0,0.0,0.0,0.0,10.45,13.97,7.15,317.46,24.75,272.25,171.27,89.32,0.0,906.62
14.689,0.0,0.0,0.0,0.0,0.0,0.0,0.0,0.0,8.69,11.66,4.73,304.81,24.75,275.0,177.21,91.74,0.0,898.59
14.699,0.0,0.0,0.0,0.0,0.0,0.0,0.0,0.0,6.93,9.35,0.0,285.89,22.0,275.0,183.15,94.27,0.0,876.59
14.709,4.62,0.0,0.0,0.0,0.0,0.0,0.0,0.0,5.17,6.93,0.0,261.8,22.0,275.0,189.09,99.11,4.62,859.1
14.719,11.55,0.0,0.0,0.0,0.0,0.0,0.0,0.0,5.17,4.62,0.0,238.59,16.5,277.86,192.06,106.48,11.55,841.28
14.729,32.45,5.83,0.0,0.0,0.0,0.0,0.0,0.0,3.41,4.62,0.0,214.39,16.5,275.0,198.11,111.32,38.28,823.35
14.739,110.99,23.32,0.0,0.0,0.0,0.0,0.0,0.0,3.41,0.0,0.0,188.76,11.0,275.0,198.11,118.25,134.31,794.53
14.749,216.04,52.58,12.1,0.0,0.0,0.0,0.0,0.0,3.41,0.0,0.0,160.05,8.25,269.39,201.08,124.96,280.72,767.14
14.759,220.88,71.94,24.2,3.41,0.0,0.0,0.0,0.0,0.0,0.0,0.0,128.48,5.5,258.28,204.05,131.67,320.43,727.98
14.769,220.88,93.94,38.72,13.75,0.0,0.0,0.0,0.0,0.0,0.0,0.0,93.94,0.0,241.45,204.05,136.18,367.29,675.62
14.779,223.41,113.85,45.98,20.68,0.0,0.0,0.0,0.0,0.0,0.0,0.0,59.4,0.0,216.59,204.05,142.89,403.92,622.93
14.789,225.94,132.66,53.24,27.5,0.0,5.83,0.0,0.0,0.0,0.0,0.0,33.88,0.0,178.86,204.05,147.29,445.17,564.08
14.799,228.58,145.2,60.39,37.84,0.0,9.68,0.0,0.0,0.0,0.0,0.0,22.55,0.0,130.02,192.06,149.6,481.69,494.23
14.809,231.11,155.65,65.12,44.77,0.0,21.45,0.0,3.52,0.0,0.0,0.0,19.8,0.0,75.68,168.3,140.58,521.62,404.36
14.819,241.45,168.3,74.58,49.94,0.0,35.09,4.51,8.8,0.0,0.0,0.0,14.08,5.5,45.1,124.63,127.16,582.67,316.47
14.829,254.43,181.94,84.04,55.11,0.0,46.86,13.75,12.32,0.0,0.0,0.0,14.08,0.0,30.8,74.36,113.85,648.45,233.09
14.839,270.05,195.58,95.81,58.63,0.0,54.67,24.42,15.84,0.0,0.0,0.0,8.47,0.0,21.34,51.37,94.27,715.0,175.45
14.849,285.45,206.91,105.27,60.83,8.47,63.03,36.63,19.36,0.0,0.0,0.0,5.61,0.0,16.61,38.5,64.9,785.95,125.62
14.859,295.68,213.73,112.42,65.23,10.56,67.54,42.68,21.12,0.0,0.0,0.0,5.61,0.0,11.88,28.27,38.06,828.96,83.82
14.869,298.21,218.24,117.37,67.43,14.74,72.05,48.84,22.88,0.0,0.0,0.0,0.0,0.0,7.04,17.93,12.65,859.76,37.62
14.879,300.85,220.55,119.79,69.63,16.94,76.56,53.46,24.64,0.0,0.0,0.0,0.0,0.0,4.73,10.23,0.0,882.42,14.96
14.889,295.68,220.55,119.79,74.03,19.03,80.96,58.3,26.4,0.0,0.0,0.0,0.0,0.0,0.0,10.23,0.0,894.74,10.23
14.899,290.62,218.24,119.79,78.43,21.12,85.47,63.69,26.4,0.0,0.0,0.0,0.0,0.0,0.0,7.7,0.0,903.76,7.7
14.909,282.92,213.73,117.37,80.63,23.21,89.98,67.32,28.27,0.0,0.0,0.0,0.0,0.0,0.0,5.06,0.0,903.43,5.06
14.919,272.58,206.91,114.84,82.83,23.21,94.49,70.95,28.27,0.0,0.0,0.0,0.0,0.0,0.0,0.0,0.0,894.08,0.0
14.929,262.24,200.09,110.0,85.03,25.41,96.69,76.45,30.03,0.0,0.0,0.0,0.0,0.0,0.0,0.0,0.0,885.94,0.0
14.939,251.9,190.96,107.69,87.34,27.5,98.89,80.08,30.03,0.0,0.0,0.0,0.0,0.0,0.0,0.0,0.0,874.39,0.0
14.949,244.09,181.94,105.27,89.54,29.59,101.2,83.71,30.03,0.0,0.0,0.0,0.0,0.0,0.0,0.0,0.0,865.37,0.0
14.959,231.11,170.61,100.54,89.54,31.68,103.4,87.23,31.79,0.0,0.0,0.0,0.0,0.0,0.0,0.0,0.0,845.9,0.0
14.969,220.88,161.92,98.23,89.54,31.68,105.6,90.86,31.79,0.0,0.0,0.0,0.0,0.0,0.0,0.0,0.0,830.5,0.0
14.979,211.2,153.56,93.5,91.74,33.88,107.91,94.49,31.79,0.0,0.0,0.0,0.0,0.0,0.0,0.0,0.0,818.07,0.0
14.989,201.52,145.2,88.77,93.94,33.88,110.11,98.12,31.79,0.0,0.0,0.0,0.0,0.0,0.0,0.0,0.0,803.33,0.0
14.999,189.31,134.75,84.04,96.14,35.97,114.51,99.99,33.55,0.0,0.0,0.0,0.0,0.0,0.0,0.0,0.0,788.26,0.0
15.0089,179.63,128.48,81.73,96.14,38.06,116.6,105.38,33.55,0.0,0.0,0.0,0.0,0.0,0.0,0.0,0.0,779.57,0.0
15.0189,169.95,120.12,77.0,98.34,38.06,118.69,109.01,33.55,0.0,0.0,0.0,0.0,0.0,0.0,0.0,0.0,764.72,0.0
15.0289,162.58,111.54,74.58,100.54,40.15,122.98,114.51,35.31,0.0,0.0,0.0,0.0,0.0,0.0,0.0,0.0,762.19,0.0
15.0389,152.68,102.74,69.85,102.74,42.35,125.07,120.45,37.07,0.0,0.0,0.0,0.0,0.0,0.0,0.0,0.0,752.95,0.0
15.0489,142.89,93.94,67.54,104.94,44.44,129.25,126.5,37.07,0.0,0.0,0.0,0.0,0.0,0.0,0.0,0.0,746.57,0.0
15.0589,130.57,87.34,62.81,107.14,44.44,135.63,134.64,38.83,0.0,0.0,0.0,0.0,0.0,0.0,0.0,0.0,741.4,0.0
15.0689,120.78,78.54,58.08,109.34,46.53,139.92,144.65,40.59,0.0,0.0,0.0,0.0,0.0,0.0,0.0,0.0,738.43,0.0
15.0789,108.68,69.74,53.24,111.54,48.62,146.19,154.77,42.35,0.0,0.0,0.0,0.0,0.0,0.0,0.0,0.0,735.13,0.0
15.0889,97.68,60.94,48.4,113.85,50.82,150.48,164.89,45.87,0.0,0.0,0.0,0.0,0.0,0.0,0.0,0.0,732.93,0.0
15.0989,86.68,54.56,43.56,116.05,52.91,156.86,175.12,47.63,0.0,0.0,0.0,0.0,0.0,0.0,0.0,0.0,733.37,0.0
15.1089,75.57,46.75,41.14,118.25,52.91,161.04,185.46,49.39,0.0,0.0,0.0,0.0,0.0,0.0,0.0,0.0,730.51,0.0
15.1189,64.57,40.92,33.88,118.25,55.0,165.33,197.89,51.15,0.0,0.0,0.0,0.0,0.0,0.0,0.0,0.0,726.99,0.0
15.1289,53.35,35.09,26.62,118.25,55.0,169.73,210.32,52.91,0.0,0.0,0.0,0.0,0.0,0.0,0.0,0.0,721.27,0.0
15.1389,41.8,29.15,21.78,116.05,57.2,174.13,224.84,56.54,0.0,0.0,0.0,0.0,0.0,0.0,0.0,0.0,721.49,0.0
15.1489,32.45,23.32,16.94,113.85,59.4,176.33,240.24,58.52,0.0,0.0,0.0,0.0,0.0,0.0,0.0,0.0,721.05,0.0
15.1589,25.52,17.49,14.52,109.34,59.4,178.53,253.55,60.5,6.93,0.0,0.0,0.0,0.0,0.0,0.0,0.0,718.85,6.93
15.1689,18.59,11.66,9.68,104.94,61.71,178.53,266.75,62.59,8.69,0.0,0.0,0.0,0.0,0.0,0.0,0.0,714.45,8.69
15.1789,16.17,9.68,7.26,96.14,59.4,178.53,277.86,62.59,10.45,0.0,0.0,0.0,0.0,0.0,0.0,0.0,707.63,10.45
15.1889,11.55,7.7,4.84,87.34,57.2,178.53,286.88,64.57,13.97,0.0,0.0,0.0,0.0,0.0,0.0,0.0,698.61,13.97
15.1989,9.24,5.83,0.0,76.23,52.91,176.33,291.39,66.55,24.53,0.0,0.0,0.0,0.0,0.0,0.0,0.0,678.48,24.53
15.2089,6.93,5.83,0.0,65.23,46.53,174.13,293.7,70.62,63.69,16.39,0.0,0.0,0.0,0.0,0.0,0.0,662.97,80.08
15.2189,4.62,3.85,0.0,55.11,40.15,174.13,291.39,72.6,170.72,56.21,14.3,0.0,0.0,0.0,0.0,0.0,641.85,241.23
15.2289,4.62,3.85,0.0,41.36,31.68,167.53,284.68,76.67,191.51,79.86,28.71,33.88,0.0,0.0,5.06,0.0,610.39,339.02
15.2389,0.0,0.0,0.0,29.26,23.21,154.66,277.86,80.74,200.86,108.24,43.12,68.75,0.0,0.0,7.7,0.0,565.73,428.67
15.2489,0.0,0.0,0.0,18.92,12.65,137.72,268.95,82.72,196.24,115.5,47.85,84.48,0.0,28.49,10.23,0.0,520.96,482.79
15.2589,0.0,0.0,0.0,10.34,6.27,112.42,255.75,86.79,186.89,120.56,47.85,100.21,0.0,52.25,15.4,4.18,471.57,527.34
15.2689,0.0,0.0,0.0,8.58,4.18,80.96,238.04,88.77,184.58,125.51,50.27,109.56,0.0,62.04,20.46,8.47,420.53,560.89
15.2789,0.0,0.0,0.0,6.82,4.18,46.86,208.23,86.79,186.89,133.1,55.11,115.94,0.0,72.93,33.33,10.56,352.88,607.86
15.2889,0.0,0.0,0.0,5.17,4.18,29.26,156.75,78.65,193.82,143.11,60.5,122.21,0.0,81.07,41.03,14.74,274.01,656.48
15.2989,0.0,0.0,0.0,3.41,4.18,19.47,98.12,62.59,203.17,150.59,66.0,128.48,5.5,89.21,48.73,16.94,187.77,708.62
15.3089,0.0,0.0,0.0,3.41,0.0,15.62,53.46,49.39,214.72,158.07,71.39,134.86,5.5,97.35,53.9,21.12,121.88,756.91
15.3189,0.0,0.0,0.0,0.0,0.0,11.66,36.63,37.07,221.65,165.66,79.64,141.13,8.25,108.24,62.48,23.21,85.36,810.26
15.3289,0.0,0.0,0.0,0.0,0.0,7.81,27.5,22.88,226.49,168.19,85.03,150.59,11.0,113.63,71.39,27.5,58.19,853.82
15.3389,0.0,0.0,0.0,0.0,0.0,5.83,18.26,12.32,226.49,170.61,85.03,160.05,11.0,121.88,77.33,29.59,36.41,881.98
15.3489,0.0,0.0,0.0,0.0,0.0,3.85,12.21,3.52,219.34,173.03,85.03,176.0,13.75,132.77,80.3,29.59,19.58,909.81
15.3589,0.0,0.0,0.0,0.0,0.0,0.0,10.67,0.0,210.1,173.03,82.39,188.76,13.75,140.91,83.27,31.79,10.67,924.0
15.3689,0.0,0.0,0.0,0.0,0.0,0.0,9.13,0.0,200.86,170.61,82.39,201.63,13.75,149.05,86.35,33.88,9.13,938.52
15.3789,0.0,0.0,0.0,0.0,0.0,0.0,7.59,0.0,193.82,165.66,79.64,211.2,13.75,157.19,89.32,35.97,7.59,946.55
15.3889,0.0,0.0,0.0,0.0,0.0,0.0,6.05,0.0,182.27,163.13,74.14,220.77,16.5,162.69,95.26,38.06,6.05,952.82
15.3989,0.0,0.0,0.0,0.0,0.0,0.0,6.05,0.0,170.72,153.12,71.39,226.93,16.5,168.19,101.2,38.06,6.05,946.11
15.4089,0.0,0.0,0.0,0.0,0.0,0.0,4.51,0.0,159.72,143.11,68.75,229.79,19.25,173.47,107.14,40.26,4.51,941.49
15.4189,0.0,0.0,0.0,0.0,0.0,0.0,2.97,0.0,149.16,135.52,66.0,229.79,19.25,176.22,113.08,40.26,2.97,929.28
15.4289,0.0,0.0,0.0,0.0,0.0,0.0,0.0,0.0,138.49,125.51,60.5,232.76,19.25,178.86,118.91,42.35,0.0,916.63
15.4389,0.0,0.0,0.0,0.0,0.0,0.0,0.0,0.0,125.84,115.5,57.75,232.76,22.0,184.25,121.77,42.35,0.0,902.22
15.4489,0.0,0.0,0.0,0.0,0.0,0.0,0.0,0.0,113.3,105.93,52.69,232.76,22.0,187.0,124.63,44.44,0.0,882.75
15.4589,0.0,0.0,0.0,0.0,0.0,0.0,0.0,0.0,103.73,98.78,50.27,232.76,22.0,189.64,130.46,44.44,0.0,872.08
15.4689,0.0,0.0,0.0,0.0,0.0,0.0,0.0,0.0,92.29,89.32,45.43,232.76,22.0,195.03,133.32,46.53,0.0,856.68
15.4789,0.0,0.0,0.0,0.0,0.0,0.0,0.0,0.0,82.72,79.86,43.12,232.76,24.75,197.67,139.15,48.73,0.0,848.76
15.4889,0.0,0.0,0.0,0.0,0.0,0.0,0.0,0.0,71.28,72.82,38.28,232.76,24.75,203.06,142.12,50.82,0.0,835.89
15.4989,0.0,0.0,0.0,0.0,0.0,0.0,0.0,0.0,63.69,65.67,35.86,232.76,24.75,205.81,147.84,52.91,0.0,829.29
15.5089,0.0,0.0,0.0,0.0,0.0,0.0,0.0,0.0,56.21,58.63,33.44,232.76,24.75,211.2,153.67,55.11,0.0,825.77
15.5189,0.0,0.0,0.0,0.0,0.0,0.0,0.0,0.0,49.17,51.59,31.13,229.79,27.5,216.59,162.36,59.95,0.0,828.08
15.5289,0.0,0.0,0.0,0.0,0.0,0.0,0.0,0.0,43.89,46.86,26.29,229.79,27.5,219.23,168.3,64.9,0.0,826.76
15.5389,0.0,0.0,0.0,0.0,0.0,0.0,0.0,0.0,38.61,42.13,23.87,226.93,27.5,224.73,174.24,67.32,0.0,825.33
15.5489,0.0,0.0,0.0,0.0,0.0,0.0,0.0,0.0,31.57,37.51,21.56,226.93,27.5,230.34,183.15,72.16,0.0,830.72
15.5589,0.0,0.0,0.0,0.0,0.0,0.0,0.0,0.0,26.29,32.78,19.14,226.93,27.5,235.95,189.09,74.69,0.0,832.37
15.5689,0.0,0.0,0.0,0.0,0.0,0.0,0.0,0.0,21.01,28.05,14.3,226.93,27.5,238.7,195.14,79.53,0.0,831.16
15.5789,0.0,0.0,0.0,0.0,0.0,0.0,0.0,0.0,17.49,21.01,11.88,224.07,27.5,244.31,204.05,81.95,0.0,832.26
15.5889,0.0,0.0,0.0,0.0,0.0,0.0,0.0,0.0,13.97,16.39,9.57,220.77,27.5,247.06,212.96,86.9,0.0,835.12
15.5989,0.0,0.0,0.0,0.0,0.0,0.0,0.0,0.0,12.21,11.66,7.15,214.39,27.5,249.92,218.9,89.32,0.0,831.05
15.6089,0.0,0.0,0.0,0.0,0.0,0.0,0.0,0.0,10.45,9.35,4.73,208.01,27.5,252.67,227.59,91.74,0.0,832.04
15.6189,0.0,0.0,0.0,0.0,0.0,0.0,0.0,0.0,8.69,6.93,4.73,201.63,27.5,255.42,233.2,96.69,0.0,834.79
15.6289,0.0,0.0,0.0,0.0,0.0,0.0,0.0,0.0,6.93,6.93,0.0,195.14,24.75,258.28,238.92,101.53,0.0,832.48
15.6389,0.0,0.0,0.0,0.0,0.0,0.0,0.0,0.0,6.93,4.62,0.0,185.57,24.75,261.03,247.39,106.48,0.0,836.77
15.6489,0.0,0.0,0.0,0.0,0.0,0.0,0.0,0.0,5.17,4.62,0.0,172.81,24.75,261.03,253.0,111.32,0.0,832.7
15.6589,0.0,0.0,0.0,0.0,0.0,0.0,0.0,0.0,5.17,0.0,0.0,160.05,22.0,261.03,255.86,116.05,0.0,820.16
15.6689,0.0,0.0,0.0,0.0,0.0,0.0,0.0,0.0,3.41,0.0,0.0,147.51,19.25,258.28,258.72,120.45,0.0,807.62
15.6789,0.0,0.0,0.0,0.0,0.0,0.0,0.0,0.0,3.41,0.0,0.0,128.48,16.5,255.42,264.33,124.96,0.0,793.1
15.6889,0.0,0.0,0.0,0.0,0.0,0.0,0.0,0.0,3.41,0.0,0.0,112.75,13.75,249.92,264.33,129.47,0.0,773.63
15.6989,0.0,0.0,0.0,0.0,0.0,0.0,0.0,0.0,0.0,0.0,0.0,93.94,11.0,244.31,264.33,133.87,0.0,747.45
15.7089,9.24,0.0,0.0,0.0,0.0,0.0,0.0,0.0,0.0,0.0,0.0,75.02,8.25,238.7,267.19,138.38,9.24,727.54
15.7189,46.42,5.83,0.0,0.0,0.0,0.0,0.0,0.0,0.0,0.0,0.0,59.4,5.5,230.34,264.33,142.89,52.25,702.46
15.7289,231.11,42.79,0.0,0.0,0.0,0.0,0.0,0.0,0.0,0.0,0.0,45.21,0.0,216.59,264.33,149.6,273.9,675.73
15.7389,285.45,69.74,21.78,3.41,0.0,0.0,0.0,0.0,0.0,0.0,0.0,33.88,0.0,200.42,264.33,154.0,380.38,652.63
15.7489,264.88,100.54,41.14,13.75,0.0,0.0,0.0,0.0,0.0,0.0,0.0,19.8,0.0,170.83,261.47,158.51,420.31,610.61
15.7589,257.07,132.66,58.08,25.85,0.0,5.83,0.0,3.52,0.0,0.0,0.0,16.94,0.0,130.02,250.14,160.71,483.01,557.81
15.7689,257.07,155.65,65.12,39.6,0.0,9.68,2.97,5.28,0.0,0.0,0.0,14.08,0.0,81.07,230.45,158.51,535.37,484.11
15.7789,257.07,172.81,72.27,56.87,0.0,19.47,4.51,7.04,0.0,0.0,0.0,11.22,0.0,49.83,189.09,147.29,590.04,397.43
15.7889,249.26,181.94,77.0,69.63,0.0,37.07,6.05,10.56,0.0,0.0,0.0,8.47,0.0,35.64,127.6,131.67,631.51,303.38
15.7989,254.43,193.27,84.04,80.63,0.0,54.67,15.18,15.84,0.0,0.0,0.0,8.47,0.0,28.49,74.36,113.85,698.06,225.17
15.8089,262.24,204.6,95.81,87.34,4.18,67.54,25.96,17.6,0.0,0.0,0.0,5.61,0.0,21.34,53.9,89.32,765.27,170.17
15.8189,270.05,209.11,105.27,91.74,10.56,78.76,42.68,22.88,0.0,0.0,0.0,0.0,0.0,16.61,41.03,62.37,831.05,120.01
15.8289,275.22,213.73,114.84,96.14,16.94,89.98,55.0,26.4,0.0,0.0,0.0,0.0,0.0,11.88,25.63,27.5,888.25,65.01
15.8389,277.86,213.73,122.32,100.54,21.12,98.89,65.56,30.03,0.0,0.0,0.0,0.0,0.0,7.04,17.93,6.27,930.05,31.24
15.8489,272.58,211.42,122.32,107.14,25.41,105.6,74.58,31.79,0.0,0.0,0.0,0.0,0.0,4.73,12.76,0.0,950.84,17.49
15.8589,264.88,206.91,119.79,113.85,29.59,112.42,80.08,33.55,0.0,0.0,0.0,0.0,0.0,0.0,10.23,0.0,961.07,10.23
15.8689,251.9,200.09,114.84,120.56,29.59,118.69,85.47,33.55,0.0,0.0,0.0,0.0,0.0,0.0,10.23,0.0,954.69,10.23
15.8789,236.28,188.76,110.0,124.96,31.68,122.98,90.86,33.55,0.0,0.0,0.0,0.0,0.0,0.0,7.7,0.0,939.07,7.7
15.8889,220.88,177.43,102.96,127.27,33.88,127.16,98.12,35.31,0.0,0.0,0.0,0.0,0.0,0.0,7.7,0.0,923.01,7.7
15.8989,208.78,164.01,100.54,129.47,38.06,131.45,105.38,35.31,0.0,0.0,0.0,0.0,0.0,0.0,7.7,0.0,913.0,7.7
15.9089,196.68,151.47,93.5,131.67,38.06,135.63,110.88,37.07,0.0,0.0,0.0,0.0,0.0,0.0,5.06,0.0,894.96,5.06
15.9189,184.47,141.02,88.77,131.67,42.35,137.72,118.47,38.83,0.0,0.0,0.0,0.0,0.0,0.0,5.06,0.0,883.3,5.06
15.9289,169.95,128.48,84.04,131.67,44.44,139.92,124.52,38.83,0.0,0.0,0.0,0.0,0.0,0.0,5.06,0.0,861.85,5.06
15.9389,152.68,113.85,74.58,131.67,44.44,142.01,130.57,40.59,0.0,0.0,0.0,0.0,0.0,0.0,0.0,0.0,830.39,0.0
15.9489,135.52,100.54,67.54,131.67,46.53,144.1,134.64,40.59,0.0,0.0,0.0,0.0,0.0,0.0,0.0,0.0,801.13,0.0
15.9589,118.36,87.34,58.08,129.47,46.53,146.19,140.69,42.35,0.0,0.0,0.0,0.0,0.0,0.0,0.0,0.0,769.01,0.0
15.9689,102.08,74.14,50.82,129.47,46.53,148.39,144.65,44.11,0.0,0.0,0.0,0.0,0.0,0.0,0.0,0.0,740.19,0.0
15.9789,88.88,60.94,43.56,129.47,46.53,150.48,148.72,44.11,0.0,0.0,0.0,0.0,0.0,0.0,0.0,0.0,712.69,0.0
15.9889,75.57,52.58,36.3,129.47,46.53,154.66,152.79,45.87,0.0,0.0,0.0,0.0,0.0,0.0,0.0,0.0,693.77,0.0
15.9989,62.37,44.77,29.04,129.47,46.53,156.86,156.75,45.87,0.0,0.0,0.0,0.0,0.0,0.0,0.0,0.0,671.66,0.0
16.0089,48.73,36.96,21.78,129.47,46.53,158.95,162.8,47.63,0.0,0.0,0.0,0.0,0.0,0.0,0.0,0.0,652.85,0.0
16.0189,34.76,29.15,14.52,127.27,44.44,161.04,168.96,47.63,0.0,0.0,0.0,0.0,0.0,0.0,0.0,0.0,627.77,0.0
16.0289,25.52,23.32,12.1,124.96,44.44,163.13,175.12,49.39,0.0,0.0,0.0,0.0,0.0,0.0,0.0,0.0,617.98,0.0
16.0389,20.9,19.47,9.68,122.76,42.35,165.33,181.28,51.15,0.0,0.0,0.0,0.0,0.0,0.0,0.0,0.0,612.92,0.0
16.0489,16.17,13.64,7.26,118.25,42.35,167.53,189.64,52.91,0.0,0.0,0.0,0.0,0.0,0.0,0.0,0.0,607.75,0.0
16.0589,13.86,11.66,7.26,116.05,42.35,169.73,197.89,54.67,0.0,0.0,0.0,0.0,0.0,0.0,0.0,0.0,613.47,0.0
16.0689,11.55,9.68,4.84,113.85,42.35,171.93,206.14,54.67,0.0,0.0,0.0,0.0,0.0,0.0,0.0,0.0,615.01,0.0
16.0789,9.24,7.7,4.84,109.34,42.35,171.93,214.39,60.5,0.0,0.0,0.0,0.0,0.0,0.0,0.0,0.0,620.29,0.0
16.0889,9.24,7.7,4.84,107.14,40.15,176.33,220.66,58.52,0.0,0.0,0.0,0.0,0.0,0.0,0.0,0.0,624.58,0.0
16.0989,6.93,5.83,0.0,104.94,40.15,176.33,229.24,60.5,0.0,0.0,0.0,0.0,0.0,0.0,0.0,0.0,623.92,0.0
16.1089,6.93,5.83,0.0,100.54,40.15,178.53,235.84,62.59,0.0,0.0,0.0,0.0,0.0,0.0,0.0,0.0,630.41,0.0
16.1189,6.93,5.83,0.0,96.14,40.15,180.73,244.64,64.57,0.0,0.0,0.0,0.0,0.0,0.0,0.0,0.0,638.99,0.0
16.1289,4.62,3.85,0.0,91.74,38.06,182.93,251.35,68.64,0.0,0.0,0.0,0.0,0.0,0.0,0.0,0.0,641.19,0.0
16.1389,4.62,3.85,0.0,87.34,35.97,185.13,257.95,70.62,0.0,0.0,0.0,0.0,0.0,0.0,0.0,0.0,645.48,0.0
16.1489,4.62,3.85,0.0,80.63,33.88,185.13,262.35,74.69,0.0,0.0,0.0,0.0,0.0,0.0,0.0,0.0,645.15,0.0
16.1589,0.0,0.0,0.0,74.03,31.68,182.93,268.95,80.74,0.0,0.0,0.0,0.0,0.0,0.0,0.0,0.0,638.33,0.0
16.1689,0.0,0.0,0.0,65.23,29.59,182.93,271.15,84.81,0.0,0.0,0.0,0.0,0.0,0.0,0.0,0.0,633.71,0.0
16.1789,0.0,0.0,0.0,56.87,25.41,180.73,271.15,88.77,0.0,0.0,0.0,0.0,0.0,0.0,0.0,0.0,622.93,0.0
16.1889,0.0,0.0,0.0,49.94,23.21,178.53,271.15,92.84,0.0,0.0,0.0,0.0,0.0,0.0,0.0,0.0,615.67,0.0
16.1989,0.0,0.0,0.0,43.01,16.94,176.33,266.75,98.89,3.41,0.0,0.0,0.0,0.0,0.0,0.0,0.0,601.92,3.41
16.2089,0.0,0.0,0.0,36.19,12.65,171.93,260.15,102.96,24.53,0.0,0.0,0.0,0.0,0.0,0.0,0.0,583.88,24.53
16.2189,0.0,0.0,0.0,31.02,8.47,165.33,253.55,104.94,161.81,28.05,4.73,0.0,0.0,0.0,0.0,0.0,563.31,194.59
16.2289,0.0,0.0,0.0,22.33,6.27,152.57,244.64,109.01,243.76,56.21,11.88,0.0,0.0,0.0,0.0,0.0,534.82,311.85
16.2389,0.0,0.0,0.0,15.51,4.18,133.54,231.44,110.99,233.86,96.47,31.13,31.02,0.0,0.0,0.0,0.0,495.66,392.48
16.2489,0.0,0.0,0.0,13.75,4.18,107.91,216.48,109.01,236.28,135.52,43.12,62.48,0.0,0.0,0.0,0.0,451.33,477.4
16.2589,0.0,0.0,0.0,11.99,6.27,74.25,189.64,104.94,241.23,158.07,52.69,106.48,0.0,16.61,0.0,0.0,387.09,575.08
16.2689,0.0,0.0,0.0,10.34,6.27,46.86,144.65,96.91,238.81,168.19,55.11,125.4,0.0,37.95,7.7,0.0,305.03,633.16
16.2789,0.0,0.0,0.0,8.58,6.27,31.24,89.1,84.81,233.86,170.61,60.5,144.32,0.0,67.54,10.23,6.27,220.0,693.33
16.2889,0.0,0.0,0.0,5.17,0.0,21.45,48.84,68.64,238.81,180.29,71.39,156.97,0.0,89.21,25.63,12.65,144.1,774.95
16.2989,0.0,0.0,0.0,3.41,0.0,15.62,35.09,47.63,246.18,187.55,76.89,163.24,0.0,97.35,38.5,19.03,101.75,828.74
16.3089,0.0,0.0,0.0,0.0,0.0,11.66,28.93,30.03,253.55,194.81,85.03,172.81,8.25,108.24,51.37,23.21,70.62,897.27
16.3189,0.0,0.0,0.0,0.0,0.0,7.81,22.88,19.36,258.5,194.81,93.28,179.19,11.0,119.13,65.45,27.5,50.05,948.86
16.3289,0.0,0.0,0.0,0.0,0.0,5.83,16.72,10.56,258.5,194.81,96.03,182.38,11.0,127.27,74.36,29.59,33.11,973.94
16.3389,0.0,0.0,0.0,0.0,0.0,3.85,12.21,3.52,253.55,194.81,96.03,188.76,13.75,132.77,80.3,31.79,19.58,991.76
16.3489,0.0,0.0,0.0,0.0,0.0,0.0,10.67,3.52,243.76,189.97,93.28,195.14,13.75,138.16,83.27,33.88,14.19,991.21
16.3589,0.0,0.0,0.0,0.0,0.0,0.0,9.13,0.0,231.44,185.13,90.53,204.82,16.5,143.66,89.32,35.97,9.13,997.37
16.3689,0.0,0.0,0.0,0.0,0.0,0.0,7.59,0.0,217.03,177.87,87.78,211.2,16.5,151.8,92.29,38.06,7.59,992.53
16.3789,0.0,0.0,0.0,0.0,0.0,0.0,4.51,0.0,200.86,170.61,82.39,217.58,16.5,159.94,101.2,40.26,4.51,989.34
16.3889,0.0,0.0,0.0,0.0,0.0,0.0,2.97,0.0,186.89,160.6,79.64,224.07,19.25,165.44,107.14,42.35,2.97,985.38
16.3989,0.0,0.0,0.0,0.0,0.0,0.0,0.0,0.0,170.72,150.59,74.14,229.79,22.0,170.83,113.08,44.44,0.0,975.59
16.4089,0.0,0.0,0.0,0.0,0.0,0.0,0.0,0.0,155.43,138.05,71.39,232.76,22.0,178.86,118.91,44.44,0.0,961.84
16.4189,0.0,0.0,0.0,0.0,0.0,0.0,0.0,0.0,140.69,125.51,66.0,235.62,22.0,184.25,124.63,48.73,0.0,947.43
16.4288,0.0,0.0,0.0,0.0,0.0,0.0,0.0,0.0,125.84,115.5,60.5,238.59,24.75,187.0,130.46,50.82,0.0,933.46
16.4388,0.0,0.0,0.0,0.0,0.0,0.0,0.0,0.0,111.43,103.51,55.11,238.59,24.75,192.39,133.32,52.91,0.0,912.01
16.4488,0.0,0.0,0.0,0.0,0.0,0.0,0.0,0.0,98.01,91.74,50.27,238.59,24.75,195.03,136.29,55.11,0.0,889.79
16.4588,0.0,0.0,0.0,0.0,0.0,0.0,0.0,0.0,86.57,82.28,45.43,238.59,24.75,197.67,142.12,57.53,0.0,874.94
16.4688,0.0,0.0,0.0,0.0,0.0,0.0,0.0,0.0,75.13,72.82,40.7,235.62,24.75,200.42,144.98,59.95,0.0,854.37
16.4788,0.0,0.0,0.0,0.0,0.0,0.0,0.0,0.0,65.56,65.67,38.28,235.62,27.5,205.81,147.84,64.9,0.0,851.18
16.4888,0.0,0.0,0.0,0.0,0.0,0.0,0.0,0.0,57.97,58.63,33.44,235.62,24.75,208.45,150.81,67.32,0.0,836.99
16.4988,0.0,0.0,0.0,0.0,0.0,0.0,0.0,0.0,49.17,53.9,31.13,232.76,24.75,211.2,153.67,69.74,0.0,826.32
16.5088,0.0,0.0,0.0,0.0,0.0,0.0,0.0,0.0,42.13,46.86,28.71,232.76,24.75,213.84,159.5,72.16,0.0,820.71
16.5188,0.0,0.0,0.0,0.0,0.0,0.0,0.0,0.0,35.09,42.13,23.87,229.79,24.75,216.59,162.36,74.69,0.0,809.27
16.5288,0.0,0.0,0.0,0.0,0.0,0.0,0.0,0.0,29.81,37.51,19.14,226.93,24.75,219.23,168.3,77.11,0.0,802.78
16.5388,0.0,0.0,0.0,0.0,0.0,0.0,0.0,0.0,24.53,30.47,16.72,224.07,24.75,224.73,177.21,81.95,0.0,804.43
16.5488,0.0,0.0,0.0,0.0,0.0,0.0,0.0,0.0,19.25,25.74,11.88,220.77,24.75,227.48,183.15,84.48,0.0,797.5
16.5588,0.0,0.0,0.0,0.0,0.0,0.0,0.0,0.0,15.73,18.7,9.57,217.58,24.75,230.34,192.06,86.9,0.0,795.63
16.5688,0.0,0.0,0.0,0.0,0.0,0.0,0.0,0.0,12.21,13.97,9.57,211.2,24.75,233.09,201.08,89.32,0.0,795.19
16.5788,0.0,0.0,0.0,0.0,0.0,0.0,0.0,0.0,10.45,11.66,7.15,204.82,27.5,235.95,209.99,94.27,0.0,801.79
16.5888,0.0,0.0,0.0,0.0,0.0,0.0,0.0,0.0,8.69,9.35,4.73,198.44,24.75,241.45,218.9,99.11,0.0,805.42
16.5988,0.0,0.0,0.0,0.0,0.0,0.0,0.0,0.0,8.69,6.93,4.73,191.95,24.75,244.31,227.59,104.06,0.0,813.01
16.6088,0.0,0.0,0.0,0.0,0.0,0.0,0.0,0.0,6.93,6.93,0.0,185.57,24.75,247.06,236.06,106.48,0.0,813.78
16.6188,0.0,0.0,0.0,0.0,0.0,0.0,0.0,0.0,6.93,4.62,0.0,179.19,24.75,249.92,241.67,111.32,0.0,818.4
16.6288,0.0,0.0,0.0,0.0,0.0,0.0,0.0,0.0,5.17,4.62,0.0,172.81,24.75,252.67,250.14,113.85,0.0,824.01
16.6388,0.0,0.0,0.0,0.0,0.0,0.0,0.0,0.0,5.17,0.0,0.0,163.24,24.75,252.67,255.86,118.25,0.0,819.94
16.6488,4.62,0.0,0.0,0.0,0.0,0.0,0.0,0.0,5.17,0.0,0.0,150.59,22.0,252.67,261.47,122.76,4.62,814.66
16.6588,6.93,0.0,0.0,0.0,0.0,0.0,0.0,0.0,3.41,0.0,0.0,137.94,19.25,252.67,267.19,127.16,6.93,807.62
16.6688,9.24,0.0,0.0,0.0,0.0,0.0,0.0,0.0,3.41,0.0,0.0,122.21,16.5,249.92,269.94,131.67,9.24,793.65
16.6788,20.9,0.0,0.0,0.0,0.0,0.0,0.0,0.0,0.0,0.0,0.0,103.29,13.75,244.31,269.94,136.18,20.9,767.47
16.6888,62.37,11.66,0.0,0.0,0.0,0.0,0.0,0.0,0.0,0.0,0.0,87.56,11.0,238.7,272.8,140.58,74.03,750.64
16.6988,194.15,44.77,12.1,0.0,0.0,0.0,0.0,0.0,0.0,0.0,0.0,71.94,8.25,230.34,272.8,147.29,251.02,730.62
16.7088,236.28,71.94,31.46,3.41,0.0,0.0,0.0,0.0,0.0,0.0,0.0,53.68,0.0,216.59,269.94,151.8,343.09,692.01
16.7188,231.11,100.54,48.4,20.68,0.0,3.85,0.0,0.0,0.0,0.0,0.0,36.74,0.0,192.39,267.19,156.31,404.58,652.63
16.7288,231.11,124.3,60.39,29.26,0.0,9.68,0.0,3.52,0.0,0.0,0.0,22.55,0.0,154.55,261.47,160.71,458.26,599.28
16.7388,228.58,141.02,65.12,41.36,0.0,21.45,0.0,7.04,0.0,0.0,0.0,16.94,0.0,105.49,250.14,160.71,504.57,533.28
16.7488,231.11,153.56,72.27,49.94,0.0,39.05,7.59,10.56,0.0,0.0,0.0,14.08,0.0,62.04,221.98,154.0,564.08,452.1
16.7588,231.11,161.92,77.0,56.87,0.0,52.69,16.72,15.84,0.0,0.0,0.0,11.22,0.0,37.95,171.27,140.58,612.15,361.02
16.7688,238.92,175.12,86.35,60.83,6.27,65.34,33.55,21.12,0.0,0.0,0.0,8.47,5.5,28.49,110.22,120.45,687.5,273.13
16.7788,246.73,181.94,95.81,65.23,10.56,74.25,45.76,24.64,0.0,0.0,0.0,8.47,0.0,23.65,68.42,101.53,744.92,202.07
16.7888,251.9,188.76,105.27,69.63,14.74,83.27,58.3,28.27,0.0,0.0,0.0,5.61,0.0,18.92,48.73,77.11,800.14,150.37
16.7988,259.6,193.27,114.84,74.03,21.12,92.18,72.82,30.03,0.0,0.0,0.0,0.0,0.0,14.19,35.97,48.73,857.89,98.89
16.8088,262.24,195.58,119.79,78.43,23.21,101.2,83.71,33.55,0.0,0.0,0.0,0.0,0.0,9.46,23.1,21.12,897.71,53.68
16.8188,254.43,193.27,119.79,87.34,27.5,110.11,92.73,35.31,0.0,0.0,0.0,0.0,0.0,4.73,15.4,4.18,920.48,24.31
16.8288,246.73,188.76,117.37,93.94,29.59,118.69,99.99,38.83,0.0,0.0,0.0,0.0,0.0,0.0,10.23,0.0,933.9,10.23
16.8388,236.28,179.63,112.42,100.54,29.59,125.07,109.01,42.35,0.0,0.0,0.0,0.0,0.0,0.0,7.7,0.0,934.89,7.7
16.8488,220.88,170.61,107.69,107.14,31.68,133.54,116.49,45.87,0.0,0.0,0.0,0.0,0.0,0.0,7.7,0.0,933.9,7.7
16.8588,206.36,159.83,102.96,113.85,33.88,139.92,124.52,47.63,0.0,0.0,0.0,0.0,0.0,0.0,5.06,0.0,928.95,5.06
16.8688,191.73,147.29,95.81,118.25,35.97,146.19,130.57,51.15,0.0,0.0,0.0,0.0,0.0,0.0,5.06,0.0,916.96,5.06
16.8788,177.21,134.75,88.77,122.76,35.97,150.48,136.62,52.91,0.0,0.0,0.0,0.0,0.0,0.0,0.0,0.0,899.47,0.0
16.8888,162.58,124.3,81.73,124.96,38.06,154.66,142.67,52.91,0.0,0.0,0.0,0.0,0.0,0.0,0.0,0.0,881.87,0.0
16.8988,150.26,111.54,74.58,127.27,38.06,156.86,146.74,54.67,0.0,0.0,0.0,0.0,0.0,0.0,0.0,0.0,859.98,0.0
16.9088,135.52,100.54,67.54,129.47,40.15,158.95,150.7,54.67,0.0,0.0,0.0,0.0,0.0,0.0,0.0,0.0,837.54,0.0
16.9188,120.78,87.34,60.39,129.47,40.15,161.04,152.79,56.54,0.0,0.0,0.0,0.0,0.0,0.0,0.0,0.0,808.5,0.0
16.9288,106.48,78.54,53.24,129.47,40.15,161.04,154.77,56.54,0.0,0.0,0.0,0.0,0.0,0.0,0.0,0.0,780.23,0.0
16.9388,93.28,67.54,45.98,129.47,40.15,163.13,156.75,56.54,0.0,0.0,0.0,0.0,0.0,0.0,0.0,0.0,752.84,0.0
16.9488,82.17,58.74,38.72,129.47,40.15,163.13,158.84,56.54,0.0,0.0,0.0,0.0,0.0,0.0,0.0,0.0,727.76,0.0
16.9588,71.17,50.6,33.88,129.47,40.15,163.13,158.84,56.54,0.0,0.0,0.0,0.0,0.0,0.0,0.0,0.0,703.78,0.0
16.9688,62.37,42.79,26.62,129.47,40.15,165.33,158.84,56.54,0.0,0.0,0.0,0.0,0.0,0.0,0.0,0.0,682.11,0.0
16.9788,48.73,36.96,21.78,131.67,38.06,165.33,160.82,56.54,0.0,0.0,0.0,0.0,0.0,0.0,0.0,0.0,659.89,0.0
16.9888,34.76,31.13,16.94,129.47,38.06,167.53,162.8,56.54,0.0,0.0,0.0,0.0,0.0,0.0,0.0,0.0,637.23,0.0
16.9988,27.83,25.3,12.1,129.47,38.06,169.73,164.89,56.54,0.0,0.0,0.0,0.0,0.0,0.0,0.0,0.0,623.92,0.0
17.0088,20.9,19.47,9.68,127.27,35.97,169.73,168.96,56.54,0.0,0.0,0.0,0.0,0.0,0.0,0.0,0.0,608.52,0.0
17.0188,16.17,15.51,9.68,124.96,35.97,171.93,175.12,58.52,0.0,0.0,0.0,0.0,0.0,0.0,0.0,0.0,607.86,0.0
17.0288,13.86,11.66,7.26,122.76,35.97,174.13,179.3,58.52,0.0,0.0,0.0,0.0,0.0,0.0,0.0,0.0,603.46,0.0
17.0388,11.55,9.68,4.84,116.05,35.97,174.13,185.46,58.52,0.0,0.0,0.0,0.0,0.0,0.0,0.0,0.0,596.2,0.0
17.0488,9.24,7.7,4.84,113.85,33.88,176.33,191.62,60.5,0.0,0.0,0.0,0.0,0.0,0.0,0.0,0.0,597.96,0.0
17.0588,9.24,7.7,4.84,111.54,33.88,178.53,199.98,62.59,0.0,0.0,0.0,0.0,0.0,0.0,0.0,0.0,608.3,0.0
17.0688,6.93,5.83,0.0,107.14,33.88,180.73,206.14,62.59,0.0,0.0,0.0,0.0,0.0,0.0,0.0,0.0,603.24,0.0
17.0788,6.93,5.83,0.0,104.94,33.88,182.93,214.39,64.57,0.0,0.0,0.0,0.0,0.0,0.0,0.0,0.0,613.47,0.0
17.0888,4.62,3.85,0.0,102.74,33.88,185.13,220.66,66.55,0.0,0.0,0.0,0.0,0.0,0.0,0.0,0.0,617.43,0.0
17.0988,4.62,3.85,0.0,98.34,31.68,187.33,229.24,70.62,0.0,0.0,0.0,0.0,0.0,0.0,0.0,0.0,625.68,0.0
17.1088,4.62,3.85,0.0,93.94,31.68,189.53,235.84,72.6,0.0,0.0,0.0,0.0,0.0,0.0,0.0,0.0,632.06,0.0
17.1188,4.62,3.85,0.0,89.54,29.59,189.53,242.44,76.67,0.0,0.0,0.0,0.0,0.0,0.0,0.0,0.0,636.24,0.0
17.1288,0.0,0.0,0.0,80.63,27.5,189.53,249.04,78.65,0.0,0.0,0.0,0.0,0.0,0.0,0.0,0.0,625.35,0.0
17.1388,0.0,0.0,0.0,74.03,25.41,189.53,253.55,82.72,0.0,0.0,0.0,0.0,0.0,0.0,0.0,0.0,625.24,0.0
17.1488,0.0,0.0,0.0,65.23,23.21,187.33,255.75,86.79,0.0,0.0,0.0,0.0,0.0,0.0,0.0,0.0,618.31,0.0
17.1588,0.0,0.0,0.0,56.87,21.12,185.13,257.95,90.86,0.0,0.0,0.0,0.0,0.0,0.0,0.0,0.0,611.93,0.0
17.1688,0.0,0.0,0.0,49.94,16.94,180.73,255.75,96.91,0.0,0.0,0.0,0.0,0.0,0.0,0.0,0.0,600.27,0.0
17.1788,0.0,0.0,0.0,41.36,14.74,178.53,253.55,100.87,0.0,0.0,0.0,0.0,0.0,0.0,0.0,0.0,589.05,0.0
17.1888,0.0,0.0,0.0,34.43,10.56,171.93,249.04,104.94,15.73,0.0,0.0,0.0,0.0,0.0,0.0,0.0,570.9,15.73
17.1988,0.0,0.0,0.0,29.26,6.27,163.13,242.44,109.01,111.43,21.01,0.0,0.0,0.0,0.0,0.0,0.0,550.11,132.44
17.2088,0.0,0.0,0.0,22.33,6.27,152.57,235.84,110.99,278.19,56.21,9.57,0.0,0.0,0.0,0.0,0.0,528.0,343.97
17.2188,0.0,0.0,0.0,15.51,4.18,131.45,222.75,113.08,251.13,89.32,26.29,31.02,0.0,0.0,0.0,0.0,486.97,397.76
17.2288,0.0,0.0,0.0,13.75,6.27,101.2,206.14,110.99,248.6,130.57,43.12,56.54,0.0,0.0,0.0,0.0,438.35,478.83
17.2388,0.0,0.0,0.0,11.99,6.27,67.54,177.21,104.94,248.6,150.59,52.69,109.56,0.0,18.92,10.23,0.0,367.95,590.59
17.2488,0.0,0.0,0.0,10.34,6.27,42.9,128.59,96.91,253.55,165.66,57.75,134.86,0.0,40.37,12.76,0.0,285.01,664.95
17.2588,0.0,0.0,0.0,8.58,4.18,31.24,74.58,84.81,241.23,168.19,63.25,153.78,0.0,70.18,17.93,8.47,203.39,723.03
17.2688,0.0,0.0,0.0,5.17,0.0,21.45,42.68,64.57,246.18,177.87,71.39,166.43,0.0,91.96,35.97,14.74,133.87,804.54
17.2788,0.0,0.0,0.0,3.41,0.0,15.62,33.55,44.11,253.55,187.55,79.64,179.19,8.25,102.74,48.73,19.03,96.69,878.68
17.2888,0.0,0.0,0.0,0.0,0.0,11.66,27.5,28.27,256.08,189.97,85.03,191.95,11.0,116.38,65.45,25.41,67.43,941.27
17.2988,0.0,0.0,0.0,0.0,0.0,7.81,21.34,19.36,256.08,192.39,87.78,201.63,13.75,127.27,77.33,29.59,48.51,985.82
17.3088,0.0,0.0,0.0,0.0,0.0,5.83,15.18,7.04,251.13,189.97,90.53,211.2,16.5,138.16,86.35,31.79,28.05,1015.63
17.3188,0.0,0.0,0.0,0.0,0.0,3.85,10.67,3.52,238.81,187.55,87.78,224.07,16.5,146.3,92.29,33.88,18.04,1027.18
17.3288,0.0,0.0,0.0,0.0,0.0,3.85,9.13,3.52,224.07,180.29,85.03,232.76,19.25,154.55,95.26,35.97,16.5,1027.18
17.3388,0.0,0.0,0.0,0.0,0.0,0.0,7.59,3.52,210.1,175.45,82.39,241.45,19.25,159.94,98.23,38.06,11.11,1024.87
17.3488,0.0,0.0,0.0,0.0,0.0,0.0,6.05,0.0,193.82,165.66,76.89,250.14,22.0,165.44,101.2,40.26,6.05,1015.41
17.3588,0.0,0.0,0.0,0.0,0.0,0.0,4.51,0.0,179.96,155.65,71.39,255.97,22.0,170.83,104.17,40.26,4.51,1000.23
17.3688,0.0,0.0,0.0,0.0,0.0,0.0,2.97,0.0,163.9,145.64,66.0,261.8,22.0,176.22,110.22,42.35,2.97,988.13
17.3788,0.0,0.0,0.0,0.0,0.0,0.0,0.0,0.0,149.16,133.1,63.25,264.77,22.0,178.86,115.94,42.35,0.0,969.43
17.3888,0.0,0.0,0.0,0.0,0.0,0.0,0.0,0.0,134.31,123.09,57.75,267.63,24.75,184.25,121.77,44.44,0.0,957.99
17.3988,0.0,0.0,0.0,0.0,0.0,0.0,0.0,0.0,121.55,110.66,55.11,267.63,24.75,189.64,127.6,44.44,0.0,941.38
17.4088,0.0,0.0,0.0,0.0,0.0,0.0,0.0,0.0,107.58,101.2,50.27,270.6,24.75,192.39,130.46,46.53,0.0,923.78
17.4188,0.0,0.0,0.0,0.0,0.0,0.0,0.0,0.0,96.14,91.74,45.43,270.6,27.5,195.03,133.32,46.53,0.0,906.29
17.4288,0.0,0.0,0.0,0.0,0.0,0.0,0.0,0.0,82.72,82.28,40.7,270.6,27.5,200.42,136.29,48.73,0.0,889.24
17.4388,0.0,0.0,0.0,0.0,0.0,0.0,0.0,0.0,73.15,72.82,38.28,267.63,27.5,203.06,142.12,50.82,0.0,875.38
17.4488,0.0,0.0,0.0,0.0,0.0,0.0,0.0,0.0,63.69,65.67,33.44,267.63,27.5,205.81,144.98,50.82,0.0,859.54
17.4588,0.0,0.0,0.0,0.0,0.0,0.0,0.0,0.0,56.21,58.63,31.13,264.77,27.5,208.45,144.98,52.91,0.0,844.58
17.4688,0.0,0.0,0.0,0.0,0.0,0.0,0.0,0.0,49.17,53.9,28.71,264.77,27.5,211.2,147.84,55.11,0.0,838.2
17.4788,0.0,0.0,0.0,0.0,0.0,0.0,0.0,0.0,43.89,49.17,26.29,261.8,27.5,213.84,150.81,57.53,0.0,830.83
17.4888,0.0,0.0,0.0,0.0,0.0,0.0,0.0,0.0,36.85,42.13,21.56,258.94,27.5,216.59,153.67,59.95,0.0,817.19
17.4988,0.0,0.0,0.0,0.0,0.0,0.0,0.0,0.0,31.57,37.51,19.14,255.97,24.75,221.98,159.5,64.9,0.0,815.32
17.5088,0.0,0.0,0.0,0.0,0.0,0.0,0.0,0.0,26.29,32.78,16.72,253.11,24.75,224.73,162.36,67.32,0.0,808.06
17.5188,0.0,0.0,0.0,0.0,0.0,0.0,0.0,0.0,22.77,28.05,11.88,250.14,24.75,227.48,168.3,69.74,0.0,803.11
17.5288,0.0,0.0,0.0,0.0,0.0,0.0,0.0,0.0,19.25,21.01,9.57,247.28,24.75,230.34,174.24,72.16,0.0,798.6
17.5388,0.0,0.0,0.0,0.0,0.0,0.0,0.0,0.0,15.73,16.39,9.57,241.45,24.75,233.09,180.18,77.11,0.0,798.27
17.5488,0.0,0.0,0.0,0.0,0.0,0.0,0.0,0.0,12.21,13.97,7.15,238.59,24.75,235.95,189.09,79.53,0.0,801.24
17.5588,0.0,0.0,0.0,0.0,0.0,0.0,0.0,0.0,12.21,11.66,7.15,235.62,27.5,238.7,195.14,81.95,0.0,809.93
17.5688,0.0,0.0,0.0,0.0,0.0,0.0,0.0,0.0,10.45,11.66,7.15,229.79,27.5,241.45,204.05,86.9,0.0,818.95
17.5788,0.0,0.0,0.0,0.0,0.0,0.0,0.0,0.0,8.69,6.93,4.73,224.07,27.5,247.06,212.96,91.74,0.0,823.68
17.5888,0.0,0.0,0.0,0.0,0.0,0.0,0.0,0.0,6.93,6.93,4.73,217.58,24.75,249.92,221.98,94.27,0.0,827.09
17.5988,0.0,0.0,0.0,0.0,0.0,0.0,0.0,0.0,6.93,6.93,0.0,208.01,24.75,252.67,233.2,99.11,0.0,831.6
17.6088,0.0,0.0,0.0,0.0,0.0,0.0,0.0,0.0,5.17,4.62,0.0,198.44,24.75,255.42,238.92,104.06,0.0,831.38
17.6188,0.0,0.0,0.0,0.0,0.0,0.0,0.0,0.0,5.17,4.62,0.0,188.76,24.75,258.28,247.39,108.9,0.0,837.87
17.6288,0.0,0.0,0.0,0.0,0.0,0.0,0.0,0.0,5.17,4.62,0.0,179.19,24.75,258.28,253.0,113.85,0.0,838.86
17.6388,0.0,0.0,0.0,0.0,0.0,0.0,0.0,0.0,5.17,0.0,0.0,163.24,22.0,258.28,258.72,118.25,0.0,825.66
17.6488,0.0,0.0,0.0,0.0,0.0,0.0,0.0,0.0,3.41,0.0,0.0,147.51,19.25,258.28,264.33,122.76,0.0,815.54
17.6588,6.93,0.0,0.0,0.0,0.0,0.0,0.0,0.0,3.41,0.0,0.0,131.67,16.5,252.67,264.33,129.47,6.93,798.05
17.6688,23.21,3.85,0.0,0.0,0.0,0.0,0.0,0.0,0.0,0.0,0.0,115.94,13.75,249.92,267.19,133.87,27.06,780.67
17.6788,86.68,17.49,0.0,0.0,0.0,0.0,0.0,0.0,0.0,0.0,0.0,97.02,11.0,244.31,267.19,138.38,104.17,757.9
17.6888,231.11,52.58,16.94,0.0,0.0,0.0,0.0,0.0,0.0,0.0,0.0,78.21,5.5,235.95,264.33,142.89,300.63,726.88
17.6988,238.92,74.14,36.3,6.82,0.0,0.0,0.0,0.0,0.0,0.0,0.0,59.4,0.0,221.98,261.47,147.29,356.18,690.14
17.7088,236.28,102.74,53.24,20.68,0.0,3.85,0.0,0.0,0.0,0.0,0.0,39.6,0.0,197.67,258.72,149.6,416.79,645.59
17.7188,236.28,126.39,65.12,31.02,0.0,9.68,0.0,3.52,0.0,0.0,0.0,25.41,0.0,162.69,250.14,151.8,472.01,590.04
17.7288,238.92,143.11,72.27,43.01,0.0,21.45,4.51,7.04,0.0,0.0,0.0,16.94,0.0,113.63,238.92,149.6,530.31,519.09
17.7388,238.92,153.56,77.0,49.94,0.0,35.09,7.59,10.56,0.0,0.0,0.0,14.08,0.0,67.54,209.99,145.09,572.66,436.7
17.7488,238.92,161.92,84.04,55.11,0.0,50.71,18.26,14.08,0.0,0.0,0.0,11.22,0.0,42.68,159.5,131.67,623.04,345.07
17.7588,246.73,172.81,93.5,60.83,6.27,60.83,33.55,19.36,0.0,0.0,0.0,11.22,5.5,30.8,101.2,118.25,693.88,266.97
17.7688,251.9,179.63,100.54,63.03,10.56,69.74,45.76,22.88,0.0,0.0,0.0,8.47,5.5,26.07,65.45,99.11,744.04,204.6
17.7788,262.24,186.45,110.0,67.43,16.94,78.76,56.54,26.4,0.0,0.0,0.0,5.61,0.0,18.92,48.73,74.69,804.76,147.95
17.7888,270.05,190.96,119.79,71.83,21.12,85.47,69.19,30.03,0.0,0.0,0.0,0.0,0.0,14.19,35.97,48.73,858.44,98.89
17.7988,270.05,193.27,124.74,76.23,25.41,92.18,78.21,30.03,0.0,0.0,0.0,0.0,0.0,9.46,25.63,23.21,890.12,58.3
17.8088,262.24,190.96,124.74,82.83,29.59,101.2,87.23,33.55,0.0,0.0,0.0,0.0,0.0,7.04,17.93,4.18,912.34,29.15
17.8188,254.43,188.76,122.32,89.54,29.59,107.91,94.49,35.31,0.0,0.0,0.0,0.0,0.0,4.73,12.76,0.0,922.35,17.49
17.8288,244.09,181.94,117.37,96.14,33.88,116.6,101.75,37.07,0.0,0.0,0.0,0.0,0.0,0.0,12.76,0.0,928.84,12.76
17.8388,228.58,172.81,112.42,102.74,35.97,122.98,109.01,38.83,0.0,0.0,0.0,0.0,0.0,0.0,10.23,0.0,923.34,10.23
17.8488,213.62,159.83,105.27,107.14,35.97,129.25,116.49,42.35,0.0,0.0,0.0,0.0,0.0,0.0,7.7,0.0,909.92,7.7
17.8587,196.68,147.29,100.54,111.54,38.06,135.63,124.52,44.11,0.0,0.0,0.0,0.0,0.0,0.0,7.7,0.0,898.37,7.7
17.8687,184.47,136.84,93.5,116.05,40.15,139.92,132.55,47.63,0.0,0.0,0.0,0.0,0.0,0.0,7.7,0.0,891.11,7.7
17.8787,167.53,124.3,86.35,118.25,42.35,144.1,138.6,49.39,0.0,0.0,0.0,0.0,0.0,0.0,5.06,0.0,870.87,5.06
17.8887,152.68,109.34,79.31,120.56,44.44,148.39,144.65,51.15,0.0,0.0,0.0,0.0,0.0,0.0,5.06,0.0,850.52,5.06
17.8987,133.1,96.14,69.85,124.96,44.44,152.57,150.7,52.91,0.0,0.0,0.0,0.0,0.0,0.0,5.06,0.0,824.67,5.06
17.9087,113.41,80.74,60.39,127.27,44.44,156.86,154.77,54.67,0.0,0.0,0.0,0.0,0.0,0.0,0.0,0.0,792.55,0.0
17.9187,97.68,69.74,50.82,129.47,44.44,158.95,156.75,54.67,0.0,0.0,0.0,0.0,0.0,0.0,0.0,0.0,762.52,0.0
17.9287,84.48,58.74,43.56,131.67,44.44,163.13,160.82,56.54,0.0,0.0,0.0,0.0,0.0,0.0,0.0,0.0,743.38,0.0
17.9387,71.17,48.73,33.88,133.98,44.44,165.33,160.82,58.52,0.0,0.0,0.0,0.0,0.0,0.0,0.0,0.0,716.87,0.0
17.9487,57.97,40.92,29.04,136.18,44.44,167.53,162.8,58.52,0.0,0.0,0.0,0.0,0.0,0.0,0.0,0.0,697.4,0.0
17.9587,44.11,35.09,21.78,138.38,42.35,171.93,162.8,58.52,0.0,0.0,0.0,0.0,0.0,0.0,0.0,0.0,674.96,0.0
17.9687,30.14,27.28,16.94,138.38,40.15,174.13,164.89,60.5,0.0,0.0,0.0,0.0,0.0,0.0,0.0,0.0,652.41,0.0
17.9787,23.21,21.34,12.1,140.69,38.06,176.33,164.89,62.59,0.0,0.0,0.0,0.0,0.0,0.0,0.0,0.0,639.21,0.0
17.9887,18.59,17.49,9.68,138.38,38.06,178.53,166.87,62.59,0.0,0.0,0.0,0.0,0.0,0.0,0.0,0.0,630.19,0.0
17.9987,13.86,13.64,7.26,138.38,35.97,180.73,168.96,62.59,0.0,0.0,0.0,0.0,0.0,0.0,0.0,0.0,621.39,0.0
18.0087,11.55,9.68,7.26,136.18,33.88,182.93,173.03,64.57,0.0,0.0,0.0,0.0,0.0,0.0,0.0,0.0,619.08,0.0
18.0187,9.24,7.7,4.84,131.67,33.88,182.93,175.12,64.57,0.0,0.0,0.0,0.0,0.0,0.0,0.0,0.0,609.95,0.0
18.0287,6.93,5.83,4.84,129.47,31.68,185.13,179.3,64.57,0.0,0.0,0.0,0.0,0.0,0.0,0.0,0.0,607.75,0.0
18.0387,6.93,5.83,0.0,124.96,31.68,187.33,183.37,66.55,0.0,0.0,0.0,0.0,0.0,0.0,0.0,0.0,606.65,0.0
18.0487,6.93,5.83,0.0,120.56,29.59,189.53,187.55,68.64,0.0,0.0,0.0,0.0,0.0,0.0,0.0,0.0,608.63,0.0
18.0587,4.62,3.85,0.0,116.05,27.5,191.73,191.62,70.62,0.0,0.0,0.0,0.0,0.0,0.0,0.0,0.0,605.99,0.0
18.0687,4.62,3.85,0.0,111.54,27.5,194.04,197.89,72.6,0.0,0.0,0.0,0.0,0.0,0.0,0.0,0.0,612.04,0.0
18.0787,4.62,3.85,0.0,107.14,25.41,196.24,202.07,74.69,0.0,0.0,0.0,0.0,0.0,0.0,0.0,0.0,614.02,0.0
18.0887,4.62,3.85,0.0,100.54,25.41,196.24,208.23,76.67,0.0,0.0,0.0,0.0,0.0,0.0,0.0,0.0,615.56,0.0
18.0987,0.0,3.85,0.0,93.94,23.21,198.44,214.39,78.65,0.0,0.0,0.0,0.0,0.0,0.0,0.0,0.0,612.48,0.0
18.1087,0.0,3.85,0.0,87.34,23.21,198.44,218.57,82.72,0.0,0.0,0.0,0.0,0.0,0.0,0.0,0.0,614.13,0.0
18.1187,0.0,0.0,0.0,78.43,21.12,198.44,224.84,86.79,0.0,0.0,0.0,0.0,0.0,0.0,0.0,0.0,609.62,0.0
18.1287,0.0,0.0,0.0,69.63,19.03,196.24,227.04,90.86,0.0,0.0,0.0,0.0,0.0,0.0,0.0,0.0,602.8,0.0
18.1387,0.0,0.0,0.0,60.83,16.94,194.04,231.44,96.91,0.0,0.0,0.0,0.0,0.0,0.0,0.0,0.0,600.16,0.0
18.1487,0.0,0.0,0.0,51.7,14.74,191.73,231.44,100.87,0.0,0.0,0.0,0.0,0.0,0.0,0.0,0.0,590.48,0.0
18.1587,0.0,0.0,0.0,44.77,10.56,187.33,233.64,104.94,0.0,0.0,0.0,0.0,0.0,0.0,0.0,0.0,581.24,0.0
18.1687,0.0,0.0,0.0,37.84,8.47,182.93,233.64,109.01,10.45,0.0,0.0,0.0,0.0,0.0,0.0,0.0,571.89,10.45
18.1787,0.0,0.0,0.0,29.26,6.27,174.13,231.44,113.08,59.84,9.35,0.0,0.0,0.0,0.0,0.0,0.0,554.18,69.19
18.1887,0.0,0.0,0.0,22.33,6.27,161.04,229.24,117.26,270.82,49.17,9.57,0.0,0.0,0.0,0.0,0.0,536.14,329.56
18.1987,0.0,0.0,0.0,17.16,4.18,139.92,222.75,117.26,241.23,77.55,28.71,25.41,0.0,0.0,0.0,0.0,501.27,372.9
18.2087,0.0,0.0,0.0,13.75,6.27,107.91,210.32,113.08,241.23,125.51,47.85,56.54,0.0,0.0,5.06,0.0,451.33,476.19
18.2187,0.0,0.0,0.0,11.99,6.27,72.05,181.28,106.92,241.23,150.59,60.5,109.56,0.0,26.07,10.23,0.0,378.51,598.18
18.2287,0.0,0.0,0.0,10.34,6.27,44.88,130.57,98.89,246.18,168.19,66.0,134.86,0.0,54.56,15.4,4.18,290.95,689.37
18.2387,0.0,0.0,0.0,8.58,6.27,31.24,74.58,86.79,236.28,170.61,71.39,147.51,0.0,78.32,23.1,10.56,207.46,737.77
18.2487,0.0,0.0,0.0,5.17,0.0,21.45,41.25,62.59,238.81,180.29,79.64,153.78,0.0,94.6,41.03,16.94,130.46,805.09
18.2587,0.0,0.0,0.0,3.41,0.0,15.62,32.01,42.35,248.6,189.97,85.03,160.05,5.5,105.49,53.9,23.21,93.39,871.75
18.2687,0.0,0.0,0.0,0.0,0.0,11.66,25.96,26.4,256.08,194.81,93.28,169.62,8.25,116.38,68.42,25.41,64.02,932.25
18.2787,0.0,0.0,0.0,0.0,0.0,7.81,19.8,17.6,258.5,197.23,98.67,172.81,11.0,124.52,80.3,29.59,45.21,972.62
18.2887,0.0,0.0,0.0,0.0,0.0,5.83,13.75,5.28,258.5,197.23,101.42,179.19,13.75,132.77,89.32,31.79,24.86,1003.97
18.2987,0.0,0.0,0.0,0.0,0.0,3.85,10.67,3.52,253.55,194.81,101.42,185.57,13.75,138.16,95.26,33.88,18.04,1016.4
18.3087,0.0,0.0,0.0,0.0,0.0,3.85,9.13,3.52,246.18,192.39,98.67,191.95,16.5,143.66,101.2,35.97,16.5,1026.52
18.3187,0.0,0.0,0.0,0.0,0.0,0.0,9.13,3.52,233.86,185.13,96.03,195.14,16.5,146.3,107.14,35.97,12.65,1016.07
18.3287,0.0,0.0,0.0,0.0,0.0,0.0,7.59,0.0,221.65,177.87,93.28,198.44,16.5,149.05,110.22,35.97,7.59,1002.98
18.3387,0.0,0.0,0.0,0.0,0.0,0.0,6.05,0.0,210.1,170.61,90.53,198.44,19.25,154.55,115.94,38.06,6.05,997.48
18.3487,0.0,0.0,0.0,0.0,0.0,0.0,4.51,0.0,198.55,163.13,87.78,198.44,19.25,157.19,121.77,40.26,4.51,986.37
18.3587,0.0,0.0,0.0,0.0,0.0,0.0,2.97,0.0,186.89,153.12,85.03,201.63,22.0,162.69,127.6,40.26,2.97,979.22
18.3687,0.0,0.0,0.0,0.0,0.0,0.0,0.0,0.0,175.34,145.64,79.64,204.82,22.0,165.44,130.46,40.26,0.0,963.6
18.3787,0.0,0.0,0.0,0.0,0.0,0.0,0.0,0.0,161.81,135.52,76.89,204.82,22.0,170.83,136.29,42.35,0.0,950.51
18.3887,0.0,0.0,0.0,0.0,0.0,0.0,0.0,0.0,151.25,125.51,71.39,208.01,22.0,176.22,142.12,44.44,0.0,940.94
18.3987,0.0,0.0,0.0,0.0,0.0,0.0,0.0,0.0,138.49,115.5,68.75,208.01,24.75,178.86,144.98,44.44,0.0,923.78
18.4087,0.0,0.0,0.0,0.0,0.0,0.0,0.0,0.0,125.84,105.93,63.25,208.01,24.75,184.25,147.84,46.53,0.0,906.4
18.4187,0.0,0.0,0.0,0.0,0.0,0.0,0.0,0.0,115.28,96.47,60.5,211.2,24.75,187.0,150.81,48.73,0.0,894.74
18.4287,0.0,0.0,0.0,0.0,0.0,0.0,0.0,0.0,105.71,89.32,55.11,211.2,24.75,189.64,156.53,50.82,0.0,883.08
18.4387,0.0,0.0,0.0,0.0,0.0,0.0,0.0,0.0,96.14,82.28,52.69,211.2,24.75,192.39,159.5,52.91,0.0,871.86
18.4487,0.0,0.0,0.0,0.0,0.0,0.0,0.0,0.0,88.44,77.55,50.27,211.2,24.75,195.03,162.36,52.91,0.0,862.51
18.4587,0.0,0.0,0.0,0.0,0.0,0.0,0.0,0.0,82.72,70.4,47.85,211.2,27.5,197.67,165.33,55.11,0.0,857.78
18.4687,0.0,0.0,0.0,0.0,0.0,0.0,0.0,0.0,77.0,65.67,45.43,214.39,27.5,200.42,165.33,57.53,0.0,853.27
18.4787,0.0,0.0,0.0,0.0,0.0,0.0,0.0,0.0,71.28,60.94,40.7,214.39,27.5,205.81,168.3,59.95,0.0,848.87
18.4887,0.0,0.0,0.0,0.0,0.0,0.0,0.0,0.0,63.69,56.21,40.7,217.58,27.5,208.45,171.27,62.37,0.0,847.77
18.4987,0.0,0.0,0.0,0.0,0.0,0.0,0.0,0.0,56.21,51.59,35.86,220.77,27.5,213.84,177.21,64.9,0.0,847.88
18.5087,0.0,0.0,0.0,0.0,0.0,0.0,0.0,0.0,49.17,46.86,33.44,224.07,27.5,216.59,180.18,67.32,0.0,845.13
18.5187,0.0,0.0,0.0,0.0,0.0,0.0,0.0,0.0,43.89,39.82,31.13,226.93,27.5,221.98,186.12,69.74,0.0,847.11
18.5287,0.0,0.0,0.0,0.0,0.0,0.0,0.0,0.0,36.85,35.09,26.29,226.93,27.5,224.73,192.06,72.16,0.0,841.61
18.5387,0.0,0.0,0.0,0.0,0.0,0.0,0.0,0.0,31.57,32.78,23.87,229.79,27.5,227.48,198.11,74.69,0.0,845.79
18.5487,0.0,0.0,0.0,0.0,0.0,0.0,0.0,0.0,24.53,25.74,19.14,229.79,27.5,233.09,207.02,79.53,0.0,846.34
18.5587,0.0,0.0,0.0,0.0,0.0,0.0,0.0,0.0,19.25,21.01,16.72,226.93,27.5,235.95,215.93,81.95,0.0,845.24
18.5687,0.0,0.0,0.0,0.0,0.0,0.0,0.0,0.0,15.73,16.39,11.88,224.07,27.5,241.45,224.73,86.9,0.0,848.65
18.5787,0.0,0.0,0.0,0.0,0.0,0.0,0.0,0.0,13.97,13.97,9.57,220.77,30.25,244.31,233.2,89.32,0.0,855.36
18.5887,0.0,0.0,0.0,0.0,0.0,0.0,0.0,0.0,10.45,9.35,7.15,214.39,27.5,247.06,241.67,94.27,0.0,851.84
18.5987,0.0,0.0,0.0,0.0,0.0,0.0,0.0,0.0,8.69,6.93,4.73,204.82,27.5,249.92,250.14,96.69,0.0,849.42
18.6087,0.0,0.0,0.0,0.0,0.0,0.0,0.0,0.0,6.93,4.62,0.0,191.95,24.75,249.92,255.86,101.53,0.0,835.56
18.6187,0.0,0.0,0.0,0.0,0.0,0.0,0.0,0.0,6.93,4.62,0.0,179.19,24.75,252.67,261.47,106.48,0.0,836.11
18.6287,4.62,0.0,0.0,0.0,0.0,0.0,0.0,0.0,5.17,0.0,0.0,163.24,22.0,252.67,267.19,111.32,4.62,821.59
18.6387,23.21,0.0,0.0,0.0,0.0,0.0,0.0,0.0,5.17,0.0,0.0,144.32,19.25,249.92,269.94,116.05,23.21,804.65
18.6487,108.68,19.47,0.0,0.0,0.0,0.0,0.0,0.0,3.41,0.0,0.0,125.4,13.75,247.06,269.94,120.45,128.15,780.01
18.6587,267.41,52.58,12.1,0.0,0.0,0.0,0.0,0.0,3.41,0.0,0.0,106.48,11.0,241.45,269.94,127.16,332.09,759.44
18.6687,246.73,71.94,29.04,5.17,0.0,0.0,0.0,0.0,0.0,0.0,0.0,81.29,5.5,233.09,267.19,133.87,352.88,720.94
18.6787,236.28,102.74,45.98,20.68,0.0,3.85,0.0,0.0,0.0,0.0,0.0,56.54,0.0,211.2,264.33,138.38,409.53,670.45
18.6887,233.75,128.48,58.08,27.5,0.0,7.81,0.0,0.0,0.0,0.0,0.0,33.88,0.0,178.86,261.47,142.89,455.62,617.1
18.6987,236.28,145.2,62.81,41.36,0.0,11.66,0.0,3.52,0.0,0.0,0.0,19.8,0.0,132.77,253.0,142.89,500.83,548.46
18.7087,233.75,157.74,67.54,49.94,0.0,21.45,2.97,5.28,0.0,0.0,0.0,16.94,0.0,78.32,227.59,138.38,538.67,461.23
18.7187,233.75,166.1,72.27,56.87,0.0,39.05,6.05,10.56,0.0,0.0,0.0,14.08,5.5,47.52,180.18,127.16,584.65,374.44
18.7287,238.92,177.43,79.31,65.23,0.0,50.71,13.75,14.08,0.0,0.0,0.0,11.22,5.5,30.8,124.63,113.85,639.43,286.0
18.7387,251.9,190.96,88.77,71.83,0.0,60.83,22.88,15.84,0.0,0.0,0.0,8.47,5.5,26.07,74.36,94.27,703.01,208.67
18.7487,262.24,200.09,95.81,78.43,8.47,69.74,36.63,21.12,0.0,0.0,0.0,5.61,0.0,18.92,48.73,69.74,772.53,143.0
18.7587,270.05,206.91,105.27,85.03,12.65,80.96,47.3,24.64,0.0,0.0,0.0,0.0,0.0,14.19,35.97,42.35,832.81,92.51
18.7687,275.22,211.42,110.0,89.54,16.94,87.67,55.0,26.4,0.0,0.0,0.0,0.0,0.0,9.46,23.1,19.03,872.19,51.59
18.7787,270.05,211.42,112.42,96.14,19.03,96.69,60.06,28.27,0.0,0.0,0.0,0.0,0.0,7.04,17.93,4.18,894.08,29.15
18.7887,262.24,209.11,112.42,104.94,21.12,103.4,67.32,30.03,0.0,0.0,0.0,0.0,0.0,4.73,12.76,0.0,910.58,17.49
18.7987,251.9,204.6,110.0,111.54,23.21,112.42,72.82,31.79,0.0,0.0,0.0,0.0,0.0,0.0,12.76,0.0,918.28,12.76
18.8087,238.92,195.58,105.27,118.25,25.41,118.69,78.21,31.79,0.0,0.0,0.0,0.0,0.0,0.0,10.23,0.0,912.12,10.23
18.8187,223.41,184.25,100.54,124.96,27.5,125.07,85.47,33.55,0.0,0.0,0.0,0.0,0.0,0.0,7.7,0.0,904.75,7.7
18.8287,208.78,170.61,95.81,131.67,29.59,131.45,90.86,35.31,0.0,0.0,0.0,0.0,0.0,0.0,7.7,0.0,894.08,7.7
18.8387,196.68,159.83,91.08,136.18,31.68,137.72,96.36,37.07,0.0,0.0,0.0,0.0,0.0,0.0,5.06,0.0,886.6,5.06
18.8487,182.05,147.29,86.35,138.38,33.88,142.01,101.75,38.83,0.0,0.0,0.0,0.0,0.0,0.0,5.06,0.0,870.54,5.06
18.8587,169.95,134.75,81.73,140.69,35.97,146.19,107.25,40.59,0.0,0.0,0.0,0.0,0.0,0.0,5.06,0.0,857.12,5.06
18.8687,155.21,122.21,74.58,142.89,35.97,148.39,112.64,42.35,0.0,0.0,0.0,0.0,0.0,0.0,0.0,0.0,834.24,0.0
18.8787,137.94,107.14,67.54,145.09,38.06,152.57,116.49,44.11,0.0,0.0,0.0,0.0,0.0,0.0,0.0,0.0,808.94,0.0
18.8887,120.78,93.94,60.39,145.09,38.06,156.86,122.54,45.87,0.0,0.0,0.0,0.0,0.0,0.0,0.0,0.0,783.53,0.0
18.8987,108.68,80.74,53.24,145.09,40.15,158.95,128.59,47.63,0.0,0.0,0.0,0.0,0.0,0.0,0.0,0.0,763.07,0.0
18.9087,95.48,71.94,45.98,145.09,40.15,161.04,134.64,49.39,0.0,0.0,0.0,0.0,0.0,0.0,0.0,0.0,743.71,0.0
18.9187,84.48,60.94,41.14,142.89,40.15,163.13,138.6,51.15,0.0,0.0,0.0,0.0,0.0,0.0,0.0,0.0,722.48,0.0
18.9287,73.37,52.58,33.88,142.89,40.15,165.33,142.67,51.15,0.0,0.0,0.0,0.0,0.0,0.0,0.0,0.0,702.02,0.0
18.9387,64.57,46.75,31.46,142.89,42.35,167.53,146.74,52.91,0.0,0.0,0.0,0.0,0.0,0.0,0.0,0.0,695.2,0.0
18.9487,53.35,40.92,26.62,140.69,40.15,169.73,152.79,54.67,0.0,0.0,0.0,0.0,0.0,0.0,0.0,0.0,678.92,0.0
18.9587,41.8,33.11,19.36,140.69,40.15,171.93,156.75,54.67,0.0,0.0,0.0,0.0,0.0,0.0,0.0,0.0,658.46,0.0
18.9687,32.45,27.28,14.52,138.38,40.15,174.13,160.82,56.54,0.0,0.0,0.0,0.0,0.0,0.0,0.0,0.0,644.27,0.0
18.9787,25.52,23.32,12.1,136.18,40.15,176.33,166.87,56.54,0.0,0.0,0.0,0.0,0.0,0.0,0.0,0.0,637.01,0.0
18.9887,20.9,19.47,9.68,133.98,40.15,178.53,173.03,58.52,0.0,0.0,0.0,0.0,0.0,0.0,0.0,0.0,634.26,0.0
18.9987,16.17,15.51,9.68,131.67,40.15,180.73,179.3,58.52,0.0,0.0,0.0,0.0,0.0,0.0,0.0,0.0,631.73,0.0
19.0087,13.86,11.66,7.26,129.47,40.15,182.93,185.46,60.5,0.0,0.0,0.0,0.0,0.0,0.0,0.0,0.0,631.29,0.0
19.0187,11.55,9.68,7.26,124.96,40.15,185.13,191.62,62.59,0.0,0.0,0.0,0.0,0.0,0.0,0.0,0.0,632.94,0.0
19.0287,9.24,7.7,4.84,122.76,38.06,185.13,199.98,64.57,0.0,0.0,0.0,0.0,0.0,0.0,0.0,0.0,632.28,0.0
19.0387,9.24,7.7,4.84,120.56,38.06,189.53,206.14,64.57,0.0,0.0,0.0,0.0,0.0,0.0,0.0,0.0,640.64,0.0
19.0487,6.93,5.83,0.0,116.05,38.06,189.53,212.41,66.55,0.0,0.0,0.0,0.0,0.0,0.0,0.0,0.0,635.36,0.0
19.0587,6.93,5.83,0.0,113.85,35.97,191.73,220.66,68.64,0.0,0.0,0.0,0.0,0.0,0.0,0.0,0.0,643.61,0.0
19.0687,4.62,3.85,0.0,107.14,35.97,194.04,227.04,70.62,0.0,0.0,0.0,0.0,0.0,0.0,0.0,0.0,643.28,0.0
19.0787,4.62,3.85,0.0,100.54,33.88,194.04,235.84,72.6,0.0,0.0,0.0,0.0,0.0,0.0,0.0,0.0,645.37,0.0
19.0887,4.62,3.85,0.0,91.74,31.68,194.04,242.44,76.67,0.0,0.0,0.0,0.0,0.0,0.0,0.0,0.0,645.04,0.0
19.0987,0.0,3.85,0.0,82.83,29.59,194.04,249.04,80.74,0.0,0.0,0.0,0.0,0.0,0.0,0.0,0.0,640.09,0.0
19.1087,0.0,0.0,0.0,71.83,27.5,191.73,253.55,86.79,0.0,0.0,0.0,0.0,0.0,0.0,0.0,0.0,631.4,0.0
19.1187,0.0,0.0,0.0,60.83,23.21,189.53,255.75,90.86,0.0,0.0,0.0,0.0,0.0,0.0,0.0,0.0,620.18,0.0
19.1287,0.0,0.0,0.0,51.7,19.03,187.33,255.75,96.91,0.0,0.0,0.0,0.0,0.0,0.0,0.0,0.0,610.72,0.0
19.1387,0.0,0.0,0.0,41.36,14.74,180.73,255.75,100.87,13.97,0.0,0.0,0.0,0.0,0.0,0.0,0.0,593.45,13.97
19.1487,0.0,0.0,0.0,32.67,10.56,171.93,253.55,106.92,71.28,11.66,0.0,0.0,0.0,0.0,0.0,0.0,575.63,82.94
19.1587,0.0,0.0,0.0,24.09,8.47,158.95,251.35,110.99,256.08,46.86,9.57,0.0,0.0,0.0,0.0,0.0,553.85,312.51
19.1687,0.0,0.0,0.0,17.16,6.27,139.92,244.64,113.08,228.91,70.4,26.29,25.41,0.0,0.0,0.0,0.0,521.07,351.01
19.1787,0.0,0.0,0.0,13.75,4.18,112.42,233.64,115.17,233.86,103.51,43.12,53.68,0.0,0.0,5.06,0.0,479.16,439.23
19.1887,0.0,0.0,0.0,11.99,4.18,78.76,214.39,113.08,238.81,123.09,57.75,90.75,0.0,23.65,10.23,0.0,422.4,544.28
19.1987,0.0,0.0,0.0,10.34,6.27,48.84,175.12,102.96,248.6,138.05,63.25,115.94,0.0,52.25,15.4,4.18,343.53,637.67
19.2087,0.0,0.0,0.0,8.58,6.27,31.24,116.49,92.84,238.81,143.11,66.0,122.21,0.0,70.18,20.46,8.47,255.42,669.24
19.2187,0.0,0.0,0.0,6.82,4.18,23.43,58.3,74.69,238.81,148.06,74.14,131.67,5.5,83.82,38.5,14.74,167.42,735.24
19.2287,0.0,0.0,0.0,3.41,0.0,17.49,36.63,52.91,248.6,155.65,82.39,137.94,5.5,97.35,51.37,19.03,110.44,797.83
19.2387,0.0,0.0,0.0,0.0,0.0,11.66,30.47,35.31,260.92,165.66,93.28,144.32,8.25,105.49,62.48,23.21,77.44,863.61
19.2487,0.0,0.0,0.0,0.0,0.0,9.68,24.42,22.88,270.82,173.03,98.67,150.59,11.0,116.38,74.36,27.5,56.98,922.35
19.2587,0.0,0.0,0.0,0.0,0.0,5.83,18.26,12.32,275.77,173.03,106.92,153.78,13.75,124.52,86.35,29.59,36.41,963.71
19.2687,0.0,0.0,0.0,0.0,0.0,3.85,12.21,3.52,273.24,173.03,109.67,160.05,16.5,130.02,95.26,31.79,19.58,989.56
19.2787,0.0,0.0,0.0,0.0,0.0,3.85,9.13,3.52,268.4,173.03,109.67,166.43,16.5,135.41,101.2,35.97,16.5,1006.61
19.2886,0.0,0.0,0.0,0.0,0.0,0.0,7.59,0.0,256.08,170.61,106.92,172.81,19.25,143.66,107.14,35.97,7.59,1012.44
19.2986,0.0,0.0,0.0,0.0,0.0,0.0,6.05,0.0,243.76,165.66,104.17,179.19,19.25,149.05,113.08,38.06,6.05,1012.22
19.3086,0.0,0.0,0.0,0.0,0.0,0.0,4.51,0.0,228.91,158.07,98.67,185.57,22.0,154.55,115.94,40.26,4.51,1003.97
19.3186,0.0,0.0,0.0,0.0,0.0,0.0,2.97,0.0,214.72,150.59,96.03,188.76,22.0,159.94,121.77,40.26,2.97,994.07
19.3286,0.0,0.0,0.0,0.0,0.0,0.0,0.0,0.0,200.86,140.58,90.53,191.95,24.75,162.69,124.63,42.35,0.0,978.34
19.3386,0.0,0.0,0.0,0.0,0.0,0.0,0.0,0.0,184.58,133.1,85.03,195.14,24.75,165.44,127.6,42.35,0.0,957.99
19.3486,0.0,0.0,0.0,0.0,0.0,0.0,0.0,0.0,168.41,123.09,79.64,198.44,24.75,168.19,130.46,44.44,0.0,937.42
19.3586,0.0,0.0,0.0,0.0,0.0,0.0,0.0,0.0,153.34,113.08,74.14,204.82,24.75,170.83,133.32,44.44,0.0,918.72
19.3686,0.0,0.0,0.0,0.0,0.0,0.0,0.0,0.0,138.49,103.51,68.75,204.82,27.5,176.22,136.29,44.44,0.0,900.02
19.3786,0.0,0.0,0.0,0.0,0.0,0.0,0.0,0.0,123.75,96.47,63.25,208.01,27.5,178.86,139.15,46.53,0.0,883.52
19.3886,0.0,0.0,0.0,0.0,0.0,0.0,0.0,0.0,111.43,89.32,57.75,211.2,27.5,181.61,142.12,46.53,0.0,867.46
19.3986,0.0,0.0,0.0,0.0,0.0,0.0,0.0,0.0,99.99,79.86,52.69,211.2,27.5,184.25,144.98,48.73,0.0,849.2
19.4086,0.0,0.0,0.0,0.0,0.0,0.0,0.0,0.0,90.42,72.82,50.27,214.39,30.25,189.64,147.84,48.73,0.0,844.36
19.4186,0.0,0.0,0.0,0.0,0.0,0.0,0.0,0.0,80.85,68.09,45.43,214.39,30.25,192.39,153.67,50.82,0.0,835.89
19.4286,0.0,0.0,0.0,0.0,0.0,0.0,0.0,0.0,71.28,60.94,43.12,217.58,30.25,197.67,156.53,52.91,0.0,830.28
19.4386,0.0,0.0,0.0,0.0,0.0,0.0,0.0,0.0,61.71,53.9,38.28,220.77,30.25,203.06,162.36,55.11,0.0,825.44
19.4486,0.0,0.0,0.0,0.0,0.0,0.0,0.0,0.0,54.45,49.17,35.86,220.77,30.25,208.45,168.3,57.53,0.0,824.78
19.4586,0.0,0.0,0.0,0.0,0.0,0.0,0.0,0.0,47.41,44.55,33.44,224.07,30.25,213.84,171.27,62.37,0.0,827.2
19.4686,0.0,0.0,0.0,0.0,0.0,0.0,0.0,0.0,40.37,39.82,28.71,224.07,30.25,216.59,180.18,64.9,0.0,824.89
19.4786,0.0,0.0,0.0,0.0,0.0,0.0,0.0,0.0,35.09,32.78,26.29,224.07,30.25,221.98,189.09,69.74,0.0,829.29
19.4886,0.0,0.0,0.0,0.0,0.0,0.0,0.0,0.0,28.05,28.05,21.56,224.07,30.25,227.48,198.11,72.16,0.0,829.73
19.4986,0.0,0.0,0.0,0.0,0.0,0.0,0.0,0.0,22.77,23.43,16.72,220.77,30.25,230.34,207.02,74.69,0.0,825.99
19.5086,0.0,0.0,0.0,0.0,0.0,0.0,0.0,0.0,19.25,18.7,14.3,220.77,33.0,235.95,215.93,79.53,0.0,837.43
19.5186,0.0,0.0,0.0,0.0,0.0,0.0,0.0,0.0,15.73,13.97,11.88,217.58,33.0,241.45,227.59,84.48,0.0,845.68
19.5286,0.0,0.0,0.0,0.0,0.0,0.0,0.0,0.0,13.97,11.66,9.57,214.39,33.0,244.31,236.06,86.9,0.0,849.86
19.5386,0.0,0.0,0.0,0.0,0.0,0.0,0.0,0.0,12.21,9.35,7.15,208.01,33.0,247.06,244.53,89.32,0.0,850.63
19.5486,0.0,0.0,0.0,0.0,0.0,0.0,0.0,0.0,10.45,6.93,7.15,201.63,33.0,249.92,255.86,94.27,0.0,859.21
19.5586,0.0,0.0,0.0,0.0,0.0,0.0,0.0,0.0,8.69,4.62,4.73,191.95,30.25,252.67,261.47,96.69,0.0,851.07
19.5686,0.0,0.0,0.0,0.0,0.0,0.0,0.0,0.0,6.93,4.62,0.0,179.19,30.25,252.67,267.19,101.53,0.0,842.38
19.5786,0.0,0.0,0.0,0.0,0.0,0.0,0.0,0.0,6.93,0.0,0.0,166.43,27.5,252.67,272.8,104.06,0.0,830.39
19.5886,4.62,0.0,0.0,0.0,0.0,0.0,0.0,0.0,5.17,0.0,0.0,150.59,24.75,252.67,275.66,108.9,4.62,817.74
19.5986,13.86,0.0,0.0,0.0,0.0,0.0,0.0,0.0,5.17,0.0,0.0,134.86,22.0,249.92,278.52,113.85,13.86,804.32
19.6086,46.42,7.7,0.0,0.0,0.0,0.0,0.0,0.0,3.41,0.0,0.0,115.94,16.5,247.06,275.66,116.05,54.12,774.62
19.6186,177.21,38.94,0.0,0.0,0.0,0.0,0.0,0.0,3.41,0.0,0.0,100.21,13.75,241.45,269.94,120.45,216.15,749.21
19.6286,238.92,69.74,24.2,3.41,0.0,0.0,0.0,0.0,0.0,0.0,0.0,81.29,8.25,233.09,264.33,124.96,336.27,711.92
19.6386,223.41,91.74,38.72,24.09,0.0,5.83,0.0,0.0,0.0,0.0,0.0,59.4,0.0,213.84,255.86,127.16,383.79,656.26
19.6486,225.94,122.21,55.77,37.84,0.0,15.62,2.97,5.28,0.0,0.0,0.0,36.74,0.0,187.0,247.39,129.47,465.63,600.6
19.6586,236.28,143.11,67.54,48.18,0.0,37.07,9.13,12.32,0.0,0.0,0.0,22.55,0.0,149.05,238.92,133.87,553.63,544.39
19.6686,238.92,155.65,74.58,55.11,0.0,52.69,19.8,15.84,0.0,0.0,0.0,16.94,0.0,94.6,221.98,131.67,612.59,465.19
19.6786,236.28,159.83,77.0,63.03,6.27,63.03,35.09,19.36,0.0,0.0,0.0,14.08,5.5,52.25,180.18,124.96,659.89,376.97
19.6886,236.28,168.3,81.73,67.43,10.56,76.56,45.76,22.88,0.0,0.0,0.0,11.22,5.5,33.22,130.46,111.32,709.5,291.72
19.6986,236.28,172.81,86.35,74.03,12.65,87.67,55.0,26.4,0.0,0.0,0.0,8.47,5.5,26.07,77.33,94.27,751.19,211.64
19.7086,241.45,177.43,93.5,80.63,16.94,96.69,67.32,30.03,0.0,0.0,0.0,5.61,5.5,21.34,53.9,74.69,803.99,161.04
19.7186,246.73,181.94,100.54,85.03,21.12,105.6,80.08,33.55,0.0,0.0,0.0,0.0,0.0,16.61,41.03,48.73,854.59,106.37
19.7286,246.73,181.94,105.27,91.74,25.41,114.51,89.1,37.07,0.0,0.0,0.0,0.0,0.0,11.88,28.27,25.41,891.77,65.56
19.7386,241.45,179.63,105.27,96.14,27.5,120.78,96.36,40.59,0.0,0.0,0.0,0.0,0.0,7.04,17.93,6.27,907.72,31.24
19.7486,236.28,175.12,102.96,104.94,29.59,127.16,101.75,42.35,0.0,0.0,0.0,0.0,0.0,4.73,15.4,0.0,920.15,20.13
19.7586,223.41,170.61,100.54,111.54,29.59,133.54,107.25,45.87,0.0,0.0,0.0,0.0,0.0,0.0,12.76,0.0,922.35,12.76
19.7686,211.2,161.92,95.81,120.56,31.68,142.01,112.64,47.63,0.0,0.0,0.0,0.0,0.0,0.0,10.23,0.0,923.45,10.23
19.7786,199.1,149.38,91.08,124.96,33.88,146.19,118.47,49.39,0.0,0.0,0.0,0.0,0.0,0.0,7.7,0.0,912.45,7.7
19.7886,184.47,136.84,84.04,129.47,33.88,150.48,124.52,51.15,0.0,0.0,0.0,0.0,0.0,0.0,7.7,0.0,894.85,7.7
19.7986,167.53,126.39,79.31,133.98,35.97,156.86,132.55,52.91,0.0,0.0,0.0,0.0,0.0,0.0,5.06,0.0,885.5,5.06
19.8086,152.68,113.85,72.27,136.18,38.06,158.95,136.62,56.54,0.0,0.0,0.0,0.0,0.0,0.0,5.06,0.0,865.15,5.06
19.8186,137.94,100.54,65.12,138.38,38.06,163.13,142.67,56.54,0.0,0.0,0.0,0.0,0.0,0.0,0.0,0.0,842.38,0.0
19.8286,118.36,87.34,55.77,140.69,38.06,165.33,146.74,58.52,0.0,0.0,0.0,0.0,0.0,0.0,0.0,0.0,810.81,0.0
19.8386,102.08,74.14,48.4,142.89,40.15,167.53,150.7,60.5,0.0,0.0,0.0,0.0,0.0,0.0,0.0,0.0,786.39,0.0
19.8486,88.88,60.94,41.14,142.89,38.06,171.93,152.79,60.5,0.0,0.0,0.0,0.0,0.0,0.0,0.0,0.0,757.13,0.0
19.8586,73.37,52.58,31.46,142.89,38.06,174.13,154.77,62.59,0.0,0.0,0.0,0.0,0.0,0.0,0.0,0.0,729.85,0.0
19.8686,62.37,42.79,26.62,140.69,38.06,176.33,156.75,64.57,0.0,0.0,0.0,0.0,0.0,0.0,0.0,0.0,708.18,0.0
19.8786,48.73,36.96,19.36,140.69,38.06,176.33,158.84,64.57,0.0,0.0,0.0,0.0,0.0,0.0,0.0,0.0,683.54,0.0
19.8886,34.76,29.15,14.52,138.38,35.97,178.53,160.82,64.57,0.0,0.0,0.0,0.0,0.0,0.0,0.0,0.0,656.7,0.0
19.8986,25.52,23.32,12.1,136.18,35.97,178.53,162.8,64.57,0.0,0.0,0.0,0.0,0.0,0.0,0.0,0.0,638.99,0.0
19.9086,18.59,19.47,9.68,133.98,33.88,180.73,164.89,66.55,0.0,0.0,0.0,0.0,0.0,0.0,0.0,0.0,627.77,0.0
19.9186,16.17,13.64,9.68,131.67,33.88,180.73,166.87,66.55,0.0,0.0,0.0,0.0,0.0,0.0,0.0,0.0,619.19,0.0
19.9286,13.86,11.66,7.26,127.27,31.68,180.73,168.96,66.55,0.0,0.0,0.0,0.0,0.0,0.0,0.0,0.0,607.97,0.0
19.9386,11.55,9.68,4.84,124.96,31.68,180.73,173.03,66.55,0.0,0.0,0.0,0.0,0.0,0.0,0.0,0.0,603.02,0.0
19.9486,9.24,7.7,4.84,120.56,29.59,182.93,175.12,66.55,0.0,0.0,0.0,0.0,0.0,0.0,0.0,0.0,596.53,0.0
19.9586,6.93,7.7,0.0,118.25,29.59,185.13,179.3,68.64,0.0,0.0,0.0,0.0,0.0,0.0,0.0,0.0,595.54,0.0
19.9686,6.93,5.83,0.0,113.85,29.59,185.13,183.37,68.64,0.0,0.0,0.0,0.0,0.0,0.0,0.0,0.0,593.34,0.0
19.9786,4.62,3.85,0.0,111.54,27.5,187.33,187.55,68.64,0.0,0.0,0.0,0.0,0.0,0.0,0.0,0.0,591.03,0.0
19.9886,4.62,3.85,0.0,107.14,27.5,187.33,191.62,70.62,0.0,0.0,0.0,0.0,0.0,0.0,0.0,0.0,592.68,0.0
19.9986,4.62,3.85,0.0,104.94,27.5,189.53,195.8,72.6,0.0,0.0,0.0,0.0,0.0,0.0,0.0,0.0,598.84,0.0
20.0086,4.62,3.85,0.0,100.54,25.41,191.73,202.07,74.69,0.0,0.0,0.0,0.0,0.0,0.0,0.0,0.0,602.91,0.0
20.0186,4.62,3.85,0.0,96.14,25.41,191.73,208.23,74.69,0.0,0.0,0.0,0.0,0.0,0.0,0.0,0.0,604.67,0.0
20.0286,0.0,0.0,0.0,91.74,25.41,191.73,212.41,76.67,0.0,0.0,0.0,0.0,0.0,0.0,0.0,0.0,597.96,0.0
20.0386,0.0,0.0,0.0,85.03,25.41,191.73,218.57,80.74,0.0,0.0,0.0,0.0,0.0,0.0,0.0,0.0,601.48,0.0
20.0486,0.0,0.0,0.0,78.43,23.21,191.73,224.84,82.72,0.0,0.0,0.0,0.0,0.0,0.0,0.0,0.0,600.93,0.0
20.0586,0.0,0.0,0.0,71.83,21.12,191.73,231.44,86.79,0.0,0.0,0.0,0.0,0.0,0.0,0.0,0.0,602.91,0.0
20.0686,0.0,0.0,0.0,65.23,19.03,189.53,233.64,90.86,0.0,0.0,0.0,0.0,0.0,0.0,0.0,0.0,598.29,0.0
20.0786,0.0,0.0,0.0,56.87,16.94,187.33,238.04,94.82,0.0,0.0,0.0,0.0,0.0,0.0,0.0,0.0,594.0,0.0
20.0886,0.0,0.0,0.0,49.94,14.74,182.93,238.04,96.91,0.0,0.0,0.0,0.0,0.0,0.0,0.0,0.0,582.56,0.0
20.0986,0.0,0.0,0.0,41.36,12.65,178.53,238.04,100.87,17.49,0.0,0.0,0.0,0.0,0.0,0.0,0.0,571.45,17.49
20.1086,0.0,0.0,0.0,34.43,8.47,171.93,238.04,104.94,107.58,16.39,0.0,0.0,0.0,0.0,0.0,0.0,557.81,123.97
20.1186,0.0,0.0,0.0,27.5,6.27,161.04,235.84,109.01,275.77,51.59,11.88,0.0,0.0,0.0,0.0,0.0,539.66,339.24
20.1286,0.0,0.0,0.0,18.92,4.18,144.1,233.64,109.01,243.76,79.86,28.71,25.41,0.0,0.0,5.06,0.0,509.85,382.8
20.1386,0.0,0.0,0.0,15.51,4.18,120.78,224.84,109.01,241.23,115.5,45.43,53.68,0.0,4.73,7.7,0.0,474.32,468.27
20.1486,0.0,0.0,0.0,13.75,4.18,89.98,212.41,106.92,241.23,135.52,55.11,100.21,0.0,33.22,12.76,0.0,427.24,578.05
20.1586,0.0,0.0,0.0,11.99,6.27,54.67,181.28,100.87,248.6,153.12,63.25,119.02,0.0,56.98,17.93,6.27,355.08,665.17
20.1686,0.0,0.0,0.0,8.58,6.27,35.09,132.55,90.86,233.86,153.12,66.0,125.4,0.0,75.68,30.8,10.56,273.35,695.42
20.1786,0.0,0.0,0.0,6.82,4.18,25.3,74.58,76.67,236.28,163.13,71.39,134.86,5.5,91.96,46.2,14.74,187.55,764.06
20.1886,0.0,0.0,0.0,3.41,0.0,19.47,42.68,54.67,243.76,170.61,79.64,141.13,8.25,100.1,59.51,21.12,120.23,824.12
20.1986,0.0,0.0,0.0,0.0,0.0,13.64,32.01,37.07,256.08,177.87,85.03,147.51,11.0,108.24,71.39,23.21,82.72,880.33
20.2086,0.0,0.0,0.0,0.0,0.0,9.68,25.96,22.88,263.45,182.71,93.28,153.78,13.75,116.38,80.3,27.5,58.52,931.15
20.2186,0.0,0.0,0.0,0.0,0.0,7.81,18.26,15.84,268.4,185.13,98.67,160.05,16.5,124.52,89.32,29.59,41.91,972.18
20.2286,0.0,0.0,0.0,0.0,0.0,5.83,13.75,7.04,263.45,187.55,98.67,166.43,16.5,130.02,92.29,31.79,26.62,986.7
20.2386,0.0,0.0,0.0,0.0,0.0,3.85,7.59,0.0,258.5,185.13,96.03,172.81,19.25,132.77,95.26,31.79,11.44,991.54
20.2486,0.0,0.0,0.0,0.0,0.0,0.0,7.59,0.0,246.18,185.13,93.28,182.38,16.5,140.91,98.23,33.88,7.59,996.49
20.2586,0.0,0.0,0.0,0.0,0.0,0.0,6.05,0.0,233.86,177.87,90.53,191.95,19.25,143.66,101.2,33.88,6.05,992.2
20.2686,0.0,0.0,0.0,0.0,0.0,0.0,4.51,0.0,221.65,173.03,87.78,201.63,19.25,149.05,104.17,35.97,4.51,992.53
20.2786,0.0,0.0,0.0,0.0,0.0,0.0,2.97,0.0,207.79,165.66,85.03,208.01,19.25,154.55,110.22,38.06,2.97,988.57
20.2886,0.0,0.0,0.0,0.0,0.0,0.0,0.0,0.0,193.82,158.07,79.64,211.2,22.0,157.19,113.08,38.06,0.0,973.06
20.2986,0.0,0.0,0.0,0.0,0.0,0.0,0.0,0.0,179.96,148.06,76.89,217.58,22.0,162.69,115.94,40.26,0.0,963.38
20.3086,0.0,0.0,0.0,0.0,0.0,0.0,0.0,0.0,166.1,138.05,71.39,224.07,22.0,168.19,118.91,40.26,0.0,948.97
20.3186,0.0,0.0,0.0,0.0,0.0,0.0,0.0,0.0,153.34,128.04,68.75,226.93,24.75,173.47,121.77,42.35,0.0,939.4
20.3286,0.0,0.0,0.0,0.0,0.0,0.0,0.0,0.0,140.69,120.56,63.25,232.76,24.75,178.86,124.63,42.35,0.0,927.85
20.3386,0.0,0.0,0.0,0.0,0.0,0.0,0.0,0.0,130.02,110.66,60.5,235.62,24.75,184.25,127.6,44.44,0.0,917.84
20.3486,0.0,0.0,0.0,0.0,0.0,0.0,0.0,0.0,117.37,103.51,55.11,238.59,24.75,187.0,130.46,46.53,0.0,903.32
20.3586,0.0,0.0,0.0,0.0,0.0,0.0,0.0,0.0,107.58,96.47,52.69,241.45,24.75,192.39,133.32,46.53,0.0,895.18
20.3686,0.0,0.0,0.0,0.0,0.0,0.0,0.0,0.0,99.99,89.32,50.27,244.42,24.75,197.67,136.29,48.73,0.0,891.44
20.3786,0.0,0.0,0.0,0.0,0.0,0.0,0.0,0.0,92.29,82.28,47.85,247.28,27.5,200.42,139.15,50.82,0.0,887.59
20.3886,0.0,0.0,0.0,0.0,0.0,0.0,0.0,0.0,84.7,77.55,43.12,250.14,27.5,205.81,139.15,50.82,0.0,878.79
20.3986,0.0,0.0,0.0,0.0,0.0,0.0,0.0,0.0,77.0,72.82,40.7,255.97,27.5,208.45,142.12,52.91,0.0,877.47
20.4086,0.0,0.0,0.0,0.0,0.0,0.0,0.0,0.0,69.41,68.09,38.28,258.94,27.5,213.84,144.98,55.11,0.0,876.15
20.4186,0.0,0.0,0.0,0.0,0.0,0.0,0.0,0.0,61.71,63.36,35.86,261.8,27.5,216.59,147.84,57.53,0.0,872.19
20.4286,0.0,0.0,0.0,0.0,0.0,0.0,0.0,0.0,54.45,56.21,33.44,267.63,27.5,221.98,147.84,59.95,0.0,869.0
20.4386,0.0,0.0,0.0,0.0,0.0,0.0,0.0,0.0,47.41,51.59,31.13,270.6,24.75,224.73,150.81,62.37,0.0,863.39
20.4486,0.0,0.0,0.0,0.0,0.0,0.0,0.0,0.0,40.37,49.17,26.29,273.46,24.75,230.34,153.67,67.32,0.0,865.37
20.4586,0.0,0.0,0.0,0.0,0.0,0.0,0.0,0.0,33.33,44.55,21.56,273.46,24.75,233.09,156.53,69.74,0.0,857.01
20.4686,0.0,0.0,0.0,0.0,0.0,0.0,0.0,0.0,28.05,39.82,19.14,276.43,27.5,235.95,159.5,72.16,0.0,858.55
20.4786,0.0,0.0,0.0,0.0,0.0,0.0,0.0,0.0,24.53,35.09,14.3,279.51,24.75,241.45,165.33,74.69,0.0,859.65
20.4886,0.0,0.0,0.0,0.0,0.0,0.0,0.0,0.0,21.01,30.47,11.88,279.51,27.5,244.31,171.27,79.53,0.0,865.48
20.4986,0.0,0.0,0.0,0.0,0.0,0.0,0.0,0.0,17.49,23.43,9.57,279.51,27.5,247.06,177.21,81.95,0.0,863.72
20.5086,0.0,0.0,0.0,0.0,0.0,0.0,0.0,0.0,15.73,18.7,9.57,276.43,27.5,252.67,183.15,86.9,0.0,870.65
20.5186,0.0,0.0,0.0,0.0,0.0,0.0,0.0,0.0,12.21,13.97,7.15,276.43,27.5,255.42,189.09,91.74,0.0,873.51
20.5286,0.0,0.0,0.0,0.0,0.0,0.0,0.0,0.0,10.45,11.66,7.15,270.6,24.75,258.28,195.14,94.27,0.0,872.3
20.5386,0.0,0.0,0.0,0.0,0.0,0.0,0.0,0.0,8.69,9.35,4.73,261.8,24.75,261.03,201.08,99.11,0.0,870.54
20.5486,0.0,0.0,0.0,0.0,0.0,0.0,0.0,0.0,6.93,6.93,4.73,250.14,24.75,263.89,207.02,104.06,0.0,868.45
20.5586,0.0,0.0,0.0,0.0,0.0,0.0,0.0,0.0,6.93,4.62,0.0,238.59,22.0,266.64,209.99,108.9,0.0,857.67
20.5686,0.0,0.0,0.0,0.0,0.0,0.0,0.0,0.0,5.17,4.62,0.0,224.07,19.25,269.39,212.96,113.85,0.0,849.31
20.5786,0.0,0.0,0.0,0.0,0.0,0.0,0.0,0.0,5.17,4.62,0.0,204.82,16.5,269.39,215.93,118.25,0.0,834.68
20.5886,0.0,0.0,0.0,0.0,0.0,0.0,0.0,0.0,3.41,0.0,0.0,185.57,13.75,269.39,218.9,122.76,0.0,813.78
20.5986,11.55,0.0,0.0,0.0,0.0,0.0,0.0,0.0,3.41,0.0,0.0,163.24,11.0,269.39,218.9,129.47,11.55,795.41
20.6086,60.17,11.66,0.0,0.0,0.0,0.0,0.0,0.0,3.41,0.0,0.0,141.13,8.25,263.89,218.9,136.18,71.83,771.76
20.6186,220.88,54.56,7.26,0.0,0.0,0.0,0.0,0.0,0.0,0.0,0.0,115.94,5.5,258.28,221.98,142.89,282.7,744.59
20.6286,244.09,74.14,26.62,5.17,0.0,0.0,0.0,0.0,0.0,0.0,0.0,90.75,0.0,247.06,221.98,147.29,350.02,707.08
20.6386,231.11,100.54,43.56,18.92,0.0,3.85,0.0,0.0,0.0,0.0,0.0,59.4,0.0,221.98,221.98,151.8,397.98,655.16
20.6486,233.75,126.39,58.08,25.85,0.0,7.81,0.0,0.0,0.0,0.0,0.0,36.74,0.0,187.0,215.93,156.31,451.88,595.98
20.6586,238.92,145.2,65.12,39.6,0.0,11.66,0.0,0.0,0.0,0.0,0.0,25.41,5.5,138.16,204.05,154.0,500.5,527.12
20.6686,244.09,159.83,72.27,46.53,0.0,23.43,0.0,5.28,0.0,0.0,0.0,19.8,5.5,81.07,177.21,142.89,551.43,426.47
20.6786,244.09,170.61,77.0,53.35,0.0,39.05,4.51,10.56,0.0,0.0,0.0,16.94,5.5,47.52,127.6,127.16,599.17,324.72
20.6886,254.43,184.25,88.77,60.83,0.0,52.69,13.75,14.08,0.0,0.0,0.0,14.08,5.5,33.22,80.3,111.32,668.8,244.42
20.6986,270.05,200.09,98.23,65.23,0.0,63.03,24.42,17.6,0.0,0.0,0.0,11.22,0.0,23.65,51.37,86.9,738.65,173.14
20.7086,280.39,209.11,105.27,69.63,6.27,69.74,36.63,21.12,0.0,0.0,0.0,5.61,0.0,16.61,38.5,55.11,798.16,115.83
20.7185,290.62,218.24,114.84,74.03,10.56,78.76,45.76,24.64,0.0,0.0,0.0,0.0,0.0,11.88,28.27,29.59,857.45,69.74
20.7285,295.68,220.55,119.79,78.43,14.74,85.47,53.46,26.4,0.0,0.0,0.0,0.0,0.0,9.46,20.46,8.47,894.52,38.39
20.7385,295.68,222.75,122.32,82.83,19.03,92.18,60.06,28.27,0.0,0.0,0.0,0.0,0.0,7.04,15.4,0.0,923.12,22.44
20.7485,290.62,220.55,122.32,89.54,19.03,96.69,65.56,28.27,0.0,0.0,0.0,0.0,0.0,0.0,12.76,0.0,932.58,12.76
20.7585,280.39,215.93,119.79,91.74,21.12,101.2,70.95,30.03,0.0,0.0,0.0,0.0,0.0,0.0,10.23,0.0,931.15,10.23
20.7685,267.41,209.11,117.37,96.14,23.21,105.6,74.58,31.79,0.0,0.0,0.0,0.0,0.0,0.0,7.7,0.0,925.21,7.7
20.7785,257.07,200.09,112.42,98.34,25.41,110.11,78.21,31.79,0.0,0.0,0.0,0.0,0.0,0.0,5.06,0.0,913.44,5.06
20.7885,244.09,190.96,107.69,102.74,25.41,112.42,83.71,33.55,0.0,0.0,0.0,0.0,0.0,0.0,5.06,0.0,900.57,5.06
20.7985,231.11,181.94,105.27,104.94,27.5,116.6,87.23,33.55,0.0,0.0,0.0,0.0,0.0,0.0,0.0,0.0,888.14,0.0
20.8085,218.46,170.61,100.54,107.14,29.59,118.69,89.1,35.31,0.0,0.0,0.0,0.0,0.0,0.0,0.0,0.0,869.44,0.0
20.8185,208.78,159.83,95.81,111.54,29.59,120.78,94.49,35.31,0.0,0.0,0.0,0.0,0.0,0.0,0.0,0.0,856.13,0.0
20.8285,194.15,149.38,88.77,113.85,31.68,125.07,96.36,37.07,0.0,0.0,0.0,0.0,0.0,0.0,0.0,0.0,836.33,0.0
20.8385,179.63,136.84,81.73,116.05,31.68,127.16,98.12,37.07,0.0,0.0,0.0,0.0,0.0,0.0,0.0,0.0,808.28,0.0
20.8485,165.0,126.39,77.0,118.25,33.88,129.25,99.99,38.83,0.0,0.0,0.0,0.0,0.0,0.0,0.0,0.0,788.59,0.0
20.8585,150.26,115.94,69.85,124.96,33.88,133.54,103.62,38.83,0.0,0.0,0.0,0.0,0.0,0.0,0.0,0.0,770.88,0.0
20.8685,137.94,104.94,62.81,129.47,33.88,137.72,105.38,40.59,0.0,0.0,0.0,0.0,0.0,0.0,0.0,0.0,752.73,0.0
20.8785,125.73,96.14,58.08,133.98,35.97,139.92,107.25,40.59,0.0,0.0,0.0,0.0,0.0,0.0,0.0,0.0,737.66,0.0
20.8885,115.83,87.34,50.82,138.38,35.97,144.1,109.01,42.35,0.0,0.0,0.0,0.0,0.0,0.0,0.0,0.0,723.8,0.0
20.8985,104.28,78.54,45.98,145.09,35.97,148.39,110.88,42.35,0.0,0.0,0.0,0.0,0.0,0.0,0.0,0.0,711.48,0.0
20.9085,95.48,69.74,41.14,149.6,35.97,152.57,112.64,44.11,0.0,0.0,0.0,0.0,0.0,0.0,0.0,0.0,701.25,0.0
20.9185,86.68,63.14,36.3,156.31,35.97,156.86,114.51,45.87,0.0,0.0,0.0,0.0,0.0,0.0,0.0,0.0,695.64,0.0
20.9285,77.77,56.54,33.88,163.02,35.97,161.04,118.47,45.87,0.0,0.0,0.0,0.0,0.0,0.0,0.0,0.0,692.56,0.0
20.9385,68.97,50.6,29.04,167.64,35.97,167.53,122.54,47.63,0.0,0.0,0.0,0.0,0.0,0.0,0.0,0.0,689.92,0.0
20.9485,57.97,44.77,24.2,174.68,38.06,171.93,128.59,49.39,0.0,0.0,0.0,0.0,0.0,0.0,0.0,0.0,689.59,0.0
20.9585,46.42,38.94,19.36,179.41,38.06,176.33,134.64,51.15,0.0,0.0,0.0,0.0,0.0,0.0,0.0,0.0,684.31,0.0
20.9685,37.18,35.09,16.94,181.83,38.06,182.93,140.69,52.91,0.0,0.0,0.0,0.0,0.0,0.0,0.0,0.0,685.63,0.0
20.9785,30.14,29.15,14.52,184.14,40.15,187.33,150.7,54.67,0.0,0.0,0.0,0.0,0.0,0.0,0.0,0.0,690.8,0.0
20.9885,23.21,25.3,12.1,186.56,40.15,189.53,158.84,56.54,0.0,0.0,0.0,0.0,0.0,0.0,0.0,0.0,692.23,0.0
20.9985,20.9,21.34,9.68,186.56,42.35,194.04,166.87,58.52,0.0,0.0,0.0,0.0,0.0,0.0,0.0,0.0,700.26,0.0
21.0085,16.17,17.49,9.68,186.56,42.35,198.44,177.21,60.5,0.0,0.0,0.0,0.0,0.0,0.0,0.0,0.0,708.4,0.0
21.0185,13.86,13.64,7.26,184.14,42.35,200.64,185.46,62.59,0.0,0.0,0.0,0.0,0.0,0.0,0.0,0.0,709.94,0.0
21.0285,11.55,9.68,4.84,179.41,42.35,202.84,195.8,64.57,0.0,0.0,0.0,0.0,0.0,0.0,0.0,0.0,711.04,0.0
21.0385,9.24,7.7,4.84,172.37,40.15,205.04,204.05,66.55,0.0,0.0,0.0,0.0,0.0,0.0,0.0,0.0,709.94,0.0
21.0485,6.93,5.83,0.0,163.02,40.15,207.24,210.32,70.62,0.0,0.0,0.0,0.0,0.0,0.0,0.0,0.0,704.11,0.0
21.0585,4.62,5.83,0.0,151.8,35.97,209.44,214.39,74.69,0.0,0.0,0.0,0.0,0.0,0.0,0.0,0.0,696.74,0.0
21.0685,4.62,3.85,0.0,138.38,31.68,209.44,216.48,78.65,0.0,0.0,0.0,0.0,0.0,0.0,0.0,0.0,683.1,0.0
21.0785,0.0,3.85,0.0,122.76,27.5,211.64,216.48,82.72,0.0,0.0,0.0,0.0,0.0,0.0,0.0,0.0,664.95,0.0
21.0885,0.0,3.85,0.0,107.14,21.12,209.44,214.39,88.77,13.97,0.0,0.0,0.0,0.0,0.0,0.0,0.0,644.71,13.97
21.0985,0.0,0.0,0.0,91.74,16.94,209.44,212.41,92.84,61.71,9.35,0.0,0.0,0.0,0.0,0.0,0.0,623.37,71.06
21.1085,0.0,0.0,0.0,74.03,12.65,205.04,208.23,96.91,224.07,35.09,7.15,0.0,0.0,0.0,0.0,0.0,596.86,266.31
21.1185,0.0,0.0,0.0,53.35,8.47,194.04,206.14,100.87,207.79,51.59,14.3,0.0,0.0,0.0,0.0,0.0,562.87,273.68
21.1285,0.0,0.0,0.0,37.84,6.27,176.33,202.07,102.96,205.48,77.55,31.13,22.55,0.0,0.0,0.0,0.0,525.47,336.71
21.1385,0.0,0.0,0.0,24.09,4.18,152.57,193.71,104.94,205.48,94.05,40.7,45.21,0.0,0.0,0.0,0.0,479.49,385.44
21.1485,0.0,0.0,0.0,17.16,4.18,125.07,183.37,102.96,217.03,113.08,47.85,75.02,0.0,4.73,7.7,0.0,432.74,465.41
21.1585,0.0,0.0,0.0,15.51,4.18,85.47,160.82,98.89,214.72,125.51,52.69,93.94,0.0,28.49,7.7,0.0,364.87,523.05
21.1685,0.0,0.0,0.0,11.99,6.27,50.71,122.54,90.86,212.41,130.57,55.11,106.48,0.0,52.25,12.76,0.0,282.37,569.58
21.1785,0.0,0.0,0.0,10.34,4.18,33.22,78.21,80.74,219.34,140.58,66.0,115.94,0.0,67.54,25.63,8.47,206.69,643.5
21.1885,0.0,0.0,0.0,6.82,0.0,23.43,45.76,64.57,233.86,153.12,74.14,122.21,5.5,78.32,38.5,12.65,140.58,718.3
21.1985,0.0,0.0,0.0,5.17,0.0,17.49,32.01,44.11,251.13,163.13,85.03,128.48,8.25,89.21,48.73,16.94,98.78,790.9
21.2085,0.0,0.0,0.0,3.41,0.0,11.66,27.5,30.03,265.87,170.61,93.28,134.86,11.0,97.35,59.51,21.12,72.6,853.6
21.2185,0.0,0.0,0.0,0.0,0.0,9.68,22.88,19.36,275.77,175.45,98.67,137.94,11.0,105.49,68.42,23.21,51.92,895.95
21.2285,0.0,0.0,0.0,0.0,0.0,7.81,16.72,14.08,280.72,177.87,101.42,141.13,13.75,108.24,74.36,25.41,38.61,922.9
21.2385,0.0,0.0,0.0,0.0,0.0,3.85,10.67,5.28,280.72,177.87,104.17,147.51,13.75,113.63,77.33,27.5,19.8,942.48
21.2485,0.0,0.0,0.0,0.0,0.0,3.85,7.59,0.0,273.24,180.29,101.42,153.78,13.75,119.13,80.3,27.5,11.44,949.41
21.2585,0.0,0.0,0.0,0.0,0.0,0.0,7.59,3.52,265.87,177.87,101.42,160.05,13.75,124.52,83.27,29.59,11.11,956.34
21.2685,0.0,0.0,0.0,0.0,0.0,0.0,6.05,0.0,253.55,173.03,98.67,166.43,16.5,130.02,89.32,31.79,6.05,959.31
21.2785,0.0,0.0,0.0,0.0,0.0,0.0,4.51,0.0,238.81,168.19,96.03,172.81,16.5,135.41,95.26,31.79,4.51,954.8
21.2885,0.0,0.0,0.0,0.0,0.0,0.0,2.97,0.0,224.07,160.6,93.28,179.19,19.25,140.91,101.2,33.88,2.97,952.38
21.2985,0.0,0.0,0.0,0.0,0.0,0.0,0.0,0.0,212.41,153.12,90.53,182.38,19.25,146.3,107.14,35.97,0.0,947.1
21.3085,0.0,0.0,0.0,0.0,0.0,0.0,0.0,0.0,196.24,145.64,85.03,188.76,22.0,151.8,113.08,38.06,0.0,940.61
21.3185,0.0,0.0,0.0,0.0,0.0,0.0,0.0,0.0,182.27,135.52,82.39,191.95,22.0,157.19,115.94,40.26,0.0,927.52
21.3285,0.0,0.0,0.0,0.0,0.0,0.0,0.0,0.0,166.1,128.04,76.89,198.44,24.75,162.69,118.91,40.26,0.0,916.08
21.3385,0.0,0.0,0.0,0.0,0.0,0.0,0.0,0.0,151.25,120.56,71.39,201.63,24.75,168.19,121.77,42.35,0.0,901.89
21.3485,0.0,0.0,0.0,0.0,0.0,0.0,0.0,0.0,138.49,110.66,66.0,208.01,24.75,170.83,124.63,42.35,0.0,885.72
21.3585,0.0,0.0,0.0,0.0,0.0,0.0,0.0,0.0,127.93,103.51,63.25,211.2,27.5,176.22,127.6,44.44,0.0,881.65
21.3685,0.0,0.0,0.0,0.0,0.0,0.0,0.0,0.0,115.28,96.47,57.75,214.39,27.5,178.86,130.46,44.44,0.0,865.15
21.3785,0.0,0.0,0.0,0.0,0.0,0.0,0.0,0.0,105.71,89.32,55.11,217.58,27.5,184.25,136.29,46.53,0.0,862.29
21.3885,0.0,0.0,0.0,0.0,0.0,0.0,0.0,0.0,94.16,82.28,50.27,220.77,27.5,189.64,139.15,46.53,0.0,850.3
21.3985,0.0,0.0,0.0,0.0,0.0,0.0,0.0,0.0,86.57,75.13,45.43,224.07,27.5,192.39,144.98,48.73,0.0,844.8
21.4085,0.0,0.0,0.0,0.0,0.0,0.0,0.0,0.0,77.0,68.09,43.12,224.07,27.5,197.67,147.84,50.82,0.0,836.11
21.4185,0.0,0.0,0.0,0.0,0.0,0.0,0.0,0.0,69.41,60.94,40.7,226.93,30.25,203.06,153.67,52.91,0.0,837.87
21.4285,0.0,0.0,0.0,0.0,0.0,0.0,0.0,0.0,61.71,56.21,38.28,229.79,30.25,208.45,159.5,57.53,0.0,841.72
21.4385,0.0,0.0,0.0,0.0,0.0,0.0,0.0,0.0,52.69,51.59,35.86,229.79,30.25,213.84,165.33,59.95,0.0,839.3
21.4485,0.0,0.0,0.0,0.0,0.0,0.0,0.0,0.0,45.65,44.55,31.13,232.76,30.25,219.23,174.24,62.37,0.0,840.18
21.4585,0.0,0.0,0.0,0.0,0.0,0.0,0.0,0.0,38.61,39.82,28.71,232.76,30.25,224.73,183.15,67.32,0.0,845.35
21.4685,0.0,0.0,0.0,0.0,0.0,0.0,0.0,0.0,31.57,35.09,26.29,229.79,33.0,230.34,192.06,69.74,0.0,847.88
21.4785,0.0,0.0,0.0,0.0,0.0,0.0,0.0,0.0,24.53,28.05,21.56,226.93,33.0,233.09,201.08,74.69,0.0,842.93
21.4885,0.0,0.0,0.0,0.0,0.0,0.0,0.0,0.0,21.01,21.01,16.72,226.93,33.0,235.95,209.99,77.11,0.0,841.72
21.4985,0.0,0.0,0.0,0.0,0.0,0.0,0.0,0.0,17.49,16.39,11.88,220.77,33.0,241.45,218.9,79.53,0.0,839.41
21.5085,6.93,0.0,0.0,0.0,0.0,0.0,0.0,0.0,13.97,11.66,9.57,217.58,33.0,244.31,230.45,84.48,6.93,845.02
21.5185,11.55,0.0,0.0,0.0,0.0,0.0,0.0,0.0,12.21,9.35,7.15,208.01,33.0,247.06,238.92,89.32,11.55,845.02
21.5285,13.86,0.0,0.0,0.0,0.0,0.0,0.0,0.0,8.69,6.93,7.15,195.14,33.0,249.92,250.14,91.74,13.86,842.71
21.5385,18.59,0.0,0.0,0.0,0.0,0.0,0.0,0.0,6.93,4.62,4.73,182.38,30.25,252.67,255.86,96.69,18.59,834.13
21.5485,32.45,3.85,0.0,0.0,0.0,0.0,0.0,0.0,6.93,4.62,0.0,166.43,30.25,252.67,261.47,101.53,36.3,823.9
21.5585,62.37,15.51,0.0,0.0,0.0,0.0,0.0,0.0,5.17,0.0,0.0,150.59,24.75,252.67,267.19,106.48,77.88,806.85
21.5685,160.05,44.77,12.1,0.0,0.0,0.0,0.0,0.0,3.41,0.0,0.0,128.48,19.25,249.92,269.94,111.32,216.92,782.32
21.5785,218.46,76.34,33.88,5.17,0.0,0.0,0.0,0.0,3.41,0.0,0.0,109.56,16.5,244.31,267.19,113.85,333.85,754.82
21.5885,220.88,98.34,45.98,22.33,0.0,5.83,0.0,0.0,0.0,0.0,0.0,81.29,11.0,230.34,267.19,118.25,393.36,708.07
21.5985,220.88,118.03,58.08,29.26,0.0,11.66,0.0,3.52,0.0,0.0,0.0,53.68,5.5,211.2,261.47,124.96,441.43,656.81
21.6085,218.46,128.48,65.12,39.6,0.0,19.47,2.97,5.28,0.0,0.0,0.0,31.02,0.0,176.22,255.86,129.47,479.38,592.57
21.6185,220.88,141.02,72.27,46.53,0.0,37.07,9.13,10.56,0.0,0.0,0.0,19.8,0.0,130.02,244.53,131.67,537.46,526.02
21.6285,223.41,151.47,77.0,51.7,0.0,46.86,18.26,14.08,0.0,0.0,0.0,14.08,0.0,72.93,218.9,127.16,582.78,433.07
21.6385,231.11,164.01,84.04,56.87,6.27,56.65,32.01,17.6,0.0,0.0,0.0,11.22,0.0,42.68,168.3,116.05,648.56,338.25
21.6485,244.09,177.43,95.81,60.83,8.47,67.54,41.25,21.12,0.0,0.0,0.0,8.47,0.0,28.49,107.14,99.11,716.54,243.21
21.6585,254.43,186.45,102.96,65.23,12.65,74.25,50.38,22.88,0.0,0.0,0.0,5.61,0.0,23.65,65.45,81.95,769.23,176.66
21.6685,264.88,195.58,112.42,69.63,16.94,83.27,58.3,26.4,0.0,0.0,0.0,5.61,0.0,18.92,43.67,55.11,827.42,123.31
21.6785,270.05,200.09,119.79,74.03,21.12,89.98,69.19,28.27,0.0,0.0,0.0,0.0,0.0,11.88,28.27,29.59,872.52,69.74
21.6885,264.88,197.78,119.79,80.63,23.21,98.89,76.45,30.03,0.0,0.0,0.0,0.0,0.0,7.04,17.93,6.27,891.66,31.24
21.6985,257.07,195.58,119.79,89.54,25.41,107.91,83.71,31.79,0.0,0.0,0.0,0.0,0.0,4.73,15.4,0.0,910.8,20.13
21.7085,246.73,190.96,117.37,96.14,27.5,114.51,90.86,35.31,0.0,0.0,0.0,0.0,0.0,0.0,10.23,0.0,919.38,10.23
21.7185,233.75,181.94,112.42,102.74,29.59,120.78,98.12,37.07,0.0,0.0,0.0,0.0,0.0,0.0,10.23,0.0,916.41,10.23
21.7285,220.88,172.81,107.69,109.34,31.68,127.16,105.38,38.83,0.0,0.0,0.0,0.0,0.0,0.0,7.7,0.0,913.77,7.7
21.7385,206.36,161.92,100.54,113.85,33.88,133.54,110.88,42.35,0.0,0.0,0.0,0.0,0.0,0.0,7.7,0.0,903.32,7.7
21.7485,194.15,149.38,95.81,116.05,35.97,137.72,116.49,44.11,0.0,0.0,0.0,0.0,0.0,0.0,7.7,0.0,889.68,7.7
21.7585,179.63,136.84,88.77,120.56,38.06,139.92,122.54,45.87,0.0,0.0,0.0,0.0,0.0,0.0,5.06,0.0,872.19,5.06
21.7685,165.0,124.3,81.73,122.76,38.06,144.1,126.5,45.87,0.0,0.0,0.0,0.0,0.0,0.0,5.06,0.0,848.32,5.06
21.7785,147.84,111.54,72.27,124.96,40.15,146.19,128.59,47.63,0.0,0.0,0.0,0.0,0.0,0.0,5.06,0.0,819.17,5.06
21.7885,130.57,98.34,65.12,129.47,40.15,150.48,130.57,49.39,0.0,0.0,0.0,0.0,0.0,0.0,0.0,0.0,794.09,0.0
21.7985,113.41,85.14,55.77,131.67,40.15,152.57,134.64,49.39,0.0,0.0,0.0,0.0,0.0,0.0,0.0,0.0,762.74,0.0
21.8085,99.88,74.14,48.4,131.67,40.15,154.66,136.62,49.39,0.0,0.0,0.0,0.0,0.0,0.0,0.0,0.0,734.91,0.0
21.8185,86.68,63.14,41.14,136.18,40.15,156.86,136.62,51.15,0.0,0.0,0.0,0.0,0.0,0.0,0.0,0.0,711.92,0.0
21.8285,73.37,52.58,33.88,138.38,40.15,158.95,138.6,51.15,0.0,0.0,0.0,0.0,0.0,0.0,0.0,0.0,687.06,0.0
21.8385,62.37,44.77,29.04,138.38,40.15,163.13,140.69,51.15,0.0,0.0,0.0,0.0,0.0,0.0,0.0,0.0,669.68,0.0
21.8485,48.73,38.94,21.78,140.69,40.15,165.33,144.65,52.91,0.0,0.0,0.0,0.0,0.0,0.0,0.0,0.0,653.18,0.0
21.8585,34.76,31.13,16.94,140.69,38.06,167.53,146.74,52.91,0.0,0.0,0.0,0.0,0.0,0.0,0.0,0.0,628.76,0.0
21.8685,25.52,25.3,12.1,142.89,38.06,169.73,150.7,52.91,0.0,0.0,0.0,0.0,0.0,0.0,0.0,0.0,617.21,0.0
21.8785,20.9,19.47,9.68,140.69,35.97,171.93,156.75,54.67,0.0,0.0,0.0,0.0,0.0,0.0,0.0,0.0,610.06,0.0
21.8885,16.17,15.51,7.26,138.38,35.97,174.13,162.8,54.67,0.0,0.0,0.0,0.0,0.0,0.0,0.0,0.0,604.89,0.0
21.8985,13.86,11.66,7.26,136.18,35.97,178.53,168.96,56.54,0.0,0.0,0.0,0.0,0.0,0.0,0.0,0.0,608.96,0.0
21.9085,11.55,9.68,4.84,133.98,35.97,180.73,175.12,58.52,0.0,0.0,0.0,0.0,0.0,0.0,0.0,0.0,610.39,0.0
21.9185,9.24,7.7,4.84,131.67,35.97,185.13,181.28,60.5,0.0,0.0,0.0,0.0,0.0,0.0,0.0,0.0,616.33,0.0
21.9285,9.24,7.7,4.84,129.47,35.97,187.33,189.64,62.59,0.0,0.0,0.0,0.0,0.0,0.0,0.0,0.0,626.78,0.0
21.9385,6.93,5.83,0.0,127.27,33.88,189.53,195.8,62.59,0.0,0.0,0.0,0.0,0.0,0.0,0.0,0.0,621.83,0.0
21.9485,6.93,5.83,0.0,122.76,33.88,194.04,204.05,64.57,0.0,0.0,0.0,0.0,0.0,0.0,0.0,0.0,632.06,0.0
21.9585,4.62,3.85,0.0,118.25,31.68,194.04,210.32,66.55,0.0,0.0,0.0,0.0,0.0,0.0,0.0,0.0,629.31,0.0
21.9685,4.62,3.85,0.0,111.54,31.68,196.24,216.48,68.64,0.0,0.0,0.0,0.0,0.0,0.0,0.0,0.0,633.05,0.0
21.9785,4.62,3.85,0.0,104.94,29.59,198.44,222.75,72.6,0.0,0.0,0.0,0.0,0.0,0.0,0.0,0.0,636.79,0.0
21.9885,0.0,3.85,0.0,98.34,27.5,198.44,229.24,74.69,0.0,0.0,0.0,0.0,0.0,0.0,0.0,0.0,632.06,0.0
21.9985,0.0,0.0,0.0,89.54,25.41,198.44,233.64,78.65,0.0,0.0,0.0,0.0,0.0,0.0,0.0,0.0,625.68,0.0
22.0085,0.0,0.0,0.0,80.63,23.21,196.24,235.84,82.72,0.0,0.0,0.0,0.0,0.0,0.0,0.0,0.0,618.64,0.0
22.0185,0.0,0.0,0.0,69.63,19.03,196.24,238.04,88.77,0.0,0.0,0.0,0.0,0.0,0.0,0.0,0.0,611.71,0.0
22.0285,0.0,0.0,0.0,58.63,16.94,191.73,238.04,90.86,0.0,0.0,0.0,0.0,0.0,0.0,0.0,0.0,596.2,0.0
22.0385,0.0,0.0,0.0,49.94,12.65,189.53,238.04,96.91,8.69,0.0,0.0,0.0,0.0,0.0,0.0,0.0,587.07,8.69
22.0485,0.0,0.0,0.0,41.36,10.56,182.93,233.64,98.89,43.89,6.93,0.0,0.0,0.0,0.0,0.0,0.0,567.38,50.82
22.0585,0.0,0.0,0.0,34.43,8.47,174.13,231.44,102.96,238.81,42.13,9.57,0.0,0.0,0.0,0.0,0.0,551.43,290.51
22.0685,0.0,0.0,0.0,24.09,6.27,161.04,227.04,104.94,243.76,63.36,23.87,8.47,0.0,0.0,5.06,0.0,523.38,344.52
22.0785,0.0,0.0,0.0,17.16,4.18,139.92,220.66,106.92,233.86,101.2,43.12,42.35,0.0,0.0,10.23,0.0,488.84,430.76
22.0885,0.0,0.0,0.0,13.75,4.18,107.91,208.23,104.94,236.28,125.51,55.11,87.56,0.0,18.92,12.76,0.0,439.01,536.14
22.0985,0.0,0.0,0.0,11.99,6.27,72.05,185.46,98.89,243.76,145.64,66.0,112.75,0.0,49.83,20.46,4.18,374.66,642.62
22.1085,0.0,0.0,0.0,10.34,6.27,44.88,142.67,90.86,236.28,150.59,68.75,122.21,0.0,67.54,25.63,8.47,295.02,679.47
22.1185,0.0,0.0,0.0,8.58,6.27,29.26,85.47,80.74,233.86,158.07,74.14,131.67,5.5,83.82,41.03,12.65,210.32,740.74
22.1285,0.0,0.0,0.0,5.17,0.0,21.45,47.3,60.5,238.81,165.66,79.64,137.94,8.25,94.6,53.9,16.94,134.42,795.74
22.1385,0.0,0.0,0.0,3.41,0.0,15.62,33.55,42.35,246.18,173.03,85.03,144.32,8.25,102.74,62.48,21.12,94.93,843.15
22.1484,0.0,0.0,0.0,0.0,0.0,11.66,27.5,28.27,253.55,180.29,90.53,150.59,11.0,110.99,71.39,23.21,67.43,891.55
22.1584,0.0,0.0,0.0,0.0,0.0,9.68,21.34,17.6,258.5,182.71,96.03,156.97,13.75,119.13,80.3,27.5,48.62,934.89
22.1684,0.0,0.0,0.0,0.0,0.0,5.83,15.18,8.8,256.08,182.71,98.67,166.43,16.5,127.27,86.35,29.59,29.81,963.6
22.1784,0.0,0.0,0.0,0.0,0.0,5.83,10.67,3.52,248.6,180.29,98.67,172.81,16.5,132.77,92.29,31.79,20.02,973.72
22.1884,0.0,0.0,0.0,0.0,0.0,3.85,9.13,3.52,233.86,177.87,93.28,185.57,16.5,140.91,98.23,33.88,16.5,980.1
22.1984,0.0,0.0,0.0,0.0,0.0,0.0,7.59,0.0,219.34,170.61,90.53,195.14,19.25,149.05,104.17,33.88,7.59,981.97
22.2084,0.0,0.0,0.0,0.0,0.0,0.0,6.05,0.0,207.79,165.66,87.78,204.82,19.25,157.19,110.22,38.06,6.05,990.77
22.2184,0.0,0.0,0.0,0.0,0.0,0.0,4.51,0.0,193.82,155.65,85.03,208.01,22.0,162.69,115.94,38.06,4.51,981.2
22.2284,0.0,0.0,0.0,0.0,0.0,0.0,0.0,0.0,177.65,145.64,82.39,214.39,22.0,170.83,121.77,40.26,0.0,974.93
22.2384,0.0,0.0,0.0,0.0,0.0,0.0,0.0,0.0,163.9,135.52,76.89,220.77,24.75,178.86,127.6,42.35,0.0,970.64
22.2484,0.0,0.0,0.0,0.0,0.0,0.0,0.0,0.0,149.16,125.51,74.14,224.07,24.75,181.61,130.46,42.35,0.0,952.05
22.2584,0.0,0.0,0.0,0.0,0.0,0.0,0.0,0.0,136.4,115.5,68.75,226.93,24.75,189.64,136.29,46.53,0.0,944.79
22.2684,0.0,0.0,0.0,0.0,0.0,0.0,0.0,0.0,123.75,105.93,63.25,226.93,27.5,195.03,142.12,48.73,0.0,933.24
22.2784,0.0,0.0,0.0,0.0,0.0,0.0,0.0,0.0,109.45,96.47,57.75,229.79,27.5,197.67,144.98,50.82,0.0,914.43
22.2884,0.0,0.0,0.0,0.0,0.0,0.0,0.0,0.0,98.01,87.01,52.69,229.79,27.5,203.06,150.81,55.11,0.0,903.98
22.2984,0.0,0.0,0.0,0.0,0.0,0.0,0.0,0.0,84.7,77.55,47.85,229.79,27.5,208.45,156.53,57.53,0.0,889.9
22.3084,0.0,0.0,0.0,0.0,0.0,0.0,0.0,0.0,73.15,70.4,43.12,229.79,27.5,211.2,159.5,59.95,0.0,874.61
22.3184,0.0,0.0,0.0,0.0,0.0,0.0,0.0,0.0,63.69,60.94,40.7,232.76,30.25,216.59,165.33,62.37,0.0,872.63
22.3284,0.0,0.0,0.0,0.0,0.0,0.0,0.0,0.0,54.45,56.21,35.86,232.76,30.25,219.23,168.3,67.32,0.0,864.38
22.3384,0.0,0.0,0.0,0.0,0.0,0.0,0.0,0.0,47.41,49.17,31.13,232.76,30.25,221.98,171.27,69.74,0.0,853.71
22.3484,0.0,0.0,0.0,0.0,0.0,0.0,0.0,0.0,40.37,44.55,28.71,232.76,30.25,227.48,177.21,69.74,0.0,851.07
22.3584,0.0,0.0,0.0,0.0,0.0,0.0,0.0,0.0,31.57,37.51,23.87,232.76,27.5,230.34,180.18,72.16,0.0,835.89
22.3684,0.0,0.0,0.0,0.0,0.0,0.0,0.0,0.0,26.29,32.78,19.14,232.76,27.5,233.09,183.15,74.69,0.0,829.4
22.3784,0.0,0.0,0.0,0.0,0.0,0.0,0.0,0.0,21.01,25.74,14.3,229.79,27.5,233.09,186.12,77.11,0.0,814.66
22.3884,0.0,0.0,0.0,0.0,0.0,0.0,0.0,0.0,17.49,18.7,11.88,226.93,27.5,235.95,192.06,77.11,0.0,807.62
22.3984,0.0,0.0,0.0,0.0,0.0,0.0,0.0,0.0,13.97,13.97,9.57,224.07,27.5,238.7,198.11,79.53,0.0,805.42
22.4084,0.0,0.0,0.0,0.0,0.0,0.0,0.0,0.0,12.21,11.66,7.15,220.77,24.75,238.7,201.08,81.95,0.0,798.27
22.4184,0.0,0.0,0.0,0.0,0.0,0.0,0.0,0.0,10.45,9.35,7.15,217.58,24.75,241.45,207.02,84.48,0.0,802.23
22.4284,0.0,0.0,0.0,0.0,0.0,0.0,0.0,0.0,8.69,6.93,4.73,211.2,24.75,244.31,212.96,86.9,0.0,800.47
22.4384,0.0,0.0,0.0,0.0,0.0,0.0,0.0,0.0,6.93,6.93,0.0,201.63,24.75,247.06,218.9,89.32,0.0,795.52
22.4484,0.0,0.0,0.0,0.0,0.0,0.0,0.0,0.0,6.93,4.62,0.0,195.14,22.0,249.92,224.73,94.27,0.0,797.61
22.4584,0.0,0.0,0.0,0.0,0.0,0.0,0.0,0.0,5.17,4.62,0.0,185.57,22.0,252.67,230.45,99.11,0.0,799.59
22.4684,0.0,0.0,0.0,0.0,0.0,0.0,0.0,0.0,5.17,0.0,0.0,172.81,19.25,252.67,236.06,104.06,0.0,790.02
22.4784,0.0,0.0,0.0,0.0,0.0,0.0,0.0,0.0,5.17,0.0,0.0,160.05,19.25,252.67,241.67,106.48,0.0,785.29
22.4884,0.0,0.0,0.0,0.0,0.0,0.0,0.0,0.0,3.41,0.0,0.0,147.51,16.5,252.67,244.53,111.32,0.0,775.94
22.4984,6.93,0.0,0.0,0.0,0.0,0.0,0.0,0.0,3.41,0.0,0.0,131.67,13.75,249.92,247.39,116.05,6.93,762.19
22.5084,16.17,3.85,0.0,0.0,0.0,0.0,0.0,0.0,3.41,0.0,0.0,115.94,11.0,247.06,250.14,118.25,20.02,745.8
22.5184,60.17,13.64,0.0,0.0,0.0,0.0,0.0,0.0,0.0,0.0,0.0,97.02,8.25,241.45,247.39,122.76,73.81,716.87
22.5284,211.2,58.74,14.52,0.0,0.0,0.0,0.0,0.0,0.0,0.0,0.0,81.29,5.5,233.09,247.39,127.16,284.46,694.43
22.5384,251.9,93.94,38.72,11.99,0.0,0.0,0.0,0.0,0.0,0.0,0.0,62.48,0.0,221.98,244.53,129.47,396.55,658.46
22.5484,241.45,128.48,55.77,31.02,0.0,9.68,0.0,0.0,0.0,0.0,0.0,42.35,0.0,197.67,238.92,133.87,466.4,612.81
22.5584,238.92,151.47,69.85,46.53,0.0,23.43,0.0,5.28,0.0,0.0,0.0,25.41,0.0,162.69,233.2,133.87,535.48,555.17
22.5684,241.45,168.3,77.0,56.87,0.0,41.03,4.51,12.32,0.0,0.0,0.0,16.94,0.0,110.99,218.9,133.87,601.48,480.7
22.5784,236.28,177.43,79.31,69.63,0.0,56.65,15.18,15.84,0.0,0.0,0.0,14.08,5.5,64.79,186.12,124.96,650.32,395.45
22.5884,233.75,188.76,84.04,80.63,4.18,74.25,32.01,21.12,0.0,0.0,0.0,11.22,5.5,40.37,139.15,111.32,718.74,307.56
22.5984,233.75,195.58,91.08,89.54,8.47,89.98,45.76,26.4,0.0,0.0,0.0,11.22,5.5,30.8,86.35,94.27,780.56,228.14
22.6084,236.28,195.58,98.23,96.14,14.74,103.4,60.06,30.03,0.0,0.0,0.0,8.47,0.0,21.34,56.54,72.16,834.46,158.51
22.6184,238.92,200.09,107.69,100.54,19.03,114.51,76.45,35.31,0.0,0.0,0.0,5.61,0.0,16.61,41.03,44.44,892.54,107.69
22.6284,238.92,197.78,112.42,109.34,23.21,125.07,89.1,40.59,0.0,0.0,0.0,0.0,0.0,14.19,30.8,23.21,936.43,68.2
22.6384,231.11,193.27,110.0,116.05,27.5,133.54,99.99,44.11,0.0,0.0,0.0,0.0,0.0,9.46,23.1,6.27,955.57,38.83
22.6484,220.88,184.25,107.69,124.96,29.59,142.01,107.25,47.63,0.0,0.0,0.0,0.0,0.0,7.04,17.93,4.18,964.26,29.15
22.6584,206.36,172.81,100.54,133.98,31.68,148.39,112.64,51.15,0.0,0.0,0.0,0.0,0.0,4.73,15.4,0.0,957.55,20.13
22.6684,191.73,161.92,93.5,142.89,31.68,156.86,116.49,52.91,0.0,0.0,0.0,0.0,0.0,4.73,12.76,0.0,947.98,17.49
22.6784,174.79,147.29,86.35,149.6,33.88,161.04,122.54,54.67,0.0,0.0,0.0,0.0,0.0,0.0,12.76,0.0,930.16,12.76
22.6884,157.63,132.66,79.31,151.8,33.88,165.33,126.5,56.54,0.0,0.0,0.0,0.0,0.0,0.0,10.23,0.0,903.65,10.23
22.6984,145.31,120.12,72.27,156.31,35.97,169.73,130.57,58.52,0.0,0.0,0.0,0.0,0.0,0.0,7.7,0.0,888.8,7.7
22.7084,133.1,109.34,65.12,158.51,35.97,171.93,132.55,58.52,0.0,0.0,0.0,0.0,0.0,0.0,7.7,0.0,865.04,7.7
22.7184,118.36,96.14,58.08,163.02,35.97,171.93,134.64,60.5,0.0,0.0,0.0,0.0,0.0,0.0,7.7,0.0,838.64,7.7
22.7284,104.28,82.94,48.4,165.33,35.97,174.13,134.64,60.5,0.0,0.0,0.0,0.0,0.0,0.0,7.7,0.0,806.19,7.7
22.7384,91.08,71.94,41.14,167.64,35.97,176.33,134.64,62.59,0.0,0.0,0.0,0.0,0.0,0.0,5.06,0.0,781.33,5.06
22.7484,75.57,58.74,33.88,167.64,33.88,176.33,132.55,62.59,0.0,0.0,0.0,0.0,0.0,0.0,5.06,0.0,741.18,5.06
22.7584,64.57,50.6,29.04,167.64,33.88,178.53,132.55,60.5,0.0,0.0,0.0,0.0,0.0,0.0,5.06,0.0,717.31,5.06
22.7684,53.35,42.79,21.78,165.33,31.68,178.53,130.57,60.5,0.0,0.0,0.0,0.0,0.0,0.0,5.06,0.0,684.53,5.06
22.7784,39.49,36.96,16.94,163.02,31.68,178.53,132.55,60.5,0.0,0.0,0.0,0.0,0.0,0.0,0.0,0.0,659.67,0.0
22.7884,30.14,29.15,14.52,160.82,31.68,176.33,132.55,58.52,0.0,0.0,0.0,0.0,0.0,0.0,0.0,0.0,633.71,0.0
22.7984,23.21,25.3,12.1,156.31,29.59,176.33,134.64,58.52,0.0,0.0,0.0,0.0,0.0,0.0,0.0,0.0,616.0,0.0
22.8084,20.9,21.34,9.68,151.8,29.59,176.33,138.6,58.52,0.0,0.0,0.0,0.0,0.0,0.0,0.0,0.0,606.76,0.0
22.8184,16.17,17.49,7.26,147.4,29.59,176.33,142.67,58.52,0.0,0.0,0.0,0.0,0.0,0.0,0.0,0.0,595.43,0.0
22.8284,13.86,13.64,7.26,142.89,29.59,176.33,146.74,58.52,0.0,0.0,0.0,0.0,0.0,0.0,0.0,0.0,588.83,0.0
22.8384,11.55,11.66,4.84,138.38,29.59,176.33,152.79,58.52,0.0,0.0,0.0,0.0,0.0,0.0,0.0,0.0,583.66,0.0
22.8484,11.55,9.68,4.84,133.98,31.68,176.33,160.82,60.5,0.0,0.0,0.0,0.0,0.0,0.0,0.0,0.0,589.38,0.0
22.8584,9.24,7.7,4.84,131.67,31.68,178.53,168.96,62.59,0.0,0.0,0.0,0.0,0.0,0.0,0.0,0.0,595.21,0.0
22.8684,9.24,7.7,4.84,129.47,31.68,180.73,175.12,62.59,0.0,0.0,0.0,0.0,0.0,0.0,0.0,0.0,601.37,0.0
22.8784,6.93,7.7,4.84,124.96,33.88,182.93,185.46,64.57,0.0,0.0,0.0,0.0,0.0,0.0,0.0,0.0,611.27,0.0
22.8884,6.93,5.83,0.0,122.76,33.88,182.93,193.71,66.55,0.0,0.0,0.0,0.0,0.0,0.0,0.0,0.0,612.59,0.0
22.8984,6.93,5.83,0.0,118.25,35.97,185.13,204.05,68.64,0.0,0.0,0.0,0.0,0.0,0.0,0.0,0.0,624.8,0.0
22.9084,6.93,5.83,0.0,116.05,35.97,187.33,214.39,70.62,0.0,0.0,0.0,0.0,0.0,0.0,0.0,0.0,637.12,0.0
22.9184,4.62,3.85,0.0,113.85,35.97,189.53,222.75,70.62,0.0,0.0,0.0,0.0,0.0,0.0,0.0,0.0,641.19,0.0
22.9284,4.62,3.85,0.0,109.34,35.97,191.73,231.44,72.6,0.0,0.0,0.0,0.0,0.0,0.0,0.0,0.0,649.55,0.0
22.9384,4.62,3.85,0.0,107.14,35.97,191.73,240.24,74.69,0.0,0.0,0.0,0.0,0.0,0.0,0.0,0.0,658.24,0.0
22.9484,0.0,3.85,0.0,100.54,35.97,194.04,246.84,76.67,0.0,0.0,0.0,0.0,0.0,0.0,0.0,0.0,657.91,0.0
22.9584,0.0,3.85,0.0,93.94,33.88,194.04,255.75,78.65,0.0,0.0,0.0,0.0,0.0,0.0,0.0,0.0,660.11,0.0
22.9684,0.0,0.0,0.0,87.34,31.68,194.04,260.15,80.74,0.0,0.0,0.0,0.0,0.0,0.0,0.0,0.0,653.95,0.0
22.9784,0.0,0.0,0.0,78.43,29.59,191.73,264.55,84.81,0.0,0.0,0.0,0.0,0.0,0.0,0.0,0.0,649.11,0.0
22.9884,0.0,0.0,0.0,67.43,27.5,189.53,266.75,86.79,0.0,0.0,0.0,0.0,0.0,0.0,0.0,0.0,638.0,0.0
22.9984,0.0,0.0,0.0,58.63,23.21,187.33,268.95,90.86,8.69,0.0,0.0,0.0,0.0,0.0,0.0,0.0,628.98,8.69
23.0084,0.0,0.0,0.0,49.94,19.03,182.93,266.75,92.84,31.57,0.0,0.0,0.0,0.0,0.0,0.0,0.0,611.49,31.57
23.0184,0.0,0.0,0.0,41.36,14.74,176.33,264.55,96.91,153.34,21.01,4.73,0.0,0.0,0.0,0.0,0.0,593.89,179.08
23.0284,0.0,0.0,0.0,32.67,10.56,165.33,262.35,98.89,221.65,39.82,14.3,0.0,0.0,0.0,0.0,0.0,569.8,275.77
23.0384,0.0,0.0,0.0,24.09,6.27,150.48,255.75,102.96,200.86,58.63,26.29,14.08,0.0,0.0,7.7,0.0,539.55,307.56
23.0484,0.0,0.0,0.0,17.16,4.18,127.16,249.04,104.94,193.82,77.55,38.28,31.02,0.0,0.0,7.7,0.0,502.48,348.37
23.0584,0.0,0.0,0.0,13.75,4.18,101.2,235.84,104.94,196.24,94.05,45.43,59.4,0.0,4.73,12.76,0.0,459.91,412.61
23.0684,0.0,0.0,0.0,11.99,4.18,67.54,212.41,100.87,205.48,110.66,52.69,87.56,0.0,33.22,17.93,4.18,396.99,511.72
23.0784,0.0,0.0,0.0,10.34,4.18,41.03,183.37,94.82,205.48,123.09,57.75,97.02,0.0,54.56,30.8,8.47,333.74,577.17
23.0884,0.0,0.0,0.0,8.58,4.18,29.26,110.88,82.72,210.1,130.57,66.0,106.48,5.5,70.18,46.2,12.65,235.62,647.68
23.0984,0.0,0.0,0.0,5.17,4.18,21.45,58.3,64.57,221.65,143.11,74.14,115.94,5.5,81.07,56.54,16.94,153.67,714.89
23.1084,0.0,0.0,0.0,3.41,0.0,17.49,38.17,47.63,236.28,153.12,82.39,122.21,8.25,91.96,65.45,21.12,106.7,780.78
23.1184,0.0,0.0,0.0,0.0,0.0,11.66,30.47,33.55,253.55,163.13,93.28,128.48,11.0,100.1,74.36,25.41,75.68,849.31
23.1284,0.0,0.0,0.0,0.0,0.0,9.68,24.42,21.12,263.45,170.61,101.42,134.86,11.0,108.24,83.27,27.5,55.22,900.35
23.1384,0.0,0.0,0.0,0.0,0.0,9.68,18.26,14.08,268.4,173.03,104.17,141.13,13.75,113.63,86.35,29.59,42.02,930.05
23.1484,0.0,0.0,0.0,0.0,0.0,5.83,13.75,5.28,268.4,175.45,104.17,150.59,13.75,121.88,89.32,31.79,24.86,955.35
23.1584,0.0,0.0,0.0,0.0,0.0,3.85,9.13,3.52,260.92,175.45,104.17,160.05,13.75,127.27,92.29,33.88,16.5,967.78
23.1684,0.0,0.0,0.0,0.0,0.0,3.85,9.13,3.52,251.13,175.45,101.42,166.43,13.75,132.77,95.26,33.88,16.5,970.09
23.1784,0.0,0.0,0.0,0.0,0.0,0.0,7.59,0.0,241.23,170.61,101.42,176.0,16.5,140.91,101.2,35.97,7.59,983.84
23.1884,0.0,0.0,0.0,0.0,0.0,0.0,6.05,0.0,228.91,165.66,98.67,179.19,16.5,146.3,104.17,38.06,6.05,977.46
23.1984,0.0,0.0,0.0,0.0,0.0,0.0,4.51,0.0,217.03,158.07,96.03,185.57,16.5,151.8,110.22,40.26,4.51,975.48
23.2084,0.0,0.0,0.0,0.0,0.0,0.0,2.97,0.0,205.48,150.59,93.28,188.76,19.25,154.55,113.08,40.26,2.97,965.25
23.2184,0.0,0.0,0.0,0.0,0.0,0.0,0.0,0.0,193.82,143.11,90.53,191.95,19.25,159.94,118.91,42.35,0.0,959.86
23.2284,0.0,0.0,0.0,0.0,0.0,0.0,0.0,0.0,182.27,135.52,85.03,191.95,19.25,162.69,121.77,44.44,0.0,942.92
23.2384,0.0,0.0,0.0,0.0,0.0,0.0,0.0,0.0,173.03,128.04,82.39,191.95,22.0,168.19,124.63,46.53,0.0,936.76
23.2484,0.0,0.0,0.0,0.0,0.0,0.0,0.0,0.0,159.72,120.56,79.64,195.14,22.0,170.83,130.46,46.53,0.0,924.88
23.2584,0.0,0.0,0.0,0.0,0.0,0.0,0.0,0.0,149.16,113.08,74.14,195.14,22.0,173.47,133.32,48.73,0.0,909.04
23.2684,0.0,0.0,0.0,0.0,0.0,0.0,0.0,0.0,138.49,105.93,71.39,195.14,22.0,176.22,136.29,50.82,0.0,896.28
23.2784,0.0,0.0,0.0,0.0,0.0,0.0,0.0,0.0,130.02,98.78,68.75,198.44,24.75,181.61,139.15,52.91,0.0,894.41
23.2884,0.0,0.0,0.0,0.0,0.0,0.0,0.0,0.0,119.46,94.05,66.0,198.44,24.75,184.25,144.98,55.11,0.0,887.04
23.2984,0.0,0.0,0.0,0.0,0.0,0.0,0.0,0.0,111.43,89.32,63.25,201.63,24.75,187.0,147.84,57.53,0.0,882.75
23.3084,0.0,0.0,0.0,0.0,0.0,0.0,0.0,0.0,103.73,82.28,57.75,204.82,24.75,192.39,150.81,59.95,0.0,876.48
23.3184,0.0,0.0,0.0,0.0,0.0,0.0,0.0,0.0,96.14,77.55,55.11,208.01,27.5,195.03,156.53,62.37,0.0,878.24
23.3284,0.0,0.0,0.0,0.0,0.0,0.0,0.0,0.0,88.44,72.82,52.69,211.2,27.5,200.42,159.5,64.9,0.0,877.47
23.3384,0.0,0.0,0.0,0.0,0.0,0.0,0.0,0.0,80.85,68.09,50.27,214.39,27.5,205.81,162.36,67.32,0.0,876.59
23.3484,0.0,0.0,0.0,0.0,0.0,0.0,0.0,0.0,75.13,63.36,47.85,217.58,27.5,208.45,168.3,69.74,0.0,877.91
23.3584,0.0,0.0,0.0,0.0,0.0,0.0,0.0,0.0,69.41,58.63,43.12,220.77,27.5,211.2,174.24,72.16,0.0,877.03
23.3684,0.0,0.0,0.0,0.0,0.0,0.0,0.0,0.0,61.71,53.9,40.7,220.77,27.5,216.59,177.21,72.16,0.0,870.54
23.3784,0.0,0.0,0.0,0.0,0.0,0.0,0.0,0.0,56.21,49.17,38.28,224.07,30.25,219.23,183.15,74.69,0.0,875.05
23.3884,0.0,0.0,0.0,0.0,0.0,0.0,0.0,0.0,47.41,44.55,35.86,224.07,30.25,224.73,189.09,77.11,0.0,873.07
23.3984,0.0,0.0,0.0,0.0,0.0,0.0,0.0,0.0,42.13,39.82,33.44,224.07,30.25,227.48,198.11,79.53,0.0,874.83
23.4084,0.0,0.0,0.0,0.0,0.0,0.0,0.0,0.0,35.09,35.09,28.71,224.07,30.25,233.09,207.02,81.95,0.0,875.27
23.4184,0.0,0.0,0.0,0.0,0.0,0.0,0.0,0.0,28.05,30.47,26.29,220.77,33.0,235.95,215.93,84.48,0.0,874.94
23.4284,0.0,0.0,0.0,0.0,0.0,0.0,0.0,0.0,22.77,23.43,21.56,217.58,33.0,238.7,227.59,89.32,0.0,873.95
23.4384,0.0,0.0,0.0,0.0,0.0,0.0,0.0,0.0,19.25,16.39,14.3,211.2,30.25,241.45,236.06,91.74,0.0,860.64
23.4484,6.93,0.0,0.0,0.0,0.0,0.0,0.0,0.0,13.97,11.66,11.88,198.44,33.0,241.45,247.39,96.69,6.93,854.48
23.4584,16.17,0.0,0.0,0.0,0.0,0.0,0.0,0.0,12.21,9.35,9.57,188.76,30.25,244.31,253.0,99.11,16.17,846.56
23.4684,34.76,5.83,0.0,0.0,0.0,0.0,0.0,0.0,8.69,6.93,7.15,172.81,30.25,244.31,258.72,99.11,40.59,827.97
23.4784,86.68,25.3,0.0,0.0,0.0,0.0,0.0,0.0,6.93,4.62,4.73,160.05,27.5,241.45,264.33,101.53,111.98,811.14
23.4884,194.15,63.14,21.78,0.0,0.0,0.0,0.0,0.0,5.17,0.0,0.0,141.13,22.0,238.7,264.33,104.06,279.07,775.39
23.4984,216.04,89.54,38.72,20.68,0.0,0.0,0.0,0.0,5.17,0.0,0.0,119.02,19.25,233.09,264.33,106.48,364.98,747.34
23.5084,216.04,113.85,50.82,27.5,0.0,7.81,0.0,0.0,3.41,0.0,0.0,93.94,13.75,221.98,261.47,111.32,416.02,705.87
23.5184,211.2,122.21,55.77,34.43,0.0,13.64,0.0,3.52,0.0,0.0,0.0,65.67,8.25,205.81,258.72,113.85,440.77,652.3
23.5284,208.78,132.66,60.39,41.36,0.0,27.28,0.0,7.04,0.0,0.0,0.0,42.35,0.0,178.86,253.0,118.25,477.51,592.46
23.5384,211.2,143.11,62.81,48.18,0.0,39.05,6.05,12.32,0.0,0.0,0.0,25.41,0.0,140.91,244.53,122.76,522.72,533.61
23.5484,213.62,151.47,67.54,53.35,0.0,50.71,15.18,14.08,0.0,0.0,0.0,14.08,0.0,91.96,227.59,122.76,565.95,456.39
23.5584,223.41,164.01,74.58,58.63,0.0,58.63,24.42,17.6,0.0,0.0,0.0,11.22,0.0,52.25,192.06,113.85,621.28,369.38
23.5684,233.75,172.81,81.73,63.03,6.27,65.34,35.09,21.12,0.0,0.0,0.0,8.47,0.0,30.8,144.98,99.11,679.14,283.36
23.5783,244.09,184.25,88.77,69.63,10.56,74.25,42.68,24.64,0.0,0.0,0.0,8.47,0.0,23.65,92.29,81.95,738.87,206.36
23.5883,251.9,190.96,95.81,74.03,12.65,80.96,50.38,26.4,0.0,0.0,0.0,5.61,0.0,18.92,59.51,62.37,783.09,146.41
23.5983,257.07,197.78,100.54,82.83,14.74,87.67,56.54,28.27,0.0,0.0,0.0,5.61,0.0,14.19,38.5,40.26,825.44,98.56
23.6083,254.43,200.09,100.54,91.74,16.94,96.69,61.93,30.03,0.0,0.0,0.0,0.0,0.0,11.88,28.27,19.03,852.39,59.18
23.6183,249.26,200.09,100.54,100.54,19.03,105.6,67.32,31.79,0.0,0.0,0.0,0.0,0.0,7.04,20.46,6.27,874.17,33.77
23.6283,241.45,197.78,100.54,109.34,21.12,112.42,72.82,33.55,0.0,0.0,0.0,0.0,0.0,4.73,15.4,4.18,889.02,24.31
23.6383,231.11,193.27,98.23,120.56,21.12,120.78,78.21,35.31,0.0,0.0,0.0,0.0,0.0,4.73,12.76,0.0,898.59,17.49
23.6483,220.88,186.45,93.5,127.27,23.21,129.25,83.71,37.07,0.0,0.0,0.0,0.0,0.0,0.0,12.76,0.0,901.34,12.76
23.6583,211.2,177.43,91.08,133.98,25.41,133.54,87.23,38.83,0.0,0.0,0.0,0.0,0.0,4.73,10.23,0.0,898.7,14.96
23.6683,201.52,166.1,86.35,138.38,27.5,137.72,92.73,40.59,0.0,0.0,0.0,0.0,0.0,0.0,10.23,0.0,890.89,10.23
23.6783,191.73,157.74,84.04,140.69,27.5,142.01,96.36,44.11,0.0,0.0,0.0,0.0,0.0,0.0,7.7,0.0,884.18,7.7
23.6883,182.05,147.29,81.73,142.89,29.59,144.1,101.75,45.87,0.0,0.0,0.0,0.0,0.0,0.0,7.7,0.0,875.27,7.7
23.6983,169.95,136.84,77.0,142.89,31.68,146.19,103.62,45.87,0.0,0.0,0.0,0.0,0.0,0.0,7.7,0.0,854.04,7.7
23.7083,157.63,126.39,69.85,145.09,31.68,148.39,107.25,47.63,0.0,0.0,0.0,0.0,0.0,0.0,5.06,0.0,833.91,5.06
23.7183,145.31,115.94,65.12,145.09,31.68,150.48,110.88,47.63,0.0,0.0,0.0,0.0,0.0,0.0,5.06,0.0,812.13,5.06
23.7283,135.52,107.14,60.39,145.09,33.88,152.57,114.51,49.39,0.0,0.0,0.0,0.0,0.0,0.0,5.06,0.0,798.49,5.06
23.7383,125.73,98.34,58.08,142.89,33.88,152.57,116.49,49.39,0.0,0.0,0.0,0.0,0.0,0.0,5.06,0.0,777.37,5.06
23.7483,118.36,89.54,53.24,142.89,35.97,154.66,120.45,49.39,0.0,0.0,0.0,0.0,0.0,0.0,0.0,0.0,764.5,0.0
23.7583,110.99,82.94,50.82,142.89,35.97,154.66,124.52,51.15,0.0,0.0,0.0,0.0,0.0,0.0,0.0,0.0,753.94,0.0
23.7683,104.28,76.34,45.98,140.69,35.97,156.86,128.59,51.15,0.0,0.0,0.0,0.0,0.0,0.0,0.0,0.0,739.86,0.0
23.7783,97.68,69.74,43.56,140.69,38.06,156.86,132.55,51.15,0.0,0.0,0.0,0.0,0.0,0.0,0.0,0.0,730.29,0.0
23.7883,91.08,63.14,41.14,142.89,38.06,158.95,134.64,52.91,0.0,0.0,0.0,0.0,0.0,0.0,0.0,0.0,722.81,0.0
23.7983,84.48,58.74,38.72,142.89,38.06,161.04,138.6,52.91,0.0,0.0,0.0,0.0,0.0,0.0,0.0,0.0,715.44,0.0
23.8083,77.77,52.58,33.88,142.89,40.15,163.13,142.67,54.67,0.0,0.0,0.0,0.0,0.0,0.0,0.0,0.0,707.74,0.0
23.8183,68.97,48.73,31.46,145.09,40.15,165.33,146.74,54.67,0.0,0.0,0.0,0.0,0.0,0.0,0.0,0.0,701.14,0.0
23.8283,62.37,44.77,29.04,147.4,42.35,169.73,152.79,54.67,0.0,0.0,0.0,0.0,0.0,0.0,0.0,0.0,703.12,0.0
23.8383,55.77,40.92,24.2,147.4,42.35,171.93,158.84,56.54,0.0,0.0,0.0,0.0,0.0,0.0,0.0,0.0,697.95,0.0
23.8483,48.73,36.96,21.78,147.4,44.44,176.33,166.87,58.52,0.0,0.0,0.0,0.0,0.0,0.0,0.0,0.0,701.03,0.0
23.8583,41.8,33.11,19.36,147.4,44.44,178.53,177.21,60.5,0.0,0.0,0.0,0.0,0.0,0.0,0.0,0.0,702.35,0.0
23.8683,34.76,29.15,16.94,147.4,46.53,180.73,185.46,62.59,0.0,0.0,0.0,0.0,0.0,0.0,0.0,0.0,703.56,0.0
23.8783,30.14,25.3,16.94,149.6,48.62,185.13,195.8,64.57,0.0,0.0,0.0,0.0,0.0,0.0,0.0,0.0,716.1,0.0
23.8883,25.52,23.32,14.52,147.4,48.62,187.33,206.14,64.57,0.0,0.0,0.0,0.0,0.0,0.0,0.0,0.0,717.42,0.0
23.8983,20.9,19.47,12.1,147.4,50.82,189.53,216.48,66.55,0.0,0.0,0.0,0.0,0.0,0.0,0.0,0.0,723.25,0.0
23.9083,18.59,15.51,9.68,142.89,50.82,191.73,224.84,68.64,0.0,0.0,0.0,0.0,0.0,0.0,0.0,0.0,722.7,0.0
23.9183,13.86,11.66,7.26,140.69,50.82,194.04,233.64,70.62,0.0,0.0,0.0,0.0,0.0,0.0,0.0,0.0,722.59,0.0
23.9283,11.55,9.68,7.26,133.98,50.82,194.04,242.44,70.62,0.0,0.0,0.0,0.0,0.0,0.0,0.0,0.0,720.39,0.0
23.9383,9.24,7.7,4.84,124.96,48.62,194.04,246.84,72.6,0.0,0.0,0.0,0.0,0.0,0.0,0.0,0.0,708.84,0.0
23.9483,6.93,5.83,0.0,116.05,44.44,194.04,253.55,72.6,0.0,0.0,0.0,0.0,0.0,0.0,0.0,0.0,693.44,0.0
23.9583,4.62,3.85,0.0,104.94,42.35,191.73,255.75,74.69,5.17,0.0,0.0,0.0,0.0,0.0,0.0,0.0,677.93,5.17
23.9683,4.62,3.85,0.0,91.74,35.97,191.73,257.95,78.65,17.49,0.0,0.0,0.0,0.0,0.0,0.0,0.0,664.51,17.49
23.9783,0.0,3.85,0.0,78.43,31.68,191.73,257.95,82.72,78.98,11.66,0.0,0.0,0.0,0.0,0.0,0.0,646.36,90.64
23.9883,0.0,0.0,0.0,65.23,25.41,187.33,255.75,86.79,210.1,39.82,9.57,0.0,0.0,0.0,0.0,0.0,620.51,259.49
23.9983,0.0,0.0,0.0,49.94,19.03,178.53,251.35,88.77,200.86,56.21,19.14,8.47,0.0,0.0,0.0,0.0,587.62,284.68
24.0083,0.0,0.0,0.0,36.19,14.74,163.13,246.84,90.86,200.86,82.28,31.13,25.41,0.0,0.0,0.0,0.0,551.76,339.68
24.0183,0.0,0.0,0.0,25.85,8.47,146.19,242.44,94.82,196.24,96.47,38.28,45.21,0.0,0.0,5.06,0.0,517.77,381.26
24.0283,0.0,0.0,0.0,17.16,6.27,122.98,233.64,96.91,198.55,108.24,43.12,65.67,0.0,0.0,5.06,0.0,476.96,420.64
24.0383,0.0,0.0,0.0,13.75,4.18,94.49,220.66,98.89,191.51,115.5,43.12,84.48,0.0,9.46,7.7,0.0,431.97,451.77
24.0483,0.0,0.0,0.0,11.99,4.18,63.03,197.89,94.82,189.2,120.56,45.43,97.02,0.0,33.22,10.23,0.0,371.91,495.66
24.0583,0.0,0.0,0.0,8.58,4.18,37.07,158.84,88.77,191.51,128.04,50.27,106.48,0.0,52.25,15.4,4.18,297.44,548.13
24.0683,0.0,0.0,0.0,6.82,4.18,25.3,109.01,76.67,203.17,135.52,57.75,109.56,0.0,59.4,25.63,8.47,221.98,599.5
24.0783,0.0,0.0,0.0,5.17,0.0,19.47,61.93,60.5,217.03,145.64,66.0,115.94,5.5,70.18,38.5,14.74,147.07,673.53
24.0883,0.0,0.0,0.0,3.41,0.0,15.62,41.25,45.87,231.44,153.12,74.14,119.02,8.25,75.68,48.73,16.94,106.15,727.32
24.0983,0.0,0.0,0.0,0.0,0.0,11.66,30.47,33.55,246.18,160.6,82.39,122.21,8.25,83.82,56.54,19.03,75.68,779.02
24.1083,0.0,0.0,0.0,0.0,0.0,7.81,24.42,21.12,253.55,165.66,87.78,128.48,11.0,89.21,65.45,21.12,53.35,822.25
24.1183,0.0,0.0,0.0,0.0,0.0,7.81,18.26,14.08,256.08,168.19,90.53,134.86,11.0,97.35,71.39,23.21,40.15,852.61
24.1283,0.0,0.0,0.0,0.0,0.0,3.85,13.75,5.28,256.08,170.61,93.28,141.13,13.75,102.74,74.36,25.41,22.88,877.36
24.1383,0.0,0.0,0.0,0.0,0.0,3.85,10.67,3.52,251.13,173.03,93.28,147.51,13.75,110.99,80.3,27.5,18.04,897.49
24.1483,0.0,0.0,0.0,0.0,0.0,3.85,9.13,3.52,246.18,173.03,93.28,156.97,13.75,116.38,83.27,29.59,16.5,912.45
24.1583,0.0,0.0,0.0,0.0,0.0,0.0,7.59,0.0,241.23,170.61,93.28,163.24,16.5,124.52,89.32,31.79,7.59,930.49
24.1683,0.0,0.0,0.0,0.0,0.0,0.0,6.05,0.0,233.86,168.19,93.28,169.62,16.5,130.02,95.26,33.88,6.05,940.61
24.1783,0.0,0.0,0.0,0.0,0.0,0.0,6.05,0.0,224.07,160.6,93.28,172.81,19.25,135.41,101.2,33.88,6.05,940.5
24.1883,0.0,0.0,0.0,0.0,0.0,0.0,4.51,0.0,212.41,155.65,90.53,176.0,19.25,140.91,107.14,35.97,4.51,937.86
24.1983,0.0,0.0,0.0,0.0,0.0,0.0,2.97,0.0,200.86,148.06,87.78,179.19,19.25,146.3,113.08,38.06,2.97,932.58
24.2083,0.0,0.0,0.0,0.0,0.0,0.0,2.97,0.0,186.89,140.58,82.39,182.38,22.0,151.8,115.94,40.26,2.97,922.24
24.2183,0.0,0.0,0.0,0.0,0.0,0.0,0.0,0.0,175.34,133.1,79.64,188.76,22.0,157.19,121.77,42.35,0.0,920.15
24.2283,0.0,0.0,0.0,0.0,0.0,0.0,0.0,0.0,161.81,125.51,76.89,191.95,24.75,162.69,124.63,44.44,0.0,912.67
24.2383,0.0,0.0,0.0,0.0,0.0,0.0,0.0,0.0,149.16,115.5,71.39,195.14,24.75,168.19,130.46,46.53,0.0,901.12
24.2483,0.0,0.0,0.0,0.0,0.0,0.0,0.0,0.0,138.49,108.24,68.75,198.44,24.75,173.47,136.29,48.73,0.0,897.16
24.2583,0.0,0.0,0.0,0.0,0.0,0.0,0.0,0.0,127.93,103.51,66.0,198.44,27.5,176.22,142.12,50.82,0.0,892.54
24.2683,0.0,0.0,0.0,0.0,0.0,0.0,0.0,0.0,117.37,96.47,60.5,201.63,27.5,181.61,144.98,52.91,0.0,882.97
24.2783,0.0,0.0,0.0,0.0,0.0,0.0,0.0,0.0,107.58,89.32,57.75,204.82,27.5,187.0,150.81,55.11,0.0,879.89
24.2883,0.0,0.0,0.0,0.0,0.0,0.0,0.0,0.0,98.01,82.28,52.69,208.01,27.5,192.39,153.67,57.53,0.0,872.08
24.2983,0.0,0.0,0.0,0.0,0.0,0.0,0.0,0.0,88.44,75.13,50.27,211.2,30.25,195.03,159.5,59.95,0.0,869.77
24.3083,0.0,0.0,0.0,0.0,0.0,0.0,0.0,0.0,80.85,68.09,45.43,214.39,30.25,200.42,165.33,62.37,0.0,867.13
24.3183,0.0,0.0,0.0,0.0,0.0,0.0,0.0,0.0,71.28,63.36,43.12,217.58,30.25,205.81,171.27,64.9,0.0,867.57
24.3283,0.0,0.0,0.0,0.0,0.0,0.0,0.0,0.0,61.71,56.21,40.7,220.77,30.25,211.2,177.21,69.74,0.0,867.79
24.3383,0.0,0.0,0.0,0.0,0.0,0.0,0.0,0.0,56.21,51.59,35.86,220.77,30.25,213.84,183.15,72.16,0.0,863.83
24.3483,0.0,0.0,0.0,0.0,0.0,0.0,0.0,0.0,47.41,46.86,33.44,220.77,33.0,219.23,189.09,74.69,0.0,864.49
24.3583,0.0,0.0,0.0,0.0,0.0,0.0,0.0,0.0,40.37,42.13,28.71,220.77,33.0,224.73,195.14,77.11,0.0,861.96
24.3683,0.0,0.0,0.0,0.0,0.0,0.0,0.0,0.0,33.33,35.09,26.29,220.77,33.0,227.48,204.05,79.53,0.0,859.54
24.3783,0.0,0.0,0.0,0.0,0.0,0.0,0.0,0.0,28.05,30.47,23.87,220.77,33.0,233.09,212.96,84.48,0.0,866.69
24.3883,0.0,0.0,0.0,0.0,0.0,0.0,0.0,0.0,21.01,23.43,19.14,217.58,33.0,235.95,221.98,86.9,0.0,858.99
24.3983,0.0,0.0,0.0,0.0,0.0,0.0,0.0,0.0,17.49,16.39,14.3,211.2,33.0,238.7,230.45,89.32,0.0,850.85
24.4083,0.0,0.0,0.0,0.0,0.0,0.0,0.0,0.0,13.97,13.97,11.88,204.82,33.0,241.45,238.92,94.27,0.0,852.28
24.4183,0.0,0.0,0.0,0.0,0.0,0.0,0.0,0.0,12.21,11.66,9.57,195.14,33.0,241.45,247.39,96.69,0.0,847.11
24.4283,6.93,0.0,0.0,0.0,0.0,0.0,0.0,0.0,10.45,9.35,7.15,185.57,33.0,241.45,253.0,99.11,6.93,839.08
24.4383,9.24,0.0,0.0,0.0,0.0,0.0,0.0,0.0,8.69,6.93,4.73,172.81,30.25,241.45,261.47,101.53,9.24,827.86
24.4483,16.17,3.85,0.0,0.0,0.0,0.0,0.0,0.0,6.93,4.62,0.0,160.05,30.25,241.45,264.33,106.48,20.02,814.11
24.4583,32.45,7.7,0.0,0.0,0.0,0.0,0.0,0.0,5.17,0.0,0.0,144.32,24.75,241.45,267.19,108.9,40.15,791.78
24.4683,71.17,23.32,0.0,0.0,0.0,0.0,0.0,0.0,5.17,0.0,0.0,125.4,22.0,238.7,269.94,113.85,94.49,775.06
24.4783,174.79,56.54,16.94,0.0,0.0,0.0,0.0,0.0,5.17,0.0,0.0,106.48,16.5,233.09,269.94,118.25,248.27,749.43
24.4883,208.78,82.94,33.88,18.92,0.0,0.0,0.0,0.0,3.41,0.0,0.0,84.48,13.75,224.73,267.19,124.96,344.52,718.52
24.4983,208.78,104.94,48.4,25.85,0.0,7.81,0.0,0.0,3.41,0.0,0.0,62.48,8.25,208.45,264.33,129.47,395.78,676.39
24.5083,206.36,115.94,55.77,34.43,0.0,19.47,0.0,5.28,0.0,0.0,0.0,39.6,5.5,184.25,261.47,133.87,437.25,624.69
24.5183,206.36,126.39,62.81,39.6,0.0,33.22,7.59,12.32,0.0,0.0,0.0,22.55,0.0,149.05,253.0,136.18,488.29,560.78
24.5283,208.78,138.93,67.54,46.53,0.0,46.86,16.72,15.84,0.0,0.0,0.0,14.08,0.0,102.74,241.67,136.18,541.2,494.67
24.5383,213.62,147.29,74.58,49.94,4.18,54.67,30.47,19.36,0.0,0.0,0.0,11.22,0.0,59.4,212.96,129.47,594.11,413.05
24.5483,220.88,157.74,81.73,55.11,8.47,65.34,41.25,22.88,0.0,0.0,0.0,8.47,0.0,35.64,162.36,116.05,653.4,322.52
24.5583,228.58,166.1,91.08,58.63,12.65,74.25,51.92,26.4,0.0,0.0,0.0,8.47,5.5,26.07,110.22,99.11,709.61,249.37
24.5683,238.92,175.12,98.23,63.03,16.94,80.96,61.93,30.03,0.0,0.0,0.0,5.61,5.5,21.34,68.42,81.95,765.16,182.82
24.5783,246.73,181.94,107.69,67.43,21.12,89.98,72.82,31.79,0.0,0.0,0.0,0.0,0.0,16.61,46.2,59.95,819.5,122.76
24.5883,249.26,184.25,112.42,71.83,23.21,96.69,81.84,35.31,0.0,0.0,0.0,0.0,0.0,11.88,33.33,33.88,854.81,79.09
24.5983,246.73,184.25,114.84,78.43,25.41,103.4,90.86,38.83,0.0,0.0,0.0,0.0,0.0,9.46,23.1,16.94,882.75,49.5
24.6083,241.45,181.94,114.84,82.83,27.5,112.42,96.36,42.35,0.0,0.0,0.0,0.0,0.0,4.73,17.93,4.18,899.69,26.84
24.6183,233.75,179.63,114.84,89.54,29.59,118.69,103.62,45.87,0.0,0.0,0.0,0.0,0.0,4.73,15.4,0.0,915.53,20.13
24.6283,228.58,172.81,112.42,93.94,29.59,122.98,112.64,47.63,0.0,0.0,0.0,0.0,0.0,0.0,12.76,0.0,920.59,12.76
24.6383,218.46,166.1,107.69,98.34,31.68,129.25,118.47,49.39,0.0,0.0,0.0,0.0,0.0,0.0,10.23,0.0,919.38,10.23
24.6483,208.78,157.74,105.27,100.54,33.88,133.54,124.52,52.91,0.0,0.0,0.0,0.0,0.0,0.0,10.23,0.0,917.18,10.23
24.6583,199.1,147.29,100.54,102.74,35.97,137.72,132.55,52.91,0.0,0.0,0.0,0.0,0.0,0.0,7.7,0.0,908.82,7.7
24.6683,189.31,141.02,98.23,104.94,38.06,139.92,136.62,54.67,0.0,0.0,0.0,0.0,0.0,0.0,7.7,0.0,902.77,7.7
24.6783,179.63,130.57,93.5,104.94,38.06,142.01,142.67,56.54,0.0,0.0,0.0,0.0,0.0,0.0,7.7,0.0,887.92,7.7
24.6883,167.53,122.21,86.35,107.14,38.06,144.1,146.74,58.52,0.0,0.0,0.0,0.0,0.0,0.0,5.06,0.0,870.65,5.06
24.6983,155.21,113.85,79.31,109.34,40.15,146.19,148.72,58.52,0.0,0.0,0.0,0.0,0.0,0.0,5.06,0.0,851.29,5.06
24.7083,145.31,102.74,74.58,109.34,40.15,148.39,150.7,58.52,0.0,0.0,0.0,0.0,0.0,0.0,5.06,0.0,829.73,5.06
24.7183,133.1,93.94,67.54,111.54,40.15,148.39,154.77,58.52,0.0,0.0,0.0,0.0,0.0,0.0,0.0,0.0,807.95,0.0
24.7283,120.78,85.14,62.81,111.54,42.35,150.48,156.75,60.5,0.0,0.0,0.0,0.0,0.0,0.0,0.0,0.0,790.35,0.0
24.7383,110.99,78.54,58.08,111.54,40.15,152.57,158.84,60.5,0.0,0.0,0.0,0.0,0.0,0.0,0.0,0.0,771.21,0.0
24.7483,102.08,71.94,53.24,113.85,42.35,154.66,160.82,60.5,0.0,0.0,0.0,0.0,0.0,0.0,0.0,0.0,759.44,0.0
24.7583,95.48,65.34,48.4,113.85,42.35,156.86,164.89,60.5,0.0,0.0,0.0,0.0,0.0,0.0,0.0,0.0,747.67,0.0
24.7683,86.68,58.74,43.56,113.85,42.35,158.95,166.87,62.59,0.0,0.0,0.0,0.0,0.0,0.0,0.0,0.0,733.59,0.0
24.7783,79.97,52.58,38.72,116.05,42.35,158.95,168.96,62.59,0.0,0.0,0.0,0.0,0.0,0.0,0.0,0.0,720.17,0.0
24.7883,71.17,48.73,33.88,118.25,44.44,163.13,173.03,62.59,0.0,0.0,0.0,0.0,0.0,0.0,0.0,0.0,715.22,0.0
24.7983,64.57,42.79,29.04,118.25,44.44,163.13,175.12,62.59,0.0,0.0,0.0,0.0,0.0,0.0,0.0,0.0,699.93,0.0
24.8083,55.77,38.94,24.2,120.56,44.44,167.53,179.3,62.59,0.0,0.0,0.0,0.0,0.0,0.0,0.0,0.0,693.33,0.0
24.8183,48.73,35.09,21.78,122.76,44.44,169.73,183.37,64.57,0.0,0.0,0.0,0.0,0.0,0.0,0.0,0.0,690.47,0.0
24.8283,39.49,31.13,19.36,122.76,44.44,171.93,187.55,64.57,0.0,0.0,0.0,0.0,0.0,0.0,0.0,0.0,681.23,0.0
24.8383,32.45,27.28,16.94,122.76,46.53,174.13,193.71,66.55,0.0,0.0,0.0,0.0,0.0,0.0,0.0,0.0,680.35,0.0
24.8483,27.83,23.32,14.52,122.76,46.53,176.33,202.07,66.55,0.0,0.0,0.0,0.0,0.0,0.0,0.0,0.0,679.91,0.0
24.8583,23.21,19.47,12.1,122.76,46.53,178.53,210.32,66.55,0.0,0.0,0.0,0.0,0.0,0.0,0.0,0.0,679.47,0.0
24.8683,20.9,17.49,12.1,122.76,48.62,180.73,216.48,68.64,0.0,0.0,0.0,0.0,0.0,0.0,0.0,0.0,687.72,0.0
24.8783,16.17,13.64,9.68,120.56,48.62,182.93,224.84,70.62,0.0,0.0,0.0,0.0,0.0,0.0,0.0,0.0,687.06,0.0
24.8883,13.86,11.66,7.26,120.56,48.62,185.13,233.64,70.62,0.0,0.0,0.0,0.0,0.0,0.0,0.0,0.0,691.35,0.0
24.8983,13.86,9.68,7.26,116.05,48.62,187.33,242.44,70.62,0.0,0.0,0.0,0.0,0.0,0.0,0.0,0.0,695.86,0.0
24.9083,9.24,7.7,4.84,111.54,48.62,187.33,249.04,72.6,0.0,0.0,0.0,0.0,0.0,0.0,0.0,0.0,690.91,0.0
24.9183,9.24,5.83,4.84,104.94,46.53,187.33,253.55,72.6,0.0,0.0,0.0,0.0,0.0,0.0,0.0,0.0,684.86,0.0
24.9283,6.93,5.83,0.0,96.14,44.44,187.33,260.15,74.69,0.0,0.0,0.0,0.0,0.0,0.0,0.0,0.0,675.51,0.0
24.9383,4.62,3.85,0.0,87.34,40.15,185.13,264.55,76.67,0.0,0.0,0.0,0.0,0.0,0.0,0.0,0.0,662.31,0.0
24.9483,4.62,3.85,0.0,76.23,38.06,182.93,266.75,78.65,5.17,0.0,0.0,0.0,0.0,0.0,0.0,0.0,651.09,5.17
24.9583,0.0,0.0,0.0,65.23,31.68,180.73,266.75,82.72,28.05,0.0,0.0,0.0,0.0,0.0,0.0,0.0,627.11,28.05
24.9683,0.0,0.0,0.0,55.11,27.5,178.53,264.55,86.79,136.4,25.74,4.73,0.0,0.0,0.0,0.0,0.0,612.48,166.87
24.9783,0.0,0.0,0.0,44.77,23.21,169.73,260.15,88.77,207.79,49.17,14.3,0.0,0.0,0.0,7.7,0.0,586.63,278.96
24.9883,0.0,0.0,0.0,34.43,16.94,158.95,253.55,90.86,191.51,75.13,26.29,31.02,0.0,0.0,7.7,0.0,554.73,331.65
24.9983,0.0,0.0,0.0,24.09,10.56,142.01,246.84,92.84,198.55,103.51,38.28,59.4,0.0,4.73,10.23,0.0,516.34,414.7
25.0082,0.0,0.0,0.0,17.16,6.27,120.78,238.04,92.84,203.17,120.56,45.43,90.75,0.0,28.49,15.4,0.0,475.09,503.8
25.0182,0.0,0.0,0.0,11.99,4.18,94.49,222.75,92.84,203.17,133.1,47.85,109.56,0.0,52.25,17.93,4.18,426.25,568.04
25.0282,0.0,0.0,0.0,10.34,4.18,60.83,202.07,88.77,198.55,138.05,50.27,119.02,0.0,70.18,23.1,10.56,366.19,609.73
25.0382,0.0,0.0,0.0,8.58,4.18,37.07,162.8,82.72,198.55,145.64,52.69,128.48,0.0,81.07,38.5,14.74,295.35,659.67
25.0482,0.0,0.0,0.0,6.82,4.18,25.3,114.51,68.64,203.17,153.12,57.75,137.94,0.0,89.21,46.2,19.03,219.45,706.42
25.0582,0.0,0.0,0.0,5.17,0.0,19.47,65.56,51.15,212.41,163.13,63.25,147.51,5.5,97.35,53.9,21.12,141.35,764.17
25.0682,0.0,0.0,0.0,3.41,0.0,15.62,41.25,38.83,219.34,170.61,68.75,156.97,8.25,108.24,62.48,23.21,99.11,817.85
25.0782,0.0,0.0,0.0,0.0,0.0,11.66,30.47,26.4,228.91,177.87,74.14,166.43,8.25,116.38,71.39,27.5,68.53,870.87
25.0882,0.0,0.0,0.0,0.0,0.0,9.68,21.34,14.08,231.44,182.71,76.89,176.0,11.0,121.88,74.36,27.5,45.1,901.78
25.0982,0.0,0.0,0.0,0.0,0.0,7.81,16.72,7.04,228.91,185.13,76.89,185.57,11.0,127.27,77.33,29.59,31.57,921.69
25.1082,0.0,0.0,0.0,0.0,0.0,5.83,12.21,3.52,226.49,187.55,76.89,195.14,11.0,130.02,77.33,29.59,21.56,934.01
25.1182,0.0,0.0,0.0,0.0,0.0,3.85,10.67,3.52,221.65,187.55,74.14,204.82,11.0,135.41,80.3,31.79,18.04,946.66
25.1282,0.0,0.0,0.0,0.0,0.0,3.85,10.67,3.52,217.03,185.13,74.14,211.2,11.0,138.16,80.3,31.79,18.04,948.75
25.1382,0.0,0.0,0.0,0.0,0.0,3.85,9.13,3.52,210.1,185.13,71.39,220.77,11.0,140.91,80.3,33.88,16.5,953.48
25.1482,0.0,0.0,0.0,0.0,0.0,0.0,7.59,0.0,203.17,180.29,68.75,226.93,13.75,143.66,83.27,33.88,7.59,953.7
25.1582,0.0,0.0,0.0,0.0,0.0,0.0,6.05,0.0,196.24,175.45,68.75,229.79,13.75,146.3,83.27,33.88,6.05,947.43
25.1682,0.0,0.0,0.0,0.0,0.0,0.0,6.05,0.0,186.89,170.61,66.0,235.62,13.75,146.3,86.35,35.97,6.05,941.49
25.1782,0.0,0.0,0.0,0.0,0.0,0.0,4.51,0.0,177.65,163.13,63.25,238.59,13.75,149.05,86.35,35.97,4.51,927.74
25.1882,0.0,0.0,0.0,0.0,0.0,0.0,4.51,0.0,166.1,155.65,60.5,241.45,13.75,151.8,89.32,35.97,4.51,914.54
25.1982,0.0,0.0,0.0,0.0,0.0,0.0,2.97,0.0,159.72,150.59,57.75,244.42,13.75,154.55,89.32,38.06,2.97,908.16
25.2082,0.0,0.0,0.0,0.0,0.0,0.0,2.97,0.0,151.25,145.64,57.75,247.28,13.75,154.55,89.32,38.06,2.97,897.6
25.2182,0.0,0.0,0.0,0.0,0.0,0.0,0.0,0.0,144.87,138.05,55.11,247.28,13.75,157.19,92.29,38.06,0.0,886.6
25.2282,0.0,0.0,0.0,0.0,0.0,0.0,0.0,0.0,140.69,133.1,55.11,250.14,13.75,159.94,92.29,38.06,0.0,883.08
25.2382,0.0,0.0,0.0,0.0,0.0,0.0,0.0,0.0,136.4,130.57,55.11,250.14,13.75,162.69,95.26,38.06,0.0,881.98
25.2482,0.0,0.0,0.0,0.0,0.0,0.0,0.0,0.0,134.31,128.04,55.11,253.11,16.5,168.19,95.26,40.26,0.0,890.78
25.2582,0.0,0.0,0.0,0.0,0.0,0.0,0.0,0.0,132.22,125.51,55.11,253.11,16.5,168.19,98.23,40.26,0.0,889.13
25.2682,0.0,0.0,0.0,0.0,0.0,0.0,0.0,0.0,130.02,120.56,55.11,255.97,16.5,173.47,98.23,42.35,0.0,892.21
25.2782,0.0,0.0,0.0,0.0,0.0,0.0,0.0,0.0,127.93,118.03,55.11,255.97,16.5,176.22,101.2,42.35,0.0,893.31
25.2882,0.0,0.0,0.0,0.0,0.0,0.0,0.0,0.0,125.84,115.5,55.11,255.97,16.5,181.61,104.17,42.35,0.0,897.05
25.2982,0.0,0.0,0.0,0.0,0.0,0.0,0.0,0.0,123.75,113.08,57.75,255.97,16.5,184.25,107.14,44.44,0.0,902.88
25.3082,0.0,0.0,0.0,0.0,0.0,0.0,0.0,0.0,121.55,108.24,57.75,258.94,19.25,189.64,110.22,44.44,0.0,910.03
25.3182,0.0,0.0,0.0,0.0,0.0,0.0,0.0,0.0,117.37,105.93,57.75,261.8,19.25,195.03,113.08,46.53,0.0,916.74
25.3282,0.0,0.0,0.0,0.0,0.0,0.0,0.0,0.0,111.43,101.2,55.11,267.63,19.25,200.42,115.94,48.73,0.0,919.71
25.3382,0.0,0.0,0.0,0.0,0.0,0.0,0.0,0.0,105.71,96.47,52.69,273.46,19.25,205.81,121.77,52.91,0.0,928.07
25.3482,0.0,0.0,0.0,0.0,0.0,0.0,0.0,0.0,98.01,91.74,50.27,276.43,22.0,211.2,127.6,55.11,0.0,932.36
25.3582,0.0,0.0,0.0,0.0,0.0,0.0,0.0,0.0,90.42,87.01,47.85,279.51,22.0,219.23,133.32,59.95,0.0,939.29
25.3682,0.0,0.0,0.0,0.0,0.0,0.0,0.0,0.0,82.72,79.86,45.43,282.7,22.0,224.73,139.15,62.37,0.0,938.96
25.3782,0.0,0.0,0.0,0.0,0.0,0.0,0.0,0.0,75.13,75.13,43.12,285.89,24.75,230.34,144.98,64.9,0.0,944.24
25.3882,0.0,0.0,0.0,0.0,0.0,0.0,0.0,0.0,67.43,68.09,40.7,285.89,24.75,235.95,150.81,67.32,0.0,940.94
25.3982,0.0,0.0,0.0,0.0,0.0,0.0,0.0,0.0,57.97,60.94,38.28,288.97,24.75,241.45,159.5,72.16,0.0,944.02
25.4082,0.0,0.0,0.0,0.0,0.0,0.0,0.0,0.0,49.17,53.9,33.44,288.97,24.75,244.31,168.3,74.69,0.0,937.53
25.4182,0.0,0.0,0.0,0.0,0.0,0.0,0.0,0.0,38.61,46.86,28.71,285.89,27.5,249.92,177.21,79.53,0.0,934.23
25.4282,0.0,0.0,0.0,0.0,0.0,0.0,0.0,0.0,28.05,35.09,21.56,279.51,27.5,252.67,189.09,84.48,0.0,917.95
25.4382,9.24,0.0,0.0,0.0,0.0,0.0,0.0,0.0,19.25,23.43,14.3,267.63,27.5,255.42,198.11,89.32,9.24,894.96
25.4482,23.21,5.83,0.0,0.0,0.0,0.0,0.0,0.0,13.97,16.39,9.57,253.11,24.75,258.28,207.02,94.27,29.04,877.36
25.4582,60.17,15.51,0.0,0.0,0.0,0.0,0.0,0.0,10.45,11.66,7.15,235.62,22.0,258.28,215.93,99.11,75.68,860.2
25.4682,157.63,44.77,12.1,0.0,0.0,0.0,0.0,0.0,8.69,6.93,4.73,217.58,22.0,258.28,221.98,104.06,214.5,844.25
25.4782,206.36,71.94,29.04,6.82,0.0,0.0,0.0,0.0,6.93,4.62,0.0,188.76,19.25,255.42,227.59,108.9,314.16,811.47
25.4882,203.94,89.54,41.14,20.68,0.0,5.83,0.0,0.0,5.17,4.62,0.0,156.97,13.75,247.06,227.59,113.85,361.13,769.01
25.4982,206.36,107.14,50.82,22.33,0.0,7.81,0.0,0.0,5.17,0.0,0.0,119.02,8.25,233.09,227.59,118.25,394.46,711.37
25.5082,203.94,118.03,55.77,31.02,0.0,9.68,0.0,0.0,3.41,0.0,0.0,81.29,5.5,213.84,227.59,122.76,418.44,654.39
25.5182,206.36,130.57,58.08,37.84,0.0,19.47,0.0,5.28,0.0,0.0,0.0,50.82,0.0,184.25,224.73,127.16,457.6,586.96
25.5282,211.2,138.93,62.81,43.01,0.0,29.26,4.51,8.8,0.0,0.0,0.0,28.27,0.0,146.3,215.93,129.47,498.52,519.97
25.5382,218.46,151.47,69.85,48.18,0.0,41.03,10.67,10.56,0.0,0.0,0.0,19.8,0.0,91.96,195.14,127.16,550.22,434.06
25.5482,233.75,164.01,79.31,51.7,0.0,48.84,18.26,14.08,0.0,0.0,0.0,14.08,0.0,49.83,153.67,116.05,609.95,333.63
25.5582,251.9,177.43,88.77,53.35,4.18,54.67,27.5,17.6,0.0,0.0,0.0,11.22,0.0,33.22,107.14,104.06,675.4,255.64
25.5682,267.41,188.76,98.23,55.11,6.27,58.63,35.09,19.36,0.0,0.0,0.0,11.22,0.0,23.65,62.48,86.9,728.86,184.25
25.5782,280.39,200.09,105.27,58.63,10.56,63.03,39.71,21.12,0.0,0.0,0.0,8.47,0.0,16.61,41.03,59.95,778.8,126.06
25.5882,287.98,206.91,110.0,63.03,12.65,67.54,42.68,22.88,0.0,0.0,0.0,5.61,0.0,11.88,28.27,35.97,813.67,81.73
25.5982,290.62,211.42,112.42,67.43,12.65,72.05,45.76,22.88,0.0,0.0,0.0,0.0,0.0,9.46,20.46,16.94,835.23,46.86
25.6082,290.62,213.73,112.42,71.83,14.74,78.76,48.84,24.64,0.0,0.0,0.0,0.0,0.0,7.04,15.4,4.18,855.58,26.62
25.6182,285.45,215.93,114.84,78.43,16.94,83.27,53.46,26.4,0.0,0.0,0.0,0.0,0.0,0.0,12.76,0.0,874.72,12.76
25.6282,282.92,213.73,112.42,82.83,16.94,87.67,56.54,28.27,0.0,0.0,0.0,0.0,0.0,0.0,10.23,0.0,881.32,10.23
25.6382,272.58,211.42,112.42,87.34,19.03,92.18,60.06,28.27,0.0,0.0,0.0,0.0,0.0,0.0,7.7,0.0,883.3,7.7
25.6482,264.88,204.6,110.0,91.74,21.12,98.89,65.56,30.03,0.0,0.0,0.0,0.0,0.0,0.0,5.06,0.0,886.82,5.06
25.6582,254.43,197.78,107.69,96.14,23.21,103.4,69.19,30.03,0.0,0.0,0.0,0.0,0.0,0.0,5.06,0.0,881.87,5.06
25.6682,244.09,190.96,105.27,98.34,23.21,105.6,74.58,31.79,0.0,0.0,0.0,0.0,0.0,0.0,0.0,0.0,873.84,0.0
25.6782,236.28,184.25,100.54,102.74,25.41,110.11,78.21,33.55,0.0,0.0,0.0,0.0,0.0,0.0,0.0,0.0,871.09,0.0
25.6882,225.94,175.12,100.54,104.94,27.5,114.51,81.84,33.55,0.0,0.0,0.0,0.0,0.0,0.0,0.0,0.0,863.94,0.0
25.6982,216.04,166.1,95.81,107.14,27.5,116.6,85.47,33.55,0.0,0.0,0.0,0.0,0.0,0.0,0.0,0.0,848.21,0.0
25.7082,206.36,159.83,91.08,111.54,29.59,120.78,89.1,35.31,0.0,0.0,0.0,0.0,0.0,0.0,0.0,0.0,843.59,0.0
25.7182,196.68,151.47,88.77,113.85,29.59,122.98,90.86,35.31,0.0,0.0,0.0,0.0,0.0,0.0,0.0,0.0,829.51,0.0
25.7282,189.31,143.11,84.04,120.56,29.59,127.16,92.73,37.07,0.0,0.0,0.0,0.0,0.0,0.0,0.0,0.0,823.57,0.0
25.7382,179.63,136.84,79.31,124.96,31.68,129.25,94.49,37.07,0.0,0.0,0.0,0.0,0.0,0.0,0.0,0.0,813.23,0.0
25.7482,169.95,130.57,77.0,127.27,31.68,133.54,96.36,38.83,0.0,0.0,0.0,0.0,0.0,0.0,0.0,0.0,805.2,0.0
25.7582,162.58,124.3,74.58,131.67,33.88,135.63,99.99,38.83,0.0,0.0,0.0,0.0,0.0,0.0,0.0,0.0,801.46,0.0
25.7682,157.63,118.03,69.85,136.18,33.88,137.72,101.75,40.59,0.0,0.0,0.0,0.0,0.0,0.0,0.0,0.0,795.63,0.0
25.7782,150.26,113.85,67.54,138.38,33.88,142.01,103.62,40.59,0.0,0.0,0.0,0.0,0.0,0.0,0.0,0.0,790.13,0.0
25.7882,142.89,107.14,65.12,142.89,35.97,144.1,107.25,42.35,0.0,0.0,0.0,0.0,0.0,0.0,0.0,0.0,787.71,0.0
25.7982,137.94,100.54,62.81,145.09,35.97,148.39,110.88,42.35,0.0,0.0,0.0,0.0,0.0,0.0,0.0,0.0,783.97,0.0
25.8082,130.57,96.14,60.39,147.4,38.06,152.57,114.51,44.11,0.0,0.0,0.0,0.0,0.0,0.0,0.0,0.0,783.75,0.0
25.8182,125.73,91.74,58.08,151.8,38.06,154.66,118.47,45.87,0.0,0.0,0.0,0.0,0.0,0.0,0.0,0.0,784.41,0.0
25.8282,120.78,87.34,58.08,154.11,38.06,158.95,124.52,45.87,0.0,0.0,0.0,0.0,0.0,0.0,0.0,0.0,787.71,0.0
25.8382,113.41,80.74,55.77,156.31,40.15,163.13,128.59,47.63,0.0,0.0,0.0,0.0,0.0,0.0,0.0,0.0,785.73,0.0
25.8482,108.68,76.34,53.24,158.51,42.35,167.53,134.64,49.39,0.0,0.0,0.0,0.0,0.0,0.0,0.0,0.0,790.68,0.0
25.8582,104.28,71.94,50.82,160.82,42.35,169.73,138.6,51.15,0.0,0.0,0.0,0.0,0.0,0.0,0.0,0.0,789.69,0.0
25.8682,97.68,67.54,48.4,163.02,44.44,176.33,146.74,52.91,0.0,0.0,0.0,0.0,0.0,0.0,0.0,0.0,797.06,0.0
25.8782,88.88,60.94,45.98,165.33,44.44,178.53,152.79,54.67,0.0,0.0,0.0,0.0,0.0,0.0,0.0,0.0,791.56,0.0
25.8882,79.97,54.56,41.14,167.64,46.53,182.93,158.84,54.67,0.0,0.0,0.0,0.0,0.0,0.0,0.0,0.0,786.28,0.0
25.8982,71.17,50.6,36.3,167.64,46.53,185.13,166.87,56.54,0.0,0.0,0.0,0.0,0.0,0.0,0.0,0.0,780.78,0.0
25.9082,60.17,42.79,31.46,167.64,48.62,189.53,175.12,58.52,0.0,0.0,0.0,0.0,0.0,0.0,0.0,0.0,773.85,0.0
25.9182,51.04,36.96,26.62,165.33,50.82,191.73,185.46,60.5,0.0,0.0,0.0,0.0,0.0,0.0,0.0,0.0,768.46,0.0
25.9282,39.49,31.13,21.78,163.02,50.82,191.73,193.71,62.59,0.0,0.0,0.0,0.0,0.0,0.0,0.0,0.0,754.27,0.0
25.9382,30.14,23.32,14.52,156.31,50.82,194.04,204.05,62.59,0.0,0.0,0.0,0.0,0.0,0.0,0.0,0.0,735.79,0.0
25.9482,20.9,17.49,12.1,151.8,50.82,194.04,212.41,64.57,3.41,0.0,0.0,0.0,0.0,0.0,0.0,0.0,724.13,3.41
25.9582,16.17,11.66,9.68,142.89,48.62,194.04,218.57,66.55,13.97,0.0,0.0,0.0,0.0,0.0,0.0,0.0,708.18,13.97
25.9682,11.55,9.68,7.26,131.67,46.53,194.04,222.75,66.55,54.45,9.35,0.0,0.0,0.0,0.0,0.0,0.0,690.03,63.8
25.9782,9.24,7.7,4.84,118.25,42.35,191.73,224.84,68.64,170.72,42.13,9.57,0.0,0.0,0.0,0.0,0.0,667.59,222.42
25.9882,6.93,5.83,0.0,100.54,35.97,189.53,227.04,68.64,170.72,58.63,19.14,22.55,0.0,0.0,0.0,0.0,634.48,271.04
25.9982,4.62,3.85,0.0,80.63,29.59,182.93,224.84,70.62,175.34,82.28,31.13,48.07,0.0,0.0,0.0,0.0,597.08,336.82
26.0082,0.0,3.85,0.0,58.63,23.21,174.13,222.75,72.6,182.27,101.2,40.7,71.94,0.0,26.07,10.23,0.0,555.17,432.41
26.0182,0.0,0.0,0.0,43.01,16.94,161.04,216.48,74.69,182.27,108.24,43.12,84.48,0.0,45.1,15.4,4.18,512.16,482.79
26.0282,0.0,0.0,0.0,29.26,10.56,142.01,208.23,74.69,175.34,110.66,43.12,93.94,0.0,54.56,17.93,6.27,464.75,501.82
26.0382,0.0,0.0,0.0,18.92,6.27,118.69,197.89,74.69,168.41,110.66,43.12,100.21,0.0,62.04,23.1,8.47,416.46,516.01
26.0482,0.0,0.0,0.0,13.75,4.18,89.98,185.46,74.69,168.41,115.5,43.12,106.48,0.0,70.18,33.33,12.65,368.06,549.67
26.0582,0.0,0.0,0.0,11.99,4.18,56.65,160.82,72.6,173.03,123.09,45.43,109.56,0.0,75.68,38.5,14.74,306.24,580.03
26.0682,0.0,0.0,0.0,8.58,4.18,35.09,126.5,64.57,184.58,130.57,50.27,115.94,0.0,81.07,46.2,16.94,238.92,625.57
26.0782,0.0,0.0,0.0,6.82,4.18,23.43,87.23,52.91,198.55,140.58,57.75,122.21,5.5,89.21,51.37,21.12,174.57,686.29
26.0882,0.0,0.0,0.0,5.17,0.0,17.49,53.46,42.35,210.1,148.06,63.25,128.48,8.25,94.6,59.51,23.21,118.47,735.46
26.0982,0.0,0.0,0.0,3.41,0.0,13.64,36.63,33.55,217.03,155.65,68.75,137.94,8.25,105.49,68.42,25.41,87.23,786.94
26.1082,0.0,0.0,0.0,3.41,0.0,11.66,27.5,22.88,221.65,163.13,71.39,150.59,11.0,113.63,71.39,27.5,65.45,830.28
26.1182,0.0,0.0,0.0,0.0,0.0,7.81,21.34,12.32,219.34,165.66,71.39,163.24,11.0,121.88,74.36,29.59,41.47,856.46
26.1282,0.0,0.0,0.0,0.0,0.0,7.81,16.72,8.8,214.72,170.61,71.39,179.19,11.0,130.02,77.33,31.79,33.33,886.05
26.1382,0.0,0.0,0.0,0.0,0.0,3.85,10.67,3.52,210.1,170.61,74.14,191.95,13.75,138.16,83.27,33.88,18.04,915.86
26.1482,0.0,0.0,0.0,0.0,0.0,3.85,7.59,0.0,207.79,173.03,71.39,201.63,13.75,143.66,89.32,35.97,11.44,936.54
26.1582,0.0,0.0,0.0,0.0,0.0,0.0,6.05,0.0,205.48,173.03,74.14,211.2,13.75,151.8,89.32,35.97,6.05,954.69
26.1682,0.0,0.0,0.0,0.0,0.0,0.0,4.51,0.0,198.55,168.19,74.14,217.58,16.5,157.19,95.26,38.06,4.51,965.47
26.1782,0.0,0.0,0.0,0.0,0.0,0.0,2.97,0.0,191.51,165.66,74.14,224.07,16.5,162.69,98.23,40.26,2.97,973.06
26.1882,0.0,0.0,0.0,0.0,0.0,0.0,0.0,0.0,184.58,158.07,71.39,226.93,16.5,168.19,101.2,42.35,0.0,969.21
26.1982,0.0,0.0,0.0,0.0,0.0,0.0,0.0,0.0,175.34,153.12,68.75,229.79,16.5,170.83,104.17,42.35,0.0,960.85
26.2082,0.0,0.0,0.0,0.0,0.0,0.0,0.0,0.0,166.1,145.64,66.0,232.76,19.25,173.47,107.14,44.44,0.0,954.8
26.2182,0.0,0.0,0.0,0.0,0.0,0.0,0.0,0.0,157.63,140.58,66.0,235.62,19.25,176.22,110.22,44.44,0.0,949.96
26.2282,0.0,0.0,0.0,0.0,0.0,0.0,0.0,0.0,151.25,133.1,63.25,235.62,19.25,178.86,113.08,46.53,0.0,940.94
26.2382,0.0,0.0,0.0,0.0,0.0,0.0,0.0,0.0,142.78,128.04,60.5,238.59,19.25,181.61,115.94,48.73,0.0,935.44
26.2482,0.0,0.0,0.0,0.0,0.0,0.0,0.0,0.0,134.31,120.56,57.75,241.45,22.0,187.0,115.94,50.82,0.0,929.83
26.2582,0.0,0.0,0.0,0.0,0.0,0.0,0.0,0.0,127.93,115.5,55.11,241.45,22.0,189.64,118.91,52.91,0.0,923.45
26.2682,0.0,0.0,0.0,0.0,0.0,0.0,0.0,0.0,119.46,108.24,52.69,247.28,22.0,192.39,121.77,52.91,0.0,916.74
26.2782,0.0,0.0,0.0,0.0,0.0,0.0,0.0,0.0,111.43,103.51,50.27,250.14,22.0,195.03,124.63,55.11,0.0,912.12
26.2882,0.0,0.0,0.0,0.0,0.0,0.0,0.0,0.0,105.71,98.78,47.85,253.11,22.0,197.67,127.6,57.53,0.0,910.25
26.2982,0.0,0.0,0.0,0.0,0.0,0.0,0.0,0.0,98.01,91.74,47.85,255.97,22.0,200.42,127.6,59.95,0.0,903.54
26.3082,0.0,0.0,0.0,0.0,0.0,0.0,0.0,0.0,92.29,87.01,45.43,255.97,22.0,205.81,130.46,62.37,0.0,901.34
26.3182,0.0,0.0,0.0,0.0,0.0,0.0,0.0,0.0,86.57,84.59,43.12,258.94,22.0,208.45,133.32,64.9,0.0,901.89
26.3282,0.0,0.0,0.0,0.0,0.0,0.0,0.0,0.0,82.72,79.86,43.12,261.8,24.75,211.2,136.29,64.9,0.0,904.64
26.3382,0.0,0.0,0.0,0.0,0.0,0.0,0.0,0.0,77.0,75.13,40.7,264.77,24.75,213.84,139.15,67.32,0.0,902.66
26.3482,0.0,0.0,0.0,0.0,0.0,0.0,0.0,0.0,73.15,70.4,38.28,264.77,24.75,219.23,144.98,69.74,0.0,905.3
26.3582,0.0,0.0,0.0,0.0,0.0,0.0,0.0,0.0,67.43,65.67,35.86,267.63,24.75,221.98,147.84,72.16,0.0,903.32
26.3682,0.0,0.0,0.0,0.0,0.0,0.0,0.0,0.0,61.71,60.94,33.44,267.63,24.75,227.48,153.67,74.69,0.0,904.31
26.3782,0.0,0.0,0.0,0.0,0.0,0.0,0.0,0.0,56.21,58.63,33.44,270.6,24.75,230.34,156.53,77.11,0.0,907.61
26.3882,0.0,0.0,0.0,0.0,0.0,0.0,0.0,0.0,50.93,53.9,31.13,270.6,27.5,235.95,165.33,79.53,0.0,914.87
26.3982,0.0,0.0,0.0,0.0,0.0,0.0,0.0,0.0,45.65,49.17,28.71,270.6,27.5,238.7,171.27,81.95,0.0,913.55
26.4082,0.0,0.0,0.0,0.0,0.0,0.0,0.0,0.0,38.61,44.55,28.71,270.6,27.5,241.45,177.21,84.48,0.0,913.11
26.4182,0.0,0.0,0.0,0.0,0.0,0.0,0.0,0.0,33.33,42.13,26.29,270.6,30.25,244.31,186.12,86.9,0.0,919.93
26.4282,0.0,0.0,0.0,0.0,0.0,0.0,0.0,0.0,28.05,35.09,21.56,267.63,30.25,247.06,192.06,89.32,0.0,911.02
26.4381,0.0,0.0,0.0,0.0,0.0,0.0,0.0,0.0,21.01,28.05,16.72,264.77,30.25,249.92,201.08,94.27,0.0,906.07
26.4481,0.0,0.0,0.0,0.0,0.0,0.0,0.0,0.0,17.49,21.01,11.88,255.97,30.25,252.67,209.99,96.69,0.0,895.95
26.4581,0.0,0.0,0.0,0.0,0.0,0.0,0.0,0.0,13.97,13.97,9.57,250.14,30.25,255.42,212.96,101.53,0.0,887.81
26.4681,0.0,0.0,0.0,0.0,0.0,0.0,0.0,0.0,10.45,11.66,7.15,235.62,27.5,255.42,221.98,104.06,0.0,873.84
26.4781,6.93,3.85,0.0,0.0,0.0,0.0,0.0,0.0,8.69,9.35,4.73,220.77,27.5,255.42,224.73,108.9,10.78,860.09
26.4881,18.59,5.83,0.0,0.0,0.0,0.0,0.0,0.0,6.93,6.93,0.0,204.82,24.75,255.42,227.59,113.85,24.42,840.29
26.4981,51.04,13.64,0.0,0.0,0.0,0.0,0.0,0.0,6.93,4.62,0.0,185.57,22.0,255.42,230.45,118.25,64.68,823.24
26.5081,155.21,44.77,9.68,0.0,0.0,0.0,0.0,0.0,5.17,0.0,0.0,166.43,16.5,252.67,230.45,124.96,209.66,796.18
26.5181,213.62,71.94,29.04,11.99,0.0,0.0,0.0,0.0,3.41,0.0,0.0,141.13,13.75,247.06,227.59,131.67,326.59,764.61
26.5281,201.52,87.34,41.14,20.68,0.0,5.83,0.0,0.0,3.41,0.0,0.0,109.56,8.25,235.95,227.59,136.18,356.51,720.94
26.5381,201.52,104.94,53.24,31.02,0.0,11.66,0.0,3.52,0.0,0.0,0.0,78.21,5.5,216.59,224.73,140.58,405.9,665.61
26.5481,206.36,118.03,62.81,37.84,0.0,29.26,9.13,10.56,0.0,0.0,0.0,48.07,0.0,189.64,221.98,142.89,473.99,602.58
26.5581,216.04,132.66,69.85,43.01,0.0,42.9,19.8,14.08,0.0,0.0,0.0,28.27,0.0,151.8,215.93,145.09,538.34,541.09
26.5681,218.46,138.93,77.0,46.53,4.18,52.69,32.01,17.6,0.0,0.0,0.0,19.8,0.0,97.35,195.14,140.58,587.4,452.87
26.5781,223.41,149.38,84.04,49.94,10.56,60.83,42.68,21.12,0.0,0.0,0.0,16.94,5.5,54.56,156.53,127.16,641.96,360.69
26.5881,236.28,159.83,93.5,53.35,10.56,69.74,48.84,24.64,0.0,0.0,0.0,11.22,5.5,35.64,110.22,111.32,696.74,273.9
26.5981,246.73,172.81,100.54,56.87,14.74,76.56,56.54,26.4,0.0,0.0,0.0,11.22,5.5,26.07,68.42,94.27,751.19,205.48
26.6081,259.6,184.25,110.0,60.83,16.94,85.47,67.32,28.27,0.0,0.0,0.0,8.47,0.0,18.92,43.67,64.9,812.68,135.96
26.6181,270.05,190.96,117.37,67.43,19.03,92.18,74.58,30.03,0.0,0.0,0.0,5.61,0.0,11.88,33.33,44.44,861.63,95.26
26.6281,272.58,197.78,122.32,71.83,21.12,96.69,78.21,31.79,0.0,0.0,0.0,0.0,0.0,9.46,23.1,25.41,892.32,57.97
26.6381,272.58,200.09,122.32,78.43,21.12,103.4,81.84,35.31,0.0,0.0,0.0,0.0,0.0,7.04,15.4,6.27,915.09,28.71
26.6481,270.05,200.09,122.32,82.83,23.21,107.91,83.71,35.31,0.0,0.0,0.0,0.0,0.0,4.73,12.76,0.0,925.43,17.49
26.6581,264.88,200.09,119.79,87.34,23.21,110.11,85.47,37.07,0.0,0.0,0.0,0.0,0.0,0.0,10.23,0.0,927.96,10.23
26.6681,259.6,195.58,117.37,89.54,23.21,114.51,87.23,38.83,0.0,0.0,0.0,0.0,0.0,0.0,7.7,0.0,925.87,7.7
26.6781,251.9,190.96,114.84,91.74,25.41,116.6,89.1,38.83,0.0,0.0,0.0,0.0,0.0,0.0,5.06,0.0,919.38,5.06
26.6881,244.09,184.25,112.42,93.94,25.41,116.6,92.73,40.59,0.0,0.0,0.0,0.0,0.0,0.0,0.0,0.0,910.03,0.0
26.6981,236.28,175.12,107.69,93.94,25.41,118.69,94.49,40.59,0.0,0.0,0.0,0.0,0.0,0.0,0.0,0.0,892.21,0.0
26.7081,228.58,168.3,105.27,96.14,27.5,118.69,98.12,42.35,0.0,0.0,0.0,0.0,0.0,0.0,0.0,0.0,884.95,0.0
26.7181,220.88,161.92,102.96,96.14,27.5,120.78,99.99,42.35,0.0,0.0,0.0,0.0,0.0,0.0,0.0,0.0,872.52,0.0
26.7281,211.2,155.65,98.23,96.14,29.59,120.78,101.75,42.35,0.0,0.0,0.0,0.0,0.0,0.0,0.0,0.0,855.69,0.0
26.7381,203.94,147.29,95.81,98.34,29.59,122.98,101.75,42.35,0.0,0.0,0.0,0.0,0.0,0.0,0.0,0.0,842.05,0.0
26.7481,194.15,141.02,91.08,98.34,29.59,122.98,103.62,44.11,0.0,0.0,0.0,0.0,0.0,0.0,0.0,0.0,824.89,0.0
26.7581,186.89,134.75,86.35,100.54,31.68,125.07,103.62,44.11,0.0,0.0,0.0,0.0,0.0,0.0,0.0,0.0,813.01,0.0
26.7681,179.63,128.48,84.04,102.74,31.68,125.07,105.38,44.11,0.0,0.0,0.0,0.0,0.0,0.0,0.0,0.0,801.13,0.0
26.7781,172.37,122.21,79.31,104.94,31.68,129.25,107.25,44.11,0.0,0.0,0.0,0.0,0.0,0.0,0.0,0.0,791.12,0.0
26.7881,165.0,115.94,77.0,107.14,31.68,131.45,109.01,45.87,0.0,0.0,0.0,0.0,0.0,0.0,0.0,0.0,783.09,0.0
26.7981,157.63,111.54,74.58,109.34,33.88,133.54,112.64,45.87,0.0,0.0,0.0,0.0,0.0,0.0,0.0,0.0,779.02,0.0
26.8081,152.68,104.94,72.27,113.85,33.88,135.63,114.51,47.63,0.0,0.0,0.0,0.0,0.0,0.0,0.0,0.0,775.39,0.0
26.8181,147.84,100.54,69.85,116.05,33.88,137.72,118.47,47.63,0.0,0.0,0.0,0.0,0.0,0.0,0.0,0.0,771.98,0.0
26.8281,140.47,96.14,67.54,118.25,35.97,142.01,120.45,49.39,0.0,0.0,0.0,0.0,0.0,0.0,0.0,0.0,770.22,0.0
26.8381,135.52,91.74,65.12,122.76,35.97,146.19,124.52,51.15,0.0,0.0,0.0,0.0,0.0,0.0,0.0,0.0,772.97,0.0
26.8481,130.57,87.34,62.81,124.96,38.06,148.39,128.59,51.15,0.0,0.0,0.0,0.0,0.0,0.0,0.0,0.0,771.87,0.0
26.8581,125.73,85.14,60.39,129.47,38.06,152.57,134.64,52.91,0.0,0.0,0.0,0.0,0.0,0.0,0.0,0.0,778.91,0.0
26.8681,120.78,80.74,60.39,131.67,40.15,156.86,140.69,54.67,0.0,0.0,0.0,0.0,0.0,0.0,0.0,0.0,785.95,0.0
26.8781,118.36,76.34,58.08,133.98,42.35,161.04,146.74,56.54,0.0,0.0,0.0,0.0,0.0,0.0,0.0,0.0,793.43,0.0
26.8881,110.99,71.94,58.08,138.38,42.35,165.33,154.77,58.52,0.0,0.0,0.0,0.0,0.0,0.0,0.0,0.0,800.36,0.0
26.8981,106.48,69.74,55.77,140.69,44.44,169.73,160.82,60.5,0.0,0.0,0.0,0.0,0.0,0.0,0.0,0.0,808.17,0.0
26.9081,99.88,63.14,53.24,142.89,46.53,174.13,168.96,62.59,0.0,0.0,0.0,0.0,0.0,0.0,0.0,0.0,811.36,0.0
26.9181,91.08,58.74,50.82,145.09,46.53,178.53,175.12,62.59,0.0,0.0,0.0,0.0,0.0,0.0,0.0,0.0,808.5,0.0
26.9281,82.17,52.58,45.98,147.4,48.62,182.93,183.37,64.57,0.0,0.0,0.0,0.0,0.0,0.0,0.0,0.0,807.62,0.0
26.9381,71.17,46.75,38.72,147.4,50.82,185.13,191.62,66.55,0.0,0.0,0.0,0.0,0.0,0.0,0.0,0.0,798.16,0.0
26.9481,60.17,40.92,33.88,147.4,50.82,187.33,199.98,68.64,0.0,0.0,0.0,0.0,0.0,0.0,0.0,0.0,789.14,0.0
26.9581,48.73,33.11,26.62,145.09,50.82,189.53,208.23,68.64,0.0,0.0,0.0,0.0,0.0,0.0,0.0,0.0,770.77,0.0
26.9681,34.76,25.3,21.78,140.69,52.91,189.53,218.57,70.62,0.0,0.0,0.0,0.0,0.0,0.0,0.0,0.0,754.16,0.0
26.9781,25.52,19.47,16.94,133.98,52.91,189.53,227.04,72.6,5.17,0.0,0.0,0.0,0.0,0.0,0.0,0.0,737.99,5.17
26.9881,18.59,13.64,12.1,124.96,50.82,189.53,233.64,72.6,15.73,0.0,0.0,0.0,0.0,0.0,0.0,0.0,715.88,15.73
26.9981,13.86,9.68,9.68,113.85,48.62,189.53,240.24,74.69,54.45,11.66,0.0,0.0,0.0,0.0,0.0,0.0,700.15,66.11
27.0081,11.55,7.7,4.84,102.74,44.44,185.13,242.44,76.67,161.81,44.55,9.57,0.0,0.0,0.0,0.0,0.0,675.51,215.93
27.0181,6.93,5.83,4.84,85.03,38.06,180.73,244.64,76.67,161.81,60.94,21.56,22.55,0.0,0.0,5.06,0.0,642.73,271.92
27.0281,4.62,3.85,0.0,69.63,33.88,174.13,242.44,78.65,163.9,87.01,31.13,56.54,0.0,0.0,5.06,0.0,607.2,343.64
27.0381,4.62,3.85,0.0,53.35,27.5,167.53,238.04,80.74,170.72,103.51,40.7,78.21,0.0,23.65,10.23,0.0,575.63,427.02
27.0481,0.0,3.85,0.0,39.6,21.12,154.66,231.44,80.74,170.72,110.66,43.12,93.94,0.0,37.95,12.76,0.0,531.41,469.15
27.0581,0.0,0.0,0.0,27.5,14.74,137.72,220.66,80.74,166.1,115.5,40.7,103.29,0.0,52.25,12.76,0.0,481.36,490.6
27.0681,0.0,0.0,0.0,18.92,8.47,118.69,208.23,80.74,161.81,118.03,40.7,109.56,0.0,62.04,17.93,6.27,435.05,516.34
27.0781,0.0,0.0,0.0,13.75,4.18,94.49,195.8,78.65,161.81,123.09,43.12,115.94,0.0,70.18,25.63,10.56,386.87,550.33
27.0881,0.0,0.0,0.0,11.99,4.18,67.54,177.21,76.67,166.1,130.57,47.85,122.21,0.0,78.32,33.33,12.65,337.59,591.03
27.0981,0.0,0.0,0.0,10.34,4.18,42.9,148.72,70.62,177.65,138.05,50.27,128.48,0.0,83.82,38.5,14.74,276.76,631.51
27.1081,0.0,0.0,0.0,8.58,4.18,27.28,110.88,60.5,189.2,148.06,55.11,134.86,5.5,89.21,43.67,16.94,211.42,682.55
27.1181,0.0,0.0,0.0,6.82,0.0,19.47,76.45,47.63,198.55,155.65,60.5,141.13,5.5,94.6,48.73,21.12,150.37,725.78
27.1281,0.0,0.0,0.0,5.17,0.0,17.49,45.76,37.07,207.79,163.13,66.0,147.51,5.5,100.1,53.9,21.12,105.49,765.05
27.1381,0.0,0.0,0.0,3.41,0.0,13.64,33.55,28.27,212.41,168.19,66.0,156.97,8.25,105.49,56.54,23.21,78.87,797.06
27.1481,0.0,0.0,0.0,3.41,0.0,11.66,22.88,17.6,212.41,173.03,66.0,169.62,8.25,108.24,56.54,23.21,55.55,817.3
27.1581,0.0,0.0,0.0,0.0,0.0,7.81,18.26,10.56,210.1,177.87,66.0,179.19,8.25,113.63,56.54,25.41,36.63,836.99
27.1681,0.0,0.0,0.0,0.0,0.0,7.81,13.75,5.28,210.1,182.71,66.0,191.95,8.25,119.13,59.51,25.41,26.84,863.06
27.1781,0.0,0.0,0.0,0.0,0.0,3.85,9.13,3.52,207.79,185.13,66.0,201.63,8.25,121.88,59.51,27.5,16.5,877.69
27.1881,0.0,0.0,0.0,0.0,0.0,3.85,9.13,3.52,205.48,185.13,68.75,211.2,11.0,127.27,62.48,27.5,16.5,898.81
27.1981,0.0,0.0,0.0,0.0,0.0,0.0,7.59,3.52,203.17,185.13,66.0,217.58,11.0,130.02,65.45,29.59,11.11,907.94
27.2081,0.0,0.0,0.0,0.0,0.0,0.0,6.05,0.0,198.55,182.71,66.0,224.07,11.0,135.41,71.39,31.79,6.05,920.92
27.2181,0.0,0.0,0.0,0.0,0.0,0.0,4.51,0.0,191.51,177.87,66.0,229.79,13.75,138.16,74.36,31.79,4.51,923.23
27.2281,0.0,0.0,0.0,0.0,0.0,0.0,4.51,0.0,184.58,175.45,63.25,235.62,13.75,143.66,77.33,31.79,4.51,925.43
27.2381,0.0,0.0,0.0,0.0,0.0,0.0,2.97,0.0,177.65,170.61,63.25,238.59,13.75,146.3,80.3,33.88,2.97,924.33
27.2481,0.0,0.0,0.0,0.0,0.0,0.0,2.97,0.0,168.41,165.66,60.5,244.42,13.75,149.05,80.3,33.88,2.97,915.97
27.2581,0.0,0.0,0.0,0.0,0.0,0.0,0.0,0.0,161.81,158.07,60.5,247.28,13.75,151.8,83.27,33.88,0.0,910.36
27.2681,0.0,0.0,0.0,0.0,0.0,0.0,0.0,0.0,155.43,153.12,57.75,253.11,13.75,154.55,83.27,35.97,0.0,906.95
27.2781,0.0,0.0,0.0,0.0,0.0,0.0,0.0,0.0,149.16,148.06,55.11,255.97,16.5,159.94,86.35,35.97,0.0,907.06
27.2881,0.0,0.0,0.0,0.0,0.0,0.0,0.0,0.0,142.78,145.64,55.11,258.94,16.5,162.69,89.32,35.97,0.0,906.95
27.2981,0.0,0.0,0.0,0.0,0.0,0.0,0.0,0.0,138.49,140.58,55.11,261.8,16.5,165.44,89.32,38.06,0.0,905.3
27.3081,0.0,0.0,0.0,0.0,0.0,0.0,0.0,0.0,134.31,135.52,55.11,264.77,16.5,170.83,92.29,38.06,0.0,907.39
27.3181,0.0,0.0,0.0,0.0,0.0,0.0,0.0,0.0,130.02,130.57,55.11,264.77,19.25,176.22,95.26,40.26,0.0,911.46
27.3281,0.0,0.0,0.0,0.0,0.0,0.0,0.0,0.0,127.93,128.04,55.11,264.77,19.25,178.86,98.23,40.26,0.0,912.45
27.3381,0.0,0.0,0.0,0.0,0.0,0.0,0.0,0.0,123.75,123.09,55.11,267.63,19.25,184.25,104.17,42.35,0.0,919.6
27.3481,0.0,0.0,0.0,0.0,0.0,0.0,0.0,0.0,119.46,120.56,52.69,270.6,19.25,187.0,107.14,44.44,0.0,921.14
27.3581,0.0,0.0,0.0,0.0,0.0,0.0,0.0,0.0,115.28,115.5,52.69,273.46,19.25,192.39,110.22,44.44,0.0,923.23
27.3681,0.0,0.0,0.0,0.0,0.0,0.0,0.0,0.0,111.43,110.66,50.27,276.43,22.0,197.67,113.08,46.53,0.0,928.07
27.3781,0.0,0.0,0.0,0.0,0.0,0.0,0.0,0.0,103.73,105.93,50.27,279.51,22.0,203.06,115.94,48.73,0.0,929.17
27.3881,0.0,0.0,0.0,0.0,0.0,0.0,0.0,0.0,98.01,101.2,47.85,282.7,22.0,208.45,118.91,50.82,0.0,929.94
27.3981,0.0,0.0,0.0,0.0,0.0,0.0,0.0,0.0,92.29,94.05,47.85,285.89,22.0,213.84,124.63,52.91,0.0,933.46
27.4081,0.0,0.0,0.0,0.0,0.0,0.0,0.0,0.0,86.57,89.32,45.43,288.97,22.0,216.59,127.6,55.11,0.0,931.59
27.4181,0.0,0.0,0.0,0.0,0.0,0.0,0.0,0.0,80.85,84.59,43.12,292.16,24.75,221.98,130.46,57.53,0.0,935.44
27.4281,0.0,0.0,0.0,0.0,0.0,0.0,0.0,0.0,75.13,79.86,40.7,295.35,24.75,227.48,136.29,62.37,0.0,941.93
27.4381,0.0,0.0,0.0,0.0,0.0,0.0,0.0,0.0,69.41,75.13,38.28,295.35,24.75,233.09,139.15,64.9,0.0,940.06
27.4481,0.0,0.0,0.0,0.0,0.0,0.0,0.0,0.0,63.69,70.4,38.28,295.35,24.75,235.95,144.98,69.74,0.0,943.14
27.4581,0.0,0.0,0.0,0.0,0.0,0.0,0.0,0.0,56.21,63.36,35.86,298.43,27.5,241.45,150.81,72.16,0.0,945.78
27.4681,0.0,0.0,0.0,0.0,0.0,0.0,0.0,0.0,49.17,58.63,31.13,298.43,27.5,244.31,159.5,77.11,0.0,945.78
27.4781,0.0,0.0,0.0,0.0,0.0,0.0,0.0,0.0,43.89,51.59,28.71,295.35,27.5,249.92,165.33,81.95,0.0,944.24
27.4881,0.0,0.0,0.0,0.0,0.0,0.0,0.0,0.0,35.09,46.86,26.29,292.16,27.5,252.67,174.24,84.48,0.0,939.29
27.4981,0.0,0.0,0.0,0.0,0.0,0.0,0.0,0.0,28.05,39.82,21.56,288.97,27.5,255.42,180.18,89.32,0.0,930.82
27.5081,0.0,0.0,0.0,0.0,0.0,0.0,0.0,0.0,21.01,30.47,14.3,282.7,27.5,258.28,189.09,94.27,0.0,917.62
27.5181,0.0,0.0,0.0,0.0,0.0,0.0,0.0,0.0,15.73,21.01,11.88,273.46,27.5,261.03,195.14,96.69,0.0,902.44
27.5281,0.0,0.0,0.0,0.0,0.0,0.0,0.0,0.0,13.97,16.39,9.57,264.77,27.5,263.89,201.08,101.53,0.0,898.7
27.5381,0.0,0.0,0.0,0.0,0.0,0.0,0.0,0.0,10.45,11.66,7.15,250.14,24.75,263.89,204.05,106.48,0.0,878.57
27.5481,9.24,3.85,0.0,0.0,0.0,0.0,0.0,0.0,8.69,9.35,4.73,235.62,22.0,266.64,207.02,108.9,13.09,862.95
27.5581,25.52,5.83,0.0,0.0,0.0,0.0,0.0,0.0,6.93,6.93,4.73,220.77,19.25,266.64,209.99,113.85,31.35,849.09
27.5681,71.17,21.34,0.0,0.0,0.0,0.0,0.0,0.0,6.93,4.62,0.0,198.44,16.5,266.64,209.99,118.25,92.51,821.37
27.5781,177.21,56.54,12.1,3.41,0.0,0.0,0.0,0.0,5.17,4.62,0.0,176.0,13.75,263.89,212.96,122.76,249.26,799.15
27.5881,199.1,74.14,24.2,15.51,0.0,0.0,0.0,0.0,5.17,0.0,0.0,147.51,11.0,258.28,212.96,127.16,312.95,762.08
27.5981,196.68,89.54,38.72,18.92,0.0,5.83,0.0,0.0,3.41,0.0,0.0,112.75,8.25,247.06,212.96,129.47,349.69,713.9
27.6081,201.52,107.14,48.4,27.5,0.0,9.68,0.0,3.52,0.0,0.0,0.0,78.21,0.0,227.48,209.99,133.87,397.76,649.55
27.6181,203.94,122.21,55.77,34.43,0.0,23.43,4.51,8.8,0.0,0.0,0.0,48.07,0.0,200.42,204.05,136.18,453.09,588.72
27.6281,213.62,134.75,60.39,37.84,0.0,35.09,12.21,12.32,0.0,0.0,0.0,28.27,0.0,159.94,195.14,136.18,506.22,519.53
27.6381,216.04,143.11,67.54,41.36,0.0,44.88,21.34,14.08,0.0,0.0,0.0,19.8,0.0,108.24,174.24,129.47,548.35,431.75
27.6481,223.41,155.65,74.58,44.77,6.27,52.69,35.09,19.36,0.0,0.0,0.0,16.94,5.5,62.04,139.15,118.25,611.82,341.88
27.6581,238.92,168.3,84.04,48.18,10.56,58.63,42.68,22.88,0.0,0.0,0.0,14.08,0.0,40.37,95.26,101.53,674.19,251.24
27.6681,251.9,181.94,93.5,51.7,12.65,67.54,51.92,24.64,0.0,0.0,0.0,11.22,0.0,26.07,59.51,86.9,735.79,183.7
27.6781,267.41,195.58,100.54,56.87,16.94,74.25,60.06,28.27,0.0,0.0,0.0,8.47,0.0,16.61,38.5,59.95,799.92,123.53
27.6881,272.58,202.4,107.69,58.63,19.03,80.96,69.19,30.03,0.0,0.0,0.0,5.61,0.0,11.88,28.27,35.97,840.51,81.73
27.6981,275.22,209.11,110.0,65.23,21.12,87.67,74.58,31.79,0.0,0.0,0.0,0.0,0.0,7.04,20.46,16.94,874.72,44.44
27.7081,272.58,209.11,110.0,69.63,21.12,94.49,80.08,35.31,0.0,0.0,0.0,0.0,0.0,4.73,15.4,4.18,892.32,24.31
27.7181,267.41,209.11,110.0,76.23,23.21,101.2,85.47,37.07,0.0,0.0,0.0,0.0,0.0,0.0,12.76,0.0,909.7,12.76
27.7281,259.6,204.6,110.0,78.43,25.41,105.6,90.86,38.83,0.0,0.0,0.0,0.0,0.0,0.0,10.23,0.0,913.33,10.23
27.7381,251.9,197.78,107.69,82.83,25.41,110.11,96.36,42.35,0.0,0.0,0.0,0.0,0.0,0.0,7.7,0.0,914.43,7.7
27.7481,244.09,190.96,105.27,82.83,27.5,112.42,101.75,44.11,0.0,0.0,0.0,0.0,0.0,0.0,7.7,0.0,908.93,7.7
27.7581,233.75,181.94,102.96,85.03,29.59,114.51,105.38,45.87,0.0,0.0,0.0,0.0,0.0,0.0,5.06,0.0,899.03,5.06
27.7681,225.94,172.81,100.54,85.03,31.68,116.6,110.88,47.63,0.0,0.0,0.0,0.0,0.0,0.0,5.06,0.0,891.11,5.06
27.7781,216.04,164.01,98.23,85.03,31.68,118.69,114.51,47.63,0.0,0.0,0.0,0.0,0.0,0.0,0.0,0.0,875.82,0.0
27.7881,206.36,155.65,93.5,85.03,33.88,120.78,118.47,49.39,0.0,0.0,0.0,0.0,0.0,0.0,0.0,0.0,863.06,0.0
27.7981,196.68,145.2,88.77,85.03,33.88,122.98,122.54,51.15,0.0,0.0,0.0,0.0,0.0,0.0,0.0,0.0,846.23,0.0
27.8081,189.31,138.93,86.35,85.03,35.97,122.98,126.5,51.15,0.0,0.0,0.0,0.0,0.0,0.0,0.0,0.0,836.22,0.0
27.8181,179.63,130.57,81.73,87.34,35.97,125.07,130.57,52.91,0.0,0.0,0.0,0.0,0.0,0.0,0.0,0.0,823.79,0.0
27.8281,172.37,124.3,79.31,87.34,35.97,127.16,134.64,52.91,0.0,0.0,0.0,0.0,0.0,0.0,0.0,0.0,814.0,0.0
27.8381,165.0,118.03,77.0,87.34,38.06,127.16,136.62,54.67,0.0,0.0,0.0,0.0,0.0,0.0,0.0,0.0,803.88,0.0
27.8481,160.05,113.85,74.58,89.54,38.06,129.25,140.69,54.67,0.0,0.0,0.0,0.0,0.0,0.0,0.0,0.0,800.69,0.0
27.858,155.21,109.34,72.27,89.54,40.15,131.45,142.67,56.54,0.0,0.0,0.0,0.0,0.0,0.0,0.0,0.0,797.17,0.0
27.868,150.26,104.94,69.85,89.54,40.15,131.45,146.74,56.54,0.0,0.0,0.0,0.0,0.0,0.0,0.0,0.0,789.47,0.0
27.878,145.31,100.54,67.54,91.74,42.35,135.63,150.7,58.52,0.0,0.0,0.0,0.0,0.0,0.0,0.0,0.0,792.33,0.0
27.888,137.94,96.14,65.12,91.74,42.35,137.72,154.77,60.5,0.0,0.0,0.0,0.0,0.0,0.0,0.0,0.0,786.28,0.0
27.898,133.1,93.94,62.81,93.94,42.35,139.92,156.75,60.5,0.0,0.0,0.0,0.0,0.0,0.0,0.0,0.0,783.31,0.0
27.908,130.57,89.54,62.81,96.14,44.44,142.01,160.82,62.59,0.0,0.0,0.0,0.0,0.0,0.0,0.0,0.0,788.92,0.0
27.918,125.73,85.14,60.39,98.34,44.44,144.1,164.89,64.57,0.0,0.0,0.0,0.0,0.0,0.0,0.0,0.0,787.6,0.0
27.928,123.2,82.94,60.39,98.34,44.44,146.19,168.96,64.57,0.0,0.0,0.0,0.0,0.0,0.0,0.0,0.0,789.03,0.0
27.938,120.78,82.94,58.08,100.54,46.53,148.39,173.03,66.55,0.0,0.0,0.0,0.0,0.0,0.0,0.0,0.0,796.84,0.0
27.948,118.36,80.74,58.08,104.94,46.53,152.57,177.21,68.64,0.0,0.0,0.0,0.0,0.0,0.0,0.0,0.0,807.07,0.0
27.958,118.36,78.54,58.08,107.14,48.62,154.66,181.28,68.64,0.0,0.0,0.0,0.0,0.0,0.0,0.0,0.0,815.32,0.0
27.968,115.83,76.34,58.08,109.34,48.62,158.95,187.55,70.62,0.0,0.0,0.0,0.0,0.0,0.0,0.0,0.0,825.33,0.0
27.978,115.83,74.14,58.08,111.54,48.62,161.04,191.62,72.6,0.0,0.0,0.0,0.0,0.0,0.0,0.0,0.0,833.47,0.0
27.988,110.99,71.94,58.08,111.54,50.82,165.33,195.8,72.6,10.45,0.0,0.0,0.0,0.0,0.0,0.0,0.0,837.1,10.45
27.998,106.48,67.54,55.77,111.54,50.82,167.53,199.98,74.69,17.49,0.0,0.0,0.0,0.0,0.0,0.0,0.0,834.35,17.49
28.008,97.68,60.94,53.24,111.54,48.62,167.53,204.05,76.67,24.53,0.0,0.0,0.0,0.0,0.0,0.0,0.0,820.27,24.53
28.018,88.88,54.56,45.98,107.14,48.62,167.53,206.14,76.67,33.33,9.35,4.73,5.61,0.0,0.0,0.0,0.0,795.52,53.02
28.028,77.77,46.75,41.14,102.74,48.62,165.33,206.14,76.67,43.89,18.7,14.3,28.27,0.0,0.0,7.7,0.0,765.16,112.86
28.038,62.37,36.96,33.88,96.14,46.53,163.13,206.14,74.69,78.98,35.09,31.13,39.6,11.0,23.65,46.2,6.27,719.84,271.92
28.048,46.42,27.28,24.2,85.03,44.44,158.95,202.07,72.6,138.49,56.21,50.27,53.68,11.0,37.95,48.73,8.47,660.99,404.8
28.058,27.83,17.49,14.52,71.83,40.15,150.48,199.98,70.62,144.87,65.67,55.11,65.67,11.0,49.83,56.54,12.65,592.9,461.34
28.068,16.17,11.66,9.68,56.87,35.97,142.01,195.8,68.64,140.69,70.4,55.11,78.21,8.25,62.04,59.51,16.94,536.8,491.15
28.078,11.55,7.7,7.26,44.77,31.68,131.45,189.64,64.57,138.49,75.13,55.11,90.75,8.25,70.18,59.51,16.94,488.62,514.36
28.088,6.93,5.83,0.0,34.43,27.5,118.69,181.28,62.59,136.4,79.86,52.69,109.56,8.25,83.82,59.51,19.03,437.25,549.12
28.098,6.93,3.85,0.0,27.5,23.21,105.6,170.94,58.52,134.31,87.01,52.69,128.48,8.25,94.6,59.51,21.12,396.55,585.97
28.108,4.62,3.85,0.0,22.33,16.94,89.98,156.75,56.54,136.4,94.05,55.11,144.32,5.5,108.24,59.51,23.21,351.01,626.34
28.118,4.62,3.85,0.0,17.16,12.65,74.25,140.69,54.67,146.96,103.51,60.5,156.97,8.25,119.13,65.45,27.5,307.89,688.27
28.128,0.0,3.85,0.0,11.99,8.47,63.03,122.54,51.15,157.63,113.08,68.75,166.43,8.25,127.27,68.42,29.59,261.03,739.42
28.138,0.0,0.0,0.0,8.58,4.18,50.71,101.75,47.63,168.41,120.56,76.89,172.81,8.25,135.41,71.39,31.79,212.85,785.51
28.148,0.0,0.0,0.0,6.82,0.0,37.07,78.21,44.11,177.65,128.04,82.39,179.19,11.0,143.66,74.36,35.97,166.21,832.26
28.158,0.0,0.0,0.0,5.17,0.0,23.43,51.92,38.83,182.27,130.57,85.03,188.76,11.0,149.05,77.33,38.06,119.35,862.07
28.168,0.0,0.0,0.0,5.17,0.0,13.64,32.01,35.31,182.27,135.52,85.03,195.14,11.0,154.55,77.33,40.26,86.13,881.1
28.178,0.0,0.0,0.0,3.41,0.0,9.68,18.26,19.36,184.58,138.05,87.78,204.82,11.0,159.94,80.3,42.35,50.71,908.82
28.188,0.0,0.0,0.0,3.41,0.0,7.81,13.75,12.32,182.27,140.58,87.78,211.2,11.0,165.44,80.3,44.44,37.29,923.01
28.198,0.0,0.0,0.0,3.41,0.0,5.83,10.67,8.8,179.96,140.58,85.03,214.39,11.0,168.19,80.3,44.44,28.71,923.89
28.208,0.0,0.0,0.0,0.0,0.0,5.83,9.13,7.04,177.65,140.58,85.03,220.77,11.0,173.47,83.27,46.53,22.0,938.3
28.218,0.0,0.0,0.0,0.0,0.0,5.83,7.59,5.28,177.65,138.05,85.03,220.77,11.0,176.22,86.35,46.53,18.7,941.6
28.228,0.0,0.0,0.0,0.0,0.0,3.85,6.05,5.28,175.34,138.05,85.03,224.07,13.75,178.86,89.32,48.73,15.18,953.15
28.238,0.0,0.0,0.0,0.0,0.0,5.83,6.05,5.28,170.72,135.52,85.03,224.07,13.75,178.86,92.29,50.82,17.16,951.06
28.248,0.0,0.0,0.0,0.0,0.0,3.85,6.05,3.52,168.41,133.1,85.03,220.77,13.75,181.61,95.26,50.82,13.42,948.75
28.258,0.0,0.0,0.0,0.0,0.0,3.85,4.51,3.52,163.9,130.57,82.39,220.77,13.75,181.61,98.23,52.91,11.88,944.13
28.268,0.0,0.0,0.0,0.0,0.0,3.85,4.51,3.52,161.81,128.04,82.39,220.77,13.75,181.61,101.2,55.11,11.88,944.68
28.278,0.0,0.0,0.0,0.0,0.0,3.85,2.97,0.0,159.72,125.51,82.39,217.58,13.75,181.61,101.2,55.11,6.82,936.87
28.288,0.0,0.0,0.0,0.0,0.0,0.0,2.97,0.0,157.63,125.51,79.64,217.58,16.5,184.25,104.17,55.11,2.97,940.39
28.298,0.0,0.0,0.0,0.0,0.0,0.0,2.97,0.0,155.43,123.09,79.64,217.58,16.5,184.25,107.14,57.53,2.97,941.16
28.308,0.0,0.0,0.0,0.0,0.0,0.0,2.97,0.0,153.34,123.09,79.64,214.39,16.5,184.25,110.22,57.53,2.97,938.96
28.318,0.0,0.0,0.0,0.0,0.0,0.0,0.0,0.0,153.34,120.56,79.64,217.58,16.5,187.0,113.08,59.95,0.0,947.65
28.328,0.0,0.0,0.0,0.0,0.0,0.0,0.0,0.0,151.25,120.56,79.64,217.58,16.5,189.64,113.08,59.95,0.0,948.2
28.338,0.0,0.0,0.0,3.41,0.0,0.0,0.0,0.0,151.25,120.56,79.64,217.58,19.25,189.64,115.94,62.37,3.41,956.23
28.348,0.0,0.0,0.0,3.41,0.0,3.85,2.97,0.0,149.16,118.03,79.64,217.58,19.25,192.39,118.91,64.9,10.23,959.86
28.358,0.0,0.0,0.0,5.17,0.0,3.85,2.97,0.0,149.16,118.03,79.64,220.77,19.25,192.39,121.77,64.9,11.99,965.91
28.368,0.0,0.0,0.0,8.58,0.0,3.85,2.97,0.0,146.96,115.5,79.64,220.77,19.25,195.03,124.63,67.32,15.4,969.1
28.378,0.0,0.0,0.0,10.34,0.0,5.83,0.0,0.0,142.78,113.08,76.89,220.77,19.25,197.67,130.46,67.32,16.17,968.22
28.388,4.62,0.0,0.0,13.75,0.0,7.81,2.97,0.0,138.49,110.66,76.89,220.77,19.25,200.42,133.32,69.74,29.15,969.54
28.398,13.86,0.0,0.0,17.16,0.0,13.64,4.51,3.52,136.4,108.24,76.89,220.77,22.0,203.06,136.29,72.16,52.69,975.81
28.408,27.83,3.85,0.0,18.92,0.0,19.47,12.21,8.8,130.02,103.51,74.14,220.77,22.0,205.81,139.15,74.69,91.08,970.09
28.418,39.49,7.7,4.84,20.68,4.18,23.43,25.96,10.56,123.75,98.78,71.39,220.77,22.0,205.81,144.98,77.11,136.84,964.59
28.428,53.35,13.64,7.26,20.68,6.27,27.28,32.01,14.08,115.28,94.05,68.75,220.77,24.75,208.45,147.84,79.53,174.57,959.42
28.438,66.77,19.47,12.1,20.68,8.47,31.24,36.63,15.84,107.58,87.01,66.0,217.58,24.75,208.45,153.67,79.53,211.2,944.57
28.448,79.97,25.3,16.94,20.68,10.56,35.09,39.71,17.6,99.99,79.86,60.5,214.39,24.75,211.2,156.53,81.95,245.85,929.17
28.458,88.88,31.13,21.78,22.33,10.56,37.07,42.68,19.36,88.44,72.82,55.11,208.01,27.5,211.2,159.5,84.48,273.79,907.06
28.468,99.88,36.96,24.2,24.09,10.56,41.03,44.22,19.36,78.98,65.67,50.27,204.82,27.5,211.2,162.36,84.48,300.3,885.28
28.478,106.48,42.79,29.04,24.09,12.65,42.9,45.76,21.12,65.56,56.21,43.12,195.14,27.5,211.2,165.33,84.48,324.83,848.54
28.488,113.41,46.75,33.88,25.85,12.65,46.86,48.84,21.12,56.21,46.86,38.28,185.57,24.75,208.45,168.3,86.9,349.36,815.32
28.498,123.2,52.58,38.72,27.5,14.74,48.84,50.38,22.88,47.41,39.82,33.44,172.81,24.75,205.81,168.3,86.9,378.84,779.24
28.508,135.52,60.94,45.98,31.02,16.94,52.69,53.46,24.64,38.61,28.05,28.71,156.97,24.75,203.06,168.3,86.9,421.19,735.35
28.518,147.84,69.74,53.24,32.67,16.94,54.67,56.54,24.64,29.81,18.7,23.87,141.13,22.0,197.67,168.3,86.9,456.28,688.38
28.528,160.05,78.54,58.08,36.19,19.03,58.63,60.06,26.4,19.25,13.97,19.14,122.21,19.25,189.64,168.3,86.9,496.98,638.66
28.538,172.37,87.34,65.12,37.84,21.12,63.03,63.69,28.27,10.45,11.66,11.88,100.21,16.5,181.61,165.33,84.48,538.78,582.12
28.548,182.05,96.14,69.85,41.36,21.12,65.34,67.32,28.27,6.93,9.35,7.15,81.29,16.5,170.83,165.33,84.48,571.45,541.86
28.558,189.31,104.94,72.27,43.01,21.12,67.54,67.32,30.03,5.17,6.93,4.73,62.48,11.0,159.94,162.36,84.48,595.54,497.09
28.568,199.1,113.85,77.0,46.53,21.12,69.74,67.32,30.03,3.41,4.62,4.73,45.21,8.25,146.3,159.5,81.95,624.69,453.97
28.578,206.36,122.21,79.31,49.94,21.12,72.05,65.56,31.79,0.0,4.62,0.0,31.02,5.5,130.02,153.67,79.53,648.34,404.36
28.588,208.78,132.66,81.73,53.35,21.12,74.25,65.56,31.79,3.41,4.62,0.0,19.8,0.0,110.99,147.84,77.11,669.24,363.77
28.598,220.88,143.11,86.35,56.87,23.21,76.56,65.56,31.79,3.41,0.0,0.0,11.22,0.0,91.96,136.29,72.16,704.33,315.04
28.608,228.58,151.47,88.77,63.03,23.21,78.76,63.69,33.55,0.0,0.0,0.0,5.61,0.0,67.54,124.63,64.9,731.06,262.68
28.618,233.75,159.83,91.08,67.43,21.12,80.96,63.69,31.79,0.0,0.0,0.0,0.0,0.0,45.1,110.22,57.53,749.65,212.85
28.628,238.92,166.1,91.08,71.83,21.12,83.27,63.69,33.55,0.0,0.0,0.0,0.0,0.0,28.49,89.32,50.82,769.56,168.63
28.638,244.09,175.12,91.08,80.63,21.12,85.47,61.93,33.55,0.0,0.0,0.0,0.0,0.0,14.19,65.45,42.35,792.99,121.99
28.648,246.73,181.94,93.5,85.03,21.12,87.67,60.06,33.55,0.0,0.0,0.0,0.0,0.0,9.46,43.67,31.79,809.6,84.92
28.658,251.9,188.76,93.5,91.74,19.03,89.98,60.06,33.55,0.0,0.0,0.0,0.0,0.0,7.04,28.27,19.03,828.52,54.34
28.668,254.43,195.58,93.5,98.34,19.03,92.18,56.54,33.55,0.0,0.0,0.0,0.0,0.0,7.04,17.93,10.56,843.15,35.53
28.678,257.07,200.09,91.08,102.74,19.03,94.49,55.0,33.55,0.0,0.0,0.0,0.0,0.0,4.73,12.76,6.27,853.05,23.76
28.688,257.07,202.4,93.5,107.14,16.94,94.49,53.46,33.55,0.0,0.0,0.0,0.0,0.0,4.73,10.23,4.18,858.55,19.14
28.698,259.6,204.6,91.08,111.54,16.94,96.69,51.92,33.55,0.0,0.0,0.0,0.0,0.0,4.73,10.23,4.18,865.92,19.14
28.708,259.6,206.91,91.08,111.54,16.94,94.49,50.38,33.55,0.0,0.0,0.0,0.0,0.0,4.73,10.23,4.18,864.49,19.14
28.718,259.6,209.11,88.77,116.05,16.94,94.49,48.84,31.79,0.0,0.0,0.0,0.0,0.0,4.73,7.7,0.0,865.59,12.43
28.728,259.6,209.11,88.77,118.25,16.94,94.49,47.3,31.79,0.0,0.0,0.0,0.0,0.0,4.73,7.7,4.18,866.25,16.61
28.738,259.6,211.42,88.77,118.25,14.74,94.49,45.76,31.79,0.0,0.0,0.0,0.0,0.0,0.0,7.7,0.0,864.82,7.7
28.748,259.6,211.42,86.35,120.56,14.74,92.18,44.22,31.79,0.0,0.0,0.0,0.0,0.0,0.0,7.7,0.0,860.86,7.7
28.758,259.6,211.42,86.35,122.76,14.74,92.18,42.68,31.79,0.0,0.0,0.0,0.0,0.0,0.0,5.06,0.0,861.52,5.06
28.768,259.6,211.42,84.04,122.76,12.65,89.98,39.71,30.03,0.0,0.0,0.0,0.0,0.0,0.0,5.06,0.0,850.19,5.06
28.778,257.07,211.42,84.04,124.96,12.65,87.67,38.17,30.03,0.0,0.0,0.0,0.0,0.0,0.0,5.06,0.0,846.01,5.06
28.788,257.07,211.42,81.73,124.96,10.56,87.67,35.09,28.27,0.0,0.0,0.0,0.0,0.0,0.0,5.06,0.0,836.77,5.06
28.798,257.07,211.42,81.73,127.27,10.56,85.47,33.55,28.27,0.0,0.0,0.0,0.0,0.0,0.0,0.0,0.0,835.34,0.0
28.808,257.07,213.73,79.31,127.27,10.56,85.47,32.01,28.27,0.0,0.0,0.0,0.0,0.0,0.0,0.0,0.0,833.69,0.0
28.818,254.43,211.42,77.0,127.27,10.56,83.27,28.93,26.4,0.0,0.0,0.0,0.0,0.0,0.0,0.0,0.0,819.28,0.0
28.828,254.43,211.42,77.0,129.47,8.47,80.96,28.93,26.4,0.0,0.0,0.0,0.0,0.0,0.0,0.0,0.0,817.08,0.0
28.838,254.43,213.73,74.58,129.47,8.47,80.96,27.5,26.4,0.0,0.0,0.0,0.0,0.0,0.0,0.0,0.0,815.54,0.0
28.848,251.9,211.42,74.58,131.67,8.47,78.76,25.96,26.4,0.0,0.0,0.0,0.0,0.0,0.0,0.0,0.0,809.16,0.0
28.858,251.9,213.73,72.27,133.98,8.47,78.76,25.96,26.4,0.0,0.0,0.0,0.0,0.0,0.0,0.0,0.0,811.47,0.0
28.868,251.9,213.73,72.27,136.18,8.47,78.76,24.42,24.64,0.0,0.0,0.0,0.0,0.0,0.0,0.0,0.0,810.37,0.0
28.878,251.9,213.73,72.27,138.38,8.47,78.76,24.42,24.64,0.0,0.0,0.0,0.0,0.0,0.0,0.0,0.0,812.57,0.0
28.888,251.9,213.73,72.27,138.38,8.47,78.76,24.42,24.64,0.0,0.0,0.0,0.0,0.0,0.0,0.0,0.0,812.57,0.0
28.898,251.9,215.93,72.27,140.69,8.47,78.76,25.96,24.64,0.0,0.0,0.0,0.0,0.0,0.0,5.06,0.0,818.62,5.06
28.908,251.9,215.93,72.27,142.89,8.47,78.76,25.96,24.64,0.0,0.0,0.0,16.94,0.0,7.04,17.93,0.0,820.82,41.91
28.918,254.43,215.93,72.27,142.89,8.47,80.96,25.96,24.64,3.41,0.0,0.0,19.8,0.0,18.92,30.8,8.47,825.55,81.4
28.928,251.9,215.93,72.27,142.89,8.47,80.96,25.96,24.64,10.45,4.62,9.57,25.41,0.0,18.92,38.5,12.65,823.02,120.12
28.938,251.9,213.73,72.27,142.89,8.47,78.76,25.96,24.64,24.53,9.35,14.3,28.27,0.0,23.65,46.2,12.65,818.62,158.95
28.948,246.73,211.42,72.27,140.69,6.27,78.76,25.96,22.88,35.09,13.97,19.14,28.27,5.5,33.22,56.54,16.94,804.98,208.67
28.958,244.09,204.6,69.85,138.38,6.27,78.76,25.96,22.88,43.89,18.7,23.87,31.02,5.5,37.95,62.48,21.12,790.79,244.53
28.968,238.92,200.09,69.85,136.18,8.47,76.56,24.42,22.88,50.93,21.01,28.71,33.88,8.25,40.37,68.42,23.21,777.37,274.78
28.978,233.75,193.27,67.54,131.67,6.27,76.56,24.42,22.88,65.56,25.74,33.44,39.6,11.0,42.68,71.39,25.41,756.36,314.82
28.988,228.58,184.25,67.54,129.47,6.27,72.05,22.88,22.88,82.72,32.78,40.7,45.21,11.0,49.83,77.33,25.41,733.92,364.98
28.998,220.88,175.12,65.12,122.76,6.27,69.74,19.8,21.12,92.29,37.51,45.43,50.82,11.0,54.56,77.33,25.41,700.81,394.35
29.008,216.04,168.3,62.81,118.25,6.27,65.34,18.26,19.36,96.14,42.13,45.43,56.54,11.0,59.4,80.3,27.5,674.63,418.44
29.018,208.78,159.83,60.39,113.85,4.18,63.03,15.18,19.36,101.86,49.17,47.85,65.67,11.0,67.54,83.27,27.5,644.6,453.86
29.028,199.1,151.47,58.08,107.14,6.27,58.63,13.75,17.6,111.43,53.9,50.27,78.21,8.25,75.68,83.27,27.5,612.04,488.51
29.038,191.73,141.02,53.24,102.74,4.18,54.67,12.21,15.84,121.55,60.94,52.69,87.56,8.25,83.82,83.27,29.59,575.63,527.67
29.048,179.63,130.57,50.82,96.14,4.18,50.71,10.67,15.84,134.31,70.4,57.75,97.02,8.25,89.21,83.27,29.59,538.56,569.8
29.058,169.95,118.03,45.98,89.54,4.18,46.86,9.13,14.08,144.87,75.13,60.5,106.48,8.25,94.6,86.35,29.59,497.75,605.77
29.068,157.63,107.14,41.14,80.63,4.18,41.03,7.59,10.56,153.34,79.86,66.0,112.75,8.25,100.1,86.35,31.79,449.9,638.44
29.078,145.31,93.94,38.72,71.83,4.18,35.09,6.05,8.8,161.81,84.59,71.39,119.02,8.25,108.24,89.32,33.88,403.92,676.5
29.088,133.1,82.94,33.88,63.03,0.0,29.26,4.51,7.04,170.72,89.32,74.14,122.21,8.25,110.99,89.32,33.88,353.76,698.83
29.098,123.2,74.14,31.46,55.11,0.0,23.43,2.97,3.52,177.65,94.05,76.89,128.48,8.25,116.38,89.32,35.97,313.83,726.99
29.108,113.41,63.14,26.62,46.53,0.0,17.49,2.97,3.52,184.58,98.78,82.39,134.86,8.25,124.52,92.29,38.06,273.68,763.73
29.118,104.28,54.56,24.2,36.19,0.0,13.64,0.0,0.0,191.51,101.2,85.03,137.94,8.25,130.02,95.26,38.06,232.87,787.27
29.128,93.28,44.77,21.78,29.26,0.0,9.68,0.0,0.0,198.55,105.93,87.78,141.13,11.0,135.41,98.23,42.35,198.77,820.38
29.138,82.17,36.96,16.94,24.09,0.0,7.81,0.0,0.0,203.17,108.24,90.53,144.32,8.25,138.16,98.23,44.44,167.97,835.34
29.148,73.37,31.13,14.52,20.68,0.0,5.83,0.0,0.0,207.79,110.66,93.28,147.51,11.0,140.91,101.2,48.73,145.53,861.08
29.158,66.77,25.3,12.1,17.16,0.0,3.85,0.0,0.0,212.41,113.08,96.03,150.59,11.0,146.3,104.17,48.73,125.18,882.31
29.168,62.37,21.34,9.68,11.99,0.0,3.85,0.0,0.0,214.72,115.5,98.67,150.59,11.0,149.05,107.14,50.82,109.23,897.49
29.178,57.97,17.49,9.68,8.58,0.0,3.85,0.0,0.0,217.03,115.5,101.42,153.78,11.0,151.8,110.22,55.11,97.57,915.86
29.188,53.35,15.51,7.26,6.82,0.0,3.85,0.0,0.0,219.34,118.03,101.42,153.78,11.0,154.55,113.08,55.11,86.79,926.31
29.198,48.73,11.66,7.26,5.17,0.0,0.0,0.0,0.0,219.34,118.03,101.42,153.78,11.0,157.19,115.94,57.53,72.82,934.23
29.208,46.42,9.68,4.84,5.17,0.0,0.0,0.0,0.0,221.65,120.56,104.17,153.78,13.75,157.19,115.94,57.53,66.11,944.57
29.218,41.8,9.68,4.84,3.41,0.0,0.0,0.0,0.0,221.65,120.56,104.17,150.59,13.75,159.94,118.91,59.95,59.73,949.52
29.228,37.18,7.7,0.0,3.41,0.0,0.0,0.0,0.0,221.65,120.56,104.17,150.59,13.75,159.94,121.77,59.95,48.29,952.38
29.238,32.45,7.7,0.0,3.41,0.0,0.0,0.0,0.0,221.65,120.56,104.17,150.59,13.75,159.94,124.63,62.37,43.56,957.66
29.248,32.45,5.83,0.0,3.41,0.0,0.0,0.0,0.0,221.65,118.03,106.92,147.51,13.75,159.94,124.63,62.37,41.69,954.8
29.258,27.83,5.83,0.0,0.0,0.0,0.0,0.0,0.0,221.65,118.03,106.92,144.32,13.75,159.94,124.63,62.37,33.66,951.61
29.268,25.52,5.83,0.0,0.0,0.0,0.0,0.0,0.0,221.65,118.03,106.92,144.32,13.75,159.94,127.6,62.37,31.35,954.58
29.278,20.9,3.85,0.0,0.0,0.0,0.0,0.0,0.0,221.65,118.03,104.17,141.13,13.75,157.19,127.6,62.37,24.75,945.89
29.2879,18.59,5.83,0.0,0.0,0.0,0.0,0.0,0.0,219.34,115.5,104.17,141.13,13.75,157.19,127.6,62.37,24.42,941.05
29.2979,16.17,3.85,0.0,0.0,0.0,0.0,0.0,0.0,221.65,115.5,104.17,137.94,13.75,157.19,127.6,62.37,20.02,940.17
29.3079,16.17,3.85,0.0,0.0,0.0,0.0,0.0,0.0,219.34,115.5,104.17,137.94,13.75,157.19,127.6,62.37,20.02,937.86
29.3179,13.86,3.85,0.0,0.0,0.0,0.0,0.0,0.0,219.34,115.5,104.17,134.86,13.75,154.55,127.6,62.37,17.71,932.14
29.3279,13.86,3.85,0.0,3.41,0.0,0.0,2.97,0.0,217.03,113.08,101.42,131.67,13.75,154.55,127.6,62.37,24.09,921.47
29.3379,13.86,3.85,0.0,6.82,0.0,3.85,4.51,0.0,217.03,113.08,101.42,131.67,13.75,151.8,127.6,62.37,32.89,918.72
29.3479,16.17,5.83,4.84,11.99,4.18,7.81,13.75,0.0,217.03,113.08,101.42,131.67,16.5,151.8,127.6,62.37,64.57,921.47
29.3579,23.21,5.83,7.26,13.75,6.27,13.64,21.34,5.28,217.03,113.08,101.42,128.48,13.75,151.8,127.6,62.37,96.58,915.53
29.3679,37.18,9.68,12.1,15.51,8.47,17.49,28.93,7.04,214.72,110.66,101.42,128.48,13.75,149.05,127.6,62.37,136.4,908.05
29.3779,48.73,15.51,19.36,18.92,12.65,21.45,33.55,10.56,212.41,110.66,101.42,125.4,16.5,149.05,127.6,62.37,180.73,905.41
29.3879,71.17,23.32,26.62,22.33,14.74,25.3,36.63,12.32,207.79,108.24,98.67,125.4,16.5,149.05,127.6,62.37,232.43,895.62
29.3979,120.78,36.96,43.56,24.09,16.94,25.3,38.17,12.32,203.17,105.93,96.03,122.21,16.5,146.3,130.46,62.37,318.12,882.97
29.4079,155.21,44.77,53.24,24.09,16.94,25.3,38.17,12.32,193.82,98.78,93.28,119.02,16.5,143.66,130.46,62.37,370.04,857.89
29.4179,147.84,46.75,53.24,24.09,14.74,29.26,38.17,12.32,182.27,94.05,87.78,112.75,16.5,143.66,130.46,62.37,366.41,829.84
29.4279,135.52,46.75,48.4,24.09,14.74,29.26,36.63,12.32,166.1,87.01,82.39,106.48,16.5,140.91,130.46,62.37,347.71,792.22
29.4379,130.57,46.75,48.4,24.09,12.65,31.24,36.63,12.32,155.43,79.86,76.89,100.21,16.5,138.16,133.32,62.37,342.65,762.74
29.4479,135.52,50.6,48.4,24.09,14.74,31.24,38.17,14.08,149.16,75.13,74.14,97.02,16.5,135.41,133.32,62.37,356.84,743.05
29.4579,142.89,54.56,50.82,25.85,14.74,33.22,39.71,14.08,140.69,72.82,71.39,93.94,16.5,135.41,136.29,62.37,375.87,729.41
29.4679,150.26,63.14,55.77,27.5,14.74,37.07,41.25,15.84,134.31,68.09,68.75,90.75,16.5,132.77,136.29,62.37,405.57,709.83
29.4779,162.58,69.74,60.39,27.5,14.74,39.05,41.25,17.6,125.84,65.67,66.0,90.75,16.5,132.77,136.29,62.37,432.85,696.19
29.4879,174.79,78.54,65.12,29.26,14.74,41.03,41.25,17.6,115.28,58.63,60.5,87.56,16.5,132.77,139.15,62.37,462.33,672.76
29.4979,186.89,87.34,69.85,31.02,14.74,42.9,42.68,17.6,105.71,53.9,55.11,81.29,16.5,130.02,142.12,64.9,493.02,649.55
29.5079,199.1,93.94,74.58,32.67,14.74,44.88,42.68,19.36,94.16,49.17,50.27,78.21,16.5,130.02,142.12,64.9,521.95,625.35
29.5179,211.2,100.54,79.31,34.43,16.94,44.88,44.22,19.36,80.85,42.13,45.43,75.02,16.5,127.27,144.98,64.9,550.88,597.08
29.5279,220.88,109.34,84.04,34.43,16.94,46.86,44.22,19.36,67.43,35.09,38.28,68.75,16.5,124.52,147.84,64.9,576.07,563.31
29.5379,228.58,115.94,86.35,36.19,16.94,48.84,45.76,21.12,52.69,25.74,33.44,62.48,16.5,121.88,150.81,64.9,599.72,528.44
29.5479,236.28,122.21,88.77,37.84,16.94,50.71,45.76,21.12,40.37,18.7,26.29,53.68,16.5,116.38,150.81,64.9,619.63,487.63
29.5579,244.09,130.57,91.08,39.6,16.94,52.69,45.76,21.12,24.53,11.66,21.56,45.21,13.75,113.63,150.81,64.9,641.85,446.05
29.5679,251.9,136.84,93.5,41.36,16.94,54.67,45.76,22.88,15.73,6.93,11.88,39.6,13.75,108.24,150.81,64.9,663.85,411.84
29.5779,259.6,141.02,95.81,43.01,16.94,54.67,45.76,22.88,12.21,4.62,9.57,31.02,11.0,102.74,150.81,64.9,679.69,386.87
29.5879,264.88,147.29,95.81,44.77,16.94,56.65,45.76,22.88,10.45,4.62,7.15,22.55,11.0,91.96,150.81,64.9,694.98,363.44
29.5979,272.58,153.56,98.23,46.53,16.94,58.63,45.76,22.88,8.69,0.0,4.73,14.08,5.5,81.07,147.84,64.9,715.11,326.81
29.6079,277.86,159.83,98.23,49.94,16.94,58.63,45.76,24.64,6.93,0.0,4.73,8.47,0.0,64.79,144.98,62.37,731.83,292.27
29.6179,280.39,164.01,98.23,51.7,16.94,60.83,45.76,24.64,6.93,0.0,4.73,0.0,0.0,49.83,139.15,57.53,742.5,258.17
29.6279,282.92,168.3,98.23,55.11,19.03,63.03,47.3,24.64,5.17,0.0,0.0,0.0,0.0,35.64,127.6,52.91,758.56,221.32
29.6379,282.92,172.81,100.54,58.63,19.03,65.34,47.3,24.64,5.17,0.0,0.0,0.0,0.0,21.34,115.94,48.73,771.21,191.18
29.6479,282.92,179.63,98.23,63.03,19.03,69.74,48.84,26.4,5.17,0.0,0.0,0.0,0.0,11.88,104.17,42.35,787.82,163.57
29.6579,280.39,181.94,98.23,69.63,19.03,74.25,51.92,28.27,5.17,0.0,0.0,0.0,0.0,7.04,80.3,33.88,803.66,126.39
29.6679,277.86,186.45,98.23,76.23,21.12,80.96,55.0,30.03,3.41,0.0,0.0,0.0,0.0,4.73,53.9,23.21,825.88,85.25
29.6779,275.22,188.76,100.54,82.83,23.21,85.47,58.3,30.03,3.41,0.0,0.0,0.0,0.0,4.73,35.97,21.12,844.36,65.23
29.6879,272.58,188.76,100.54,87.34,23.21,89.98,61.93,30.03,3.41,0.0,0.0,0.0,0.0,0.0,17.93,8.47,854.37,29.81
29.6979,270.05,190.96,100.54,93.94,25.41,94.49,63.69,31.79,5.17,0.0,0.0,0.0,0.0,0.0,17.93,6.27,870.87,29.37
29.7079,267.41,190.96,100.54,98.34,25.41,98.89,65.56,31.79,5.17,0.0,0.0,0.0,0.0,0.0,12.76,4.18,878.9,22.11
29.7179,264.88,190.96,100.54,100.54,27.5,101.2,67.32,33.55,5.17,0.0,0.0,0.0,0.0,0.0,12.76,0.0,886.49,17.93
29.7279,262.24,190.96,98.23,104.94,27.5,103.4,69.19,33.55,3.41,0.0,0.0,0.0,0.0,0.0,10.23,0.0,890.01,13.64
29.7379,259.6,188.76,98.23,107.14,25.41,103.4,69.19,33.55,3.41,0.0,0.0,0.0,0.0,0.0,10.23,0.0,885.28,13.64
29.7479,254.43,186.45,98.23,107.14,27.5,105.6,69.19,33.55,3.41,0.0,0.0,0.0,0.0,0.0,10.23,0.0,882.09,13.64
29.7579,254.43,186.45,95.81,107.14,27.5,105.6,69.19,33.55,3.41,0.0,0.0,0.0,0.0,0.0,10.23,0.0,879.67,13.64
29.7679,251.9,184.25,95.81,109.34,27.5,105.6,69.19,33.55,3.41,0.0,0.0,0.0,0.0,0.0,10.23,0.0,877.14,13.64
29.7779,251.9,184.25,95.81,109.34,25.41,105.6,67.32,33.55,3.41,0.0,0.0,0.0,0.0,0.0,10.23,0.0,873.18,13.64
29.7879,251.9,184.25,95.81,109.34,25.41,105.6,67.32,33.55,3.41,0.0,0.0,0.0,0.0,0.0,10.23,0.0,873.18,13.64
29.7979,251.9,181.94,95.81,111.54,25.41,103.4,65.56,31.79,3.41,0.0,0.0,0.0,0.0,0.0,10.23,0.0,867.35,13.64
29.8079,254.43,181.94,95.81,111.54,25.41,103.4,63.69,31.79,0.0,0.0,0.0,0.0,0.0,0.0,7.7,0.0,868.01,7.7
29.8179,254.43,181.94,95.81,111.54,25.41,103.4,61.93,31.79,0.0,0.0,0.0,0.0,0.0,0.0,7.7,0.0,866.25,7.7
29.8279,254.43,181.94,95.81,113.85,23.21,103.4,61.93,31.79,0.0,0.0,0.0,0.0,0.0,0.0,7.7,0.0,866.36,7.7
29.8379,254.43,181.94,95.81,113.85,23.21,103.4,60.06,31.79,3.41,0.0,0.0,0.0,0.0,0.0,7.7,0.0,864.49,11.11
29.8479,254.43,181.94,95.81,116.05,23.21,101.2,58.3,30.03,0.0,0.0,0.0,0.0,0.0,0.0,7.7,0.0,860.97,7.7
29.8579,254.43,181.94,93.5,116.05,23.21,101.2,58.3,30.03,0.0,0.0,0.0,0.0,0.0,0.0,7.7,0.0,858.66,7.7
29.8679,254.43,181.94,95.81,118.25,23.21,101.2,58.3,30.03,0.0,0.0,0.0,0.0,0.0,0.0,7.7,0.0,863.17,7.7
29.8779,257.07,181.94,93.5,118.25,23.21,101.2,58.3,30.03,0.0,0.0,0.0,0.0,0.0,0.0,5.06,0.0,863.5,5.06
29.8879,254.43,181.94,93.5,120.56,23.21,101.2,56.54,30.03,0.0,0.0,0.0,0.0,0.0,0.0,5.06,0.0,861.41,5.06
29.8979,257.07,181.94,93.5,120.56,23.21,101.2,56.54,30.03,0.0,0.0,0.0,0.0,0.0,0.0,5.06,0.0,864.05,5.06
29.9079,254.43,181.94,93.5,122.76,21.12,101.2,55.0,30.03,0.0,0.0,0.0,0.0,0.0,0.0,5.06,0.0,859.98,5.06
29.9179,254.43,181.94,91.08,124.96,21.12,101.2,53.46,30.03,0.0,0.0,0.0,0.0,0.0,0.0,5.06,0.0,858.22,5.06
29.9279,251.9,181.94,88.77,127.27,21.12,103.4,53.46,28.27,0.0,0.0,0.0,0.0,0.0,0.0,5.06,0.0,856.13,5.06
29.9379,249.26,179.63,88.77,131.67,21.12,103.4,55.0,30.03,0.0,0.0,0.0,0.0,0.0,0.0,5.06,0.0,858.88,5.06
29.9479,244.09,177.43,86.35,133.98,21.12,105.6,56.54,30.03,0.0,0.0,0.0,0.0,0.0,0.0,5.06,0.0,855.14,5.06
29.9579,241.45,177.43,86.35,138.38,23.21,107.91,56.54,30.03,0.0,0.0,0.0,0.0,0.0,0.0,5.06,0.0,861.3,5.06
29.9679,236.28,175.12,86.35,142.89,23.21,112.42,58.3,30.03,3.41,0.0,0.0,0.0,0.0,0.0,0.0,0.0,864.6,3.41
29.9779,231.11,170.61,84.04,147.4,23.21,114.51,60.06,31.79,3.41,0.0,0.0,0.0,0.0,0.0,0.0,0.0,862.73,3.41
29.9879,223.41,166.1,81.73,151.8,23.21,118.69,61.93,31.79,13.97,4.62,0.0,0.0,0.0,0.0,0.0,0.0,858.66,18.59
29.9979,213.62,161.92,79.31,158.51,25.41,122.98,63.69,31.79,31.57,13.97,4.73,11.22,0.0,0.0,0.0,0.0,857.23,61.49
30.0079,203.94,155.65,77.0,167.64,25.41,129.25,65.56,33.55,63.69,30.47,16.72,16.94,0.0,0.0,0.0,0.0,858.0,127.82
30.0179,186.89,145.2,72.27,174.68,27.5,133.54,67.32,33.55,98.01,46.86,28.71,28.27,0.0,0.0,0.0,0.0,840.95,201.85
30.0279,169.95,130.57,65.12,179.41,25.41,137.72,69.19,35.31,96.14,46.86,31.13,45.21,0.0,0.0,7.7,0.0,812.68,227.04
30.0379,150.26,115.94,58.08,184.14,27.5,142.01,70.95,37.07,107.58,51.59,35.86,50.82,0.0,14.19,17.93,0.0,785.95,277.97
30.0479,128.15,100.54,50.82,188.87,27.5,146.19,72.82,37.07,125.84,58.63,43.12,53.68,0.0,26.07,23.1,4.18,751.96,334.62
30.0579,104.28,82.94,41.14,193.6,27.5,148.39,74.58,37.07,132.22,65.67,45.43,59.4,5.5,37.95,33.33,8.47,709.5,387.97
30.0679,82.17,65.34,29.04,193.6,25.41,150.48,74.58,37.07,136.4,75.13,47.85,68.75,8.25,47.52,41.03,10.56,657.69,435.49
30.0779,60.17,50.6,19.36,193.6,25.41,150.48,74.58,37.07,144.87,82.28,50.27,78.21,8.25,54.56,43.67,12.65,611.27,474.76
30.0879,37.18,35.09,14.52,186.56,23.21,148.39,72.82,37.07,151.25,89.32,52.69,87.56,8.25,59.4,46.2,14.74,554.84,509.41
30.0979,25.52,25.3,9.68,179.41,21.12,148.39,70.95,35.31,157.63,96.47,55.11,97.02,5.5,64.79,48.73,14.74,515.68,539.99
30.1079,18.59,17.49,7.26,163.02,19.03,142.01,69.19,33.55,161.81,101.2,55.11,103.29,5.5,70.18,48.73,16.94,470.14,562.76
30.1179,13.86,13.64,4.84,147.4,14.74,137.72,63.69,33.55,168.41,105.93,57.75,112.75,8.25,75.68,51.37,19.03,429.44,599.17
30.1279,13.86,9.68,4.84,124.96,10.56,131.45,58.3,31.79,173.03,110.66,60.5,119.02,8.25,78.32,53.9,19.03,385.44,622.71
30.1379,11.55,9.68,0.0,104.94,8.47,125.07,53.46,31.79,177.65,115.5,60.5,125.4,8.25,83.82,56.54,21.12,344.96,648.78
30.1479,9.24,7.7,0.0,82.83,4.18,116.6,45.76,31.79,179.96,118.03,63.25,131.67,11.0,89.21,59.51,21.12,298.1,673.75
30.1579,9.24,7.7,0.0,63.03,0.0,107.91,39.71,33.55,182.27,123.09,66.0,137.94,11.0,91.96,62.48,23.21,261.14,697.95
30.1679,6.93,7.7,0.0,46.53,0.0,96.69,32.01,33.55,186.89,128.04,66.0,147.51,11.0,97.35,65.45,25.41,223.41,727.65
30.1779,6.93,5.83,0.0,32.67,0.0,83.27,25.96,35.31,189.2,133.1,68.75,153.78,13.75,100.1,68.42,25.41,189.97,752.51
30.1879,6.93,5.83,0.0,20.68,0.0,65.34,19.8,37.07,193.82,138.05,68.75,163.24,13.75,105.49,68.42,27.5,155.65,779.02
30.1979,4.62,5.83,0.0,13.75,0.0,44.88,13.75,35.31,196.24,145.64,68.75,172.81,13.75,110.99,71.39,27.5,118.14,807.07
30.2079,4.62,3.85,0.0,11.99,0.0,21.45,9.13,30.03,200.86,150.59,71.39,185.57,13.75,116.38,74.36,29.59,81.07,842.49
30.2179,4.62,3.85,0.0,10.34,0.0,11.66,6.05,21.12,203.17,155.65,71.39,195.14,16.5,121.88,74.36,29.59,57.64,867.68
30.2279,4.62,3.85,0.0,8.58,0.0,11.66,4.51,8.8,205.48,160.6,74.14,204.82,16.5,127.27,77.33,31.79,42.02,897.93
30.2379,6.93,3.85,0.0,8.58,0.0,9.68,2.97,5.28,205.48,163.13,74.14,214.39,16.5,132.77,80.3,31.79,37.29,918.5
30.2479,4.62,3.85,0.0,8.58,0.0,9.68,2.97,5.28,203.17,163.13,74.14,224.07,19.25,138.16,83.27,33.88,34.98,939.07
30.2579,6.93,3.85,0.0,6.82,0.0,7.81,2.97,3.52,198.55,163.13,74.14,229.79,19.25,143.66,86.35,33.88,31.9,948.75
30.2679,4.62,3.85,0.0,6.82,0.0,7.81,2.97,3.52,193.82,163.13,74.14,235.62,19.25,146.3,89.32,35.97,29.59,957.55
30.2779,4.62,3.85,0.0,6.82,0.0,7.81,2.97,3.52,186.89,158.07,74.14,244.42,19.25,154.55,92.29,35.97,29.59,965.58
30.2879,6.93,3.85,0.0,6.82,0.0,7.81,0.0,3.52,179.96,155.65,71.39,247.28,22.0,159.94,98.23,38.06,28.93,972.51
30.2979,4.62,0.0,0.0,6.82,0.0,7.81,2.97,0.0,170.72,150.59,71.39,253.11,22.0,165.44,101.2,38.06,22.22,972.51
30.3079,4.62,0.0,0.0,5.17,0.0,5.83,0.0,3.52,163.9,145.64,68.75,258.94,22.0,168.19,104.17,40.26,19.14,971.85
30.3179,4.62,0.0,0.0,5.17,0.0,5.83,0.0,0.0,155.43,140.58,66.0,261.8,24.75,173.47,107.14,42.35,15.62,971.52
30.3279,4.62,0.0,0.0,5.17,0.0,5.83,0.0,0.0,146.96,135.52,63.25,267.63,24.75,178.86,110.22,42.35,15.62,969.54
30.3379,4.62,0.0,0.0,5.17,0.0,5.83,0.0,0.0,138.49,128.04,60.5,273.46,24.75,184.25,115.94,44.44,15.62,969.87
30.3479,4.62,0.0,0.0,5.17,0.0,5.83,0.0,0.0,130.02,120.56,57.75,276.43,27.5,189.64,118.91,46.53,15.62,967.34
30.3579,4.62,0.0,0.0,3.41,0.0,3.85,0.0,0.0,119.46,113.08,55.11,279.51,27.5,195.03,121.77,46.53,11.88,957.99
30.3679,4.62,0.0,0.0,3.41,0.0,3.85,0.0,0.0,111.43,105.93,52.69,282.7,27.5,197.67,124.63,48.73,11.88,951.28
30.3779,4.62,0.0,0.0,3.41,0.0,3.85,2.97,0.0,101.86,98.78,50.27,285.89,27.5,203.06,127.6,50.82,14.85,945.78
30.3879,0.0,0.0,0.0,3.41,0.0,3.85,2.97,0.0,94.16,91.74,47.85,288.97,27.5,208.45,130.46,52.91,10.23,942.04
30.3979,0.0,0.0,0.0,3.41,0.0,3.85,2.97,0.0,86.57,84.59,45.43,292.16,30.25,211.2,133.32,55.11,10.23,938.63
30.4079,0.0,0.0,0.0,0.0,0.0,3.85,4.51,0.0,78.98,79.86,43.12,292.16,30.25,216.59,139.15,57.53,8.36,937.64
30.4179,0.0,0.0,0.0,0.0,0.0,3.85,4.51,0.0,71.28,72.82,40.7,292.16,30.25,219.23,142.12,62.37,8.36,930.93
30.4279,0.0,0.0,0.0,0.0,0.0,0.0,4.51,0.0,63.69,68.09,35.86,292.16,30.25,224.73,147.84,67.32,4.51,929.94
30.4379,0.0,0.0,0.0,0.0,0.0,0.0,4.51,0.0,56.21,60.94,33.44,292.16,30.25,227.48,153.67,72.16,4.51,926.31
30.4479,0.0,0.0,0.0,0.0,0.0,0.0,6.05,0.0,50.93,56.21,31.13,292.16,33.0,230.34,159.5,74.69,6.05,927.96
30.4579,0.0,0.0,0.0,0.0,0.0,0.0,4.51,0.0,43.89,49.17,28.71,288.97,33.0,235.95,162.36,79.53,4.51,921.58
30.4679,0.0,0.0,0.0,0.0,0.0,0.0,4.51,0.0,38.61,44.55,26.29,285.89,33.0,235.95,168.3,84.48,4.51,917.07
30.4779,0.0,0.0,0.0,0.0,0.0,0.0,2.97,0.0,31.57,39.82,21.56,279.51,33.0,241.45,177.21,86.9,2.97,911.02
30.4879,0.0,0.0,0.0,0.0,0.0,0.0,2.97,0.0,24.53,32.78,19.14,276.43,33.0,241.45,183.15,91.74,2.97,902.22
30.4979,0.0,0.0,0.0,0.0,0.0,0.0,2.97,0.0,19.25,25.74,14.3,273.46,33.0,247.06,189.09,94.27,2.97,896.17
30.5079,0.0,0.0,0.0,0.0,0.0,0.0,0.0,0.0,17.49,21.01,11.88,267.63,33.0,247.06,195.14,99.11,0.0,892.32
30.5179,0.0,0.0,0.0,0.0,0.0,0.0,0.0,0.0,13.97,16.39,11.88,258.94,33.0,249.92,201.08,104.06,0.0,889.24
30.5279,0.0,0.0,0.0,0.0,0.0,0.0,0.0,0.0,12.21,11.66,9.57,250.14,33.0,249.92,207.02,108.9,0.0,882.42
30.5379,0.0,0.0,0.0,0.0,0.0,0.0,0.0,0.0,10.45,11.66,9.57,238.59,30.25,252.67,212.96,111.32,0.0,877.47
30.5479,0.0,0.0,0.0,0.0,0.0,0.0,0.0,0.0,10.45,9.35,7.15,224.07,30.25,252.67,218.9,116.05,0.0,868.89
30.5579,0.0,0.0,0.0,0.0,0.0,0.0,0.0,0.0,8.69,6.93,4.73,208.01,27.5,255.42,221.98,120.45,0.0,853.71
30.5679,0.0,0.0,0.0,0.0,0.0,0.0,0.0,0.0,6.93,6.93,4.73,191.95,27.5,255.42,227.59,127.16,0.0,848.21
30.5779,0.0,0.0,0.0,0.0,0.0,0.0,0.0,0.0,6.93,4.62,0.0,172.81,24.75,255.42,233.2,131.67,0.0,829.4
30.5879,4.62,0.0,0.0,0.0,0.0,0.0,0.0,0.0,6.93,4.62,0.0,153.78,22.0,252.67,236.06,138.38,4.62,814.44
30.5979,6.93,0.0,0.0,0.0,0.0,0.0,0.0,0.0,5.17,0.0,0.0,134.86,19.25,249.92,238.92,142.89,6.93,791.01
30.6079,23.21,3.85,0.0,0.0,0.0,0.0,0.0,0.0,5.17,0.0,0.0,115.94,16.5,244.31,241.67,149.6,27.06,773.19
30.6179,82.17,15.51,0.0,0.0,0.0,0.0,0.0,0.0,5.17,0.0,0.0,97.02,13.75,241.45,241.67,154.0,97.68,753.06
30.6279,264.88,48.73,9.68,3.41,0.0,0.0,2.97,0.0,5.17,0.0,0.0,78.21,11.0,233.09,244.53,158.51,329.67,730.51
30.6379,259.6,60.94,24.2,5.17,0.0,0.0,0.0,0.0,3.41,0.0,0.0,59.4,5.5,221.98,244.53,163.02,349.91,697.84
30.6479,246.73,80.74,38.72,8.58,0.0,3.85,0.0,0.0,3.41,0.0,0.0,39.6,0.0,203.06,244.53,167.53,378.62,658.13
30.6579,244.09,102.74,48.4,15.51,0.0,3.85,0.0,0.0,3.41,0.0,0.0,25.41,0.0,178.86,241.67,169.73,414.59,619.08
30.6679,241.45,120.12,53.24,24.09,0.0,3.85,0.0,0.0,0.0,0.0,0.0,14.08,0.0,143.66,236.06,169.73,442.75,563.53
30.6779,244.09,136.84,60.39,29.26,0.0,5.83,0.0,0.0,0.0,0.0,0.0,11.22,0.0,100.1,224.73,165.22,476.41,501.27
30.6879,238.92,147.29,62.81,37.84,0.0,9.68,2.97,0.0,0.0,0.0,0.0,11.22,0.0,62.04,201.08,156.31,499.51,430.65
30.6979,241.45,157.74,69.85,49.94,0.0,15.62,2.97,3.52,0.0,0.0,0.0,8.47,0.0,40.37,159.5,140.58,541.09,348.92
30.7079,251.9,170.61,79.31,55.11,0.0,25.3,4.51,5.28,0.0,0.0,0.0,8.47,0.0,28.49,107.14,124.96,592.02,269.06
30.7178,264.88,181.94,88.77,60.83,0.0,39.05,9.13,10.56,0.0,0.0,0.0,5.61,0.0,23.65,71.39,104.06,655.16,204.71
30.7278,282.92,195.58,100.54,65.23,0.0,52.69,19.8,14.08,0.0,0.0,0.0,0.0,0.0,18.92,51.37,81.95,730.84,152.24
30.7378,298.21,204.6,114.84,65.23,6.27,60.83,32.01,15.84,0.0,0.0,0.0,0.0,0.0,16.61,38.5,55.11,797.83,110.22
30.7478,305.91,209.11,124.74,67.43,12.65,65.34,42.68,19.36,0.0,0.0,0.0,0.0,0.0,9.46,25.63,29.59,847.22,64.68
30.7578,311.08,211.42,129.69,67.43,16.94,69.74,48.84,21.12,0.0,0.0,0.0,0.0,0.0,7.04,17.93,8.47,876.26,33.44
30.7678,313.61,213.73,134.64,69.63,19.03,74.25,51.92,22.88,0.0,0.0,0.0,0.0,0.0,4.73,12.76,4.18,899.69,21.67
30.7778,313.61,215.93,134.64,71.83,19.03,76.56,56.54,22.88,0.0,0.0,0.0,0.0,0.0,0.0,10.23,0.0,911.02,10.23
30.7878,311.08,215.93,134.64,74.03,21.12,78.76,58.3,24.64,0.0,0.0,0.0,0.0,0.0,0.0,7.7,0.0,918.5,7.7
30.7978,308.44,215.93,134.64,71.83,23.21,78.76,60.06,22.88,0.0,0.0,0.0,0.0,0.0,0.0,7.7,0.0,915.75,7.7
30.8078,305.91,213.73,132.22,71.83,23.21,80.96,63.69,24.64,0.0,0.0,0.0,0.0,0.0,0.0,7.7,0.0,916.19,7.7
30.8178,303.38,209.11,129.69,71.83,25.41,78.76,65.56,24.64,0.0,0.0,0.0,0.0,0.0,0.0,5.06,0.0,908.38,5.06
30.8278,298.21,202.4,127.27,71.83,25.41,80.96,65.56,24.64,0.0,0.0,0.0,0.0,0.0,0.0,5.06,0.0,896.28,5.06
30.8378,293.15,197.78,124.74,69.63,27.5,78.76,67.32,24.64,0.0,0.0,0.0,0.0,0.0,0.0,5.06,0.0,883.52,5.06
30.8478,287.98,190.96,122.32,69.63,27.5,78.76,67.32,24.64,0.0,0.0,0.0,0.0,0.0,0.0,5.06,0.0,869.11,5.06
30.8578,280.39,184.25,117.37,67.43,29.59,76.56,69.19,24.64,0.0,0.0,0.0,0.0,0.0,0.0,0.0,0.0,849.42,0.0
30.8678,275.22,179.63,114.84,67.43,29.59,78.76,70.95,24.64,0.0,0.0,0.0,0.0,0.0,0.0,0.0,0.0,841.06,0.0
30.8778,270.05,172.81,112.42,67.43,29.59,78.76,70.95,24.64,0.0,0.0,0.0,0.0,0.0,0.0,0.0,0.0,826.65,0.0
30.8878,264.88,168.3,110.0,67.43,31.68,78.76,72.82,22.88,0.0,0.0,0.0,0.0,0.0,0.0,0.0,0.0,816.75,0.0
30.8978,259.6,166.1,107.69,67.43,31.68,78.76,74.58,24.64,0.0,0.0,0.0,0.0,0.0,0.0,0.0,0.0,810.48,0.0
30.9078,257.07,161.92,107.69,67.43,33.88,78.76,76.45,22.88,0.0,0.0,0.0,0.0,0.0,0.0,0.0,0.0,806.08,0.0
30.9178,254.43,159.83,105.27,67.43,35.97,78.76,80.08,24.64,0.0,0.0,0.0,0.0,0.0,0.0,0.0,0.0,806.41,0.0
30.9278,251.9,155.65,105.27,67.43,35.97,80.96,81.84,24.64,0.0,0.0,0.0,0.0,0.0,0.0,0.0,0.0,803.66,0.0
30.9378,249.26,153.56,105.27,69.63,38.06,83.27,83.71,24.64,0.0,0.0,0.0,0.0,0.0,0.0,0.0,0.0,807.4,0.0
30.9478,246.73,151.47,105.27,69.63,38.06,85.47,85.47,24.64,0.0,0.0,0.0,0.0,0.0,0.0,0.0,0.0,806.74,0.0
30.9578,244.09,149.38,105.27,74.03,40.15,87.67,87.23,24.64,0.0,0.0,0.0,0.0,0.0,0.0,0.0,0.0,812.46,0.0
30.9678,241.45,145.2,105.27,76.23,40.15,89.98,90.86,24.64,0.0,0.0,0.0,0.0,0.0,0.0,0.0,0.0,813.78,0.0
30.9778,236.28,143.11,105.27,78.43,42.35,94.49,94.49,26.4,0.0,0.0,0.0,0.0,0.0,0.0,0.0,0.0,820.82,0.0
30.9878,231.11,141.02,105.27,78.43,44.44,96.69,98.12,26.4,0.0,0.0,0.0,0.0,0.0,0.0,0.0,0.0,821.48,0.0
30.9978,228.58,136.84,105.27,82.83,46.53,101.2,103.62,28.27,0.0,0.0,0.0,0.0,0.0,0.0,0.0,0.0,833.14,0.0
31.0078,220.88,132.66,105.27,85.03,46.53,105.6,109.01,28.27,0.0,0.0,0.0,0.0,0.0,0.0,0.0,0.0,833.25,0.0
31.0178,216.04,128.48,105.27,87.34,48.62,112.42,116.49,30.03,0.0,0.0,0.0,0.0,0.0,0.0,0.0,0.0,844.69,0.0
31.0278,208.78,124.3,105.27,89.54,50.82,116.6,124.52,30.03,0.0,0.0,0.0,0.0,0.0,0.0,0.0,0.0,849.86,0.0
31.0378,201.52,118.03,102.96,91.74,52.91,120.78,132.55,31.79,0.0,0.0,0.0,0.0,0.0,0.0,0.0,0.0,852.28,0.0
31.0478,189.31,111.54,100.54,96.14,55.0,127.16,142.67,31.79,0.0,0.0,0.0,0.0,0.0,0.0,0.0,0.0,854.15,0.0
31.0578,179.63,102.74,95.81,98.34,57.2,133.54,152.79,33.55,0.0,0.0,0.0,0.0,0.0,0.0,0.0,0.0,853.6,0.0
31.0678,167.53,93.94,91.08,100.54,59.4,137.72,162.8,35.31,0.0,0.0,0.0,0.0,0.0,0.0,0.0,0.0,848.32,0.0
31.0778,152.68,85.14,84.04,102.74,61.71,144.1,175.12,38.83,0.0,0.0,0.0,0.0,0.0,0.0,0.0,0.0,844.36,0.0
31.0878,133.1,74.14,77.0,104.94,64.02,150.48,185.46,40.59,0.0,0.0,0.0,0.0,0.0,0.0,0.0,0.0,829.73,0.0
31.0978,115.83,65.34,67.54,107.14,64.02,154.66,195.8,44.11,0.0,0.0,0.0,0.0,0.0,0.0,0.0,0.0,814.44,0.0
31.1078,95.48,54.56,55.77,111.54,66.33,161.04,204.05,45.87,0.0,0.0,0.0,0.0,0.0,0.0,0.0,0.0,794.64,0.0
31.1178,75.57,42.79,45.98,113.85,66.33,167.53,210.32,49.39,0.0,0.0,0.0,0.0,0.0,0.0,0.0,0.0,771.76,0.0
31.1278,53.35,33.11,33.88,113.85,64.02,171.93,216.48,51.15,0.0,0.0,0.0,0.0,0.0,0.0,0.0,0.0,737.77,0.0
31.1378,37.18,23.32,21.78,113.85,64.02,174.13,224.84,52.91,6.93,0.0,0.0,0.0,0.0,0.0,0.0,0.0,712.03,6.93
31.1478,27.83,17.49,16.94,111.54,59.4,176.33,229.24,54.67,21.01,0.0,0.0,0.0,0.0,0.0,0.0,0.0,693.44,21.01
31.1578,20.9,13.64,12.1,107.14,55.0,178.53,233.64,58.52,99.99,18.7,0.0,0.0,0.0,0.0,0.0,0.0,679.47,118.69
31.1678,16.17,9.68,7.26,98.34,50.82,176.33,233.64,60.5,205.48,51.59,14.3,0.0,0.0,0.0,0.0,0.0,652.74,271.37
31.1778,11.55,7.7,4.84,80.63,44.44,171.93,238.04,62.59,205.48,75.13,28.71,19.8,0.0,0.0,0.0,0.0,621.72,329.12
31.1878,9.24,5.83,0.0,63.03,35.97,165.33,235.84,66.55,214.72,103.51,40.7,39.6,0.0,0.0,0.0,0.0,581.79,398.53
31.1978,9.24,5.83,0.0,46.53,27.5,156.86,231.44,70.62,210.1,120.56,43.12,68.75,0.0,4.73,5.06,0.0,548.02,452.32
31.2078,6.93,5.83,0.0,31.02,19.03,142.01,224.84,70.62,203.17,130.57,45.43,90.75,0.0,26.07,7.7,0.0,500.28,503.69
31.2178,4.62,3.85,0.0,18.92,10.56,120.78,212.41,74.69,198.55,135.52,47.85,106.48,0.0,47.52,12.76,4.18,445.83,552.86
31.2278,0.0,3.85,0.0,11.99,6.27,94.49,197.89,74.69,200.86,145.64,52.69,119.02,0.0,67.54,17.93,8.47,389.18,612.15
31.2378,0.0,3.85,0.0,10.34,4.18,63.03,177.21,72.6,205.48,153.12,55.11,128.48,0.0,78.32,28.27,12.65,331.21,661.43
31.2478,0.0,3.85,0.0,8.58,4.18,37.07,134.64,66.55,210.1,160.6,57.75,137.94,0.0,86.46,38.5,14.74,254.87,706.09
31.2578,0.0,0.0,0.0,6.82,4.18,23.43,90.86,54.67,219.34,168.19,60.5,144.32,5.5,91.96,46.2,19.03,179.96,755.04
31.2678,0.0,0.0,0.0,5.17,0.0,17.49,50.38,42.35,224.07,175.45,63.25,153.78,5.5,97.35,48.73,19.03,115.39,787.16
31.2778,0.0,0.0,0.0,5.17,0.0,13.64,32.01,30.03,224.07,180.29,63.25,166.43,8.25,102.74,53.9,21.12,80.85,820.05
31.2878,0.0,0.0,0.0,3.41,0.0,9.68,22.88,17.6,221.65,187.55,63.25,179.19,8.25,108.24,56.54,23.21,53.57,847.88
31.2978,0.0,0.0,0.0,0.0,0.0,7.81,16.72,8.8,217.03,189.97,63.25,195.14,8.25,110.99,56.54,25.41,33.33,866.58
31.3078,0.0,0.0,0.0,0.0,0.0,5.83,10.67,3.52,210.1,192.39,60.5,211.2,11.0,116.38,59.51,25.41,20.02,886.49
31.3178,0.0,0.0,0.0,0.0,0.0,3.85,9.13,0.0,205.48,192.39,60.5,224.07,11.0,121.88,62.48,27.5,12.98,905.3
31.3278,0.0,0.0,0.0,0.0,0.0,3.85,7.59,0.0,198.55,192.39,60.5,232.76,11.0,127.27,65.45,29.59,11.44,917.51
31.3378,0.0,0.0,0.0,0.0,0.0,0.0,6.05,0.0,191.51,189.97,57.75,244.42,11.0,132.77,65.45,31.79,6.05,924.66
31.3478,4.62,0.0,0.0,0.0,0.0,0.0,4.51,0.0,184.58,185.13,57.75,250.14,13.75,135.41,68.42,31.79,9.13,926.97
31.3578,0.0,0.0,0.0,0.0,0.0,0.0,2.97,0.0,177.65,180.29,57.75,255.97,13.75,140.91,71.39,31.79,2.97,929.5
31.3678,0.0,0.0,0.0,0.0,0.0,0.0,0.0,0.0,170.72,175.45,55.11,258.94,13.75,143.66,74.36,33.88,0.0,925.87
31.3778,4.62,0.0,0.0,0.0,0.0,0.0,0.0,0.0,161.81,168.19,55.11,264.77,13.75,143.66,77.33,33.88,4.62,918.5
31.3878,4.62,0.0,0.0,0.0,0.0,0.0,0.0,0.0,155.43,163.13,52.69,264.77,13.75,146.3,80.3,35.97,4.62,912.34
31.3978,0.0,0.0,0.0,0.0,0.0,0.0,0.0,0.0,149.16,155.65,52.69,264.77,13.75,149.05,80.3,35.97,0.0,901.34
31.4078,4.62,0.0,0.0,0.0,0.0,0.0,0.0,0.0,144.87,150.59,50.27,264.77,16.5,149.05,80.3,35.97,4.62,892.32
31.4178,0.0,0.0,0.0,0.0,0.0,0.0,0.0,0.0,138.49,145.64,50.27,264.77,16.5,151.8,80.3,35.97,0.0,883.74
31.4278,0.0,0.0,0.0,0.0,0.0,0.0,0.0,0.0,134.31,140.58,50.27,267.63,16.5,154.55,83.27,35.97,0.0,883.08
31.4378,0.0,0.0,0.0,0.0,0.0,0.0,0.0,0.0,127.93,133.1,47.85,267.63,16.5,157.19,83.27,38.06,0.0,871.53
31.4478,0.0,0.0,0.0,0.0,0.0,0.0,0.0,0.0,121.55,128.04,47.85,273.46,16.5,159.94,86.35,38.06,0.0,871.75
31.4578,0.0,0.0,0.0,0.0,0.0,0.0,0.0,0.0,115.28,123.09,45.43,276.43,16.5,165.44,89.32,38.06,0.0,869.55
31.4678,0.0,0.0,0.0,0.0,0.0,0.0,0.0,0.0,107.58,115.5,45.43,282.7,16.5,170.83,89.32,40.26,0.0,868.12
31.4778,0.0,0.0,0.0,0.0,0.0,0.0,0.0,0.0,101.86,110.66,43.12,285.89,16.5,176.22,92.29,40.26,0.0,866.8
31.4878,0.0,0.0,0.0,0.0,0.0,0.0,0.0,0.0,96.14,103.51,43.12,288.97,16.5,181.61,95.26,40.26,0.0,865.37
31.4978,0.0,0.0,0.0,0.0,0.0,0.0,0.0,0.0,90.42,98.78,40.7,295.35,19.25,187.0,98.23,42.35,0.0,872.08
31.5078,0.0,0.0,0.0,0.0,0.0,0.0,0.0,0.0,84.7,91.74,38.28,298.43,19.25,192.39,101.2,42.35,0.0,868.34
31.5178,0.0,0.0,0.0,0.0,0.0,0.0,0.0,0.0,78.98,87.01,38.28,301.62,19.25,200.42,107.14,44.44,0.0,877.14
31.5278,0.0,0.0,0.0,0.0,0.0,0.0,0.0,0.0,71.28,79.86,35.86,308.0,19.25,208.45,110.22,48.73,0.0,881.65
31.5378,0.0,0.0,0.0,0.0,0.0,0.0,0.0,0.0,63.69,75.13,35.86,314.27,19.25,216.59,113.08,50.82,0.0,888.69
31.5478,0.0,0.0,0.0,0.0,0.0,0.0,0.0,0.0,56.21,68.09,31.13,317.46,19.25,221.98,118.91,55.11,0.0,888.14
31.5578,0.0,0.0,0.0,0.0,0.0,0.0,0.0,0.0,49.17,60.94,28.71,320.54,22.0,230.34,127.6,62.37,0.0,901.67
31.5678,0.0,0.0,0.0,0.0,0.0,0.0,0.0,0.0,42.13,53.9,26.29,320.54,22.0,235.95,133.32,67.32,0.0,901.45
31.5778,0.0,0.0,0.0,0.0,0.0,0.0,0.0,0.0,36.85,49.17,23.87,317.46,24.75,241.45,142.12,72.16,0.0,907.83
31.5878,0.0,0.0,0.0,0.0,0.0,0.0,0.0,0.0,29.81,44.55,19.14,317.46,24.75,247.06,150.81,79.53,0.0,913.11
31.5978,0.0,0.0,0.0,0.0,0.0,0.0,0.0,0.0,24.53,37.51,14.3,314.27,24.75,249.92,159.5,84.48,0.0,909.26
31.6078,0.0,0.0,0.0,0.0,0.0,0.0,0.0,0.0,19.25,30.47,11.88,311.08,24.75,255.42,171.27,89.32,0.0,913.44
31.6178,0.0,0.0,0.0,0.0,0.0,0.0,0.0,0.0,17.49,23.43,9.57,308.0,27.5,258.28,180.18,91.74,0.0,916.19
31.6278,0.0,0.0,0.0,0.0,0.0,0.0,0.0,0.0,13.97,18.7,9.57,298.43,27.5,261.03,186.12,96.69,0.0,912.01
31.6378,0.0,0.0,0.0,0.0,0.0,0.0,0.0,0.0,10.45,13.97,7.15,288.97,27.5,263.89,195.14,99.11,0.0,906.18
31.6478,0.0,0.0,0.0,0.0,0.0,0.0,0.0,0.0,8.69,11.66,7.15,273.46,27.5,263.89,201.08,104.06,0.0,897.49
31.6578,0.0,0.0,0.0,0.0,0.0,0.0,0.0,0.0,8.69,9.35,4.73,255.97,24.75,266.64,207.02,106.48,0.0,883.63
31.6678,0.0,0.0,0.0,0.0,0.0,0.0,0.0,0.0,6.93,6.93,0.0,238.59,22.0,266.64,212.96,111.32,0.0,865.37
31.6778,0.0,0.0,0.0,0.0,0.0,0.0,0.0,0.0,6.93,4.62,0.0,220.77,22.0,266.64,215.93,116.05,0.0,852.94
31.6878,4.62,0.0,0.0,0.0,0.0,0.0,0.0,0.0,5.17,4.62,0.0,198.44,16.5,266.64,218.9,120.45,4.62,830.72
31.6978,16.17,0.0,0.0,0.0,0.0,0.0,0.0,0.0,5.17,4.62,0.0,176.0,13.75,263.89,221.98,127.16,16.17,812.57
31.7078,57.97,7.7,0.0,0.0,0.0,0.0,0.0,0.0,5.17,0.0,0.0,150.59,11.0,261.03,221.98,136.18,65.67,785.95
31.7178,191.73,38.94,7.26,0.0,0.0,0.0,0.0,0.0,3.41,0.0,0.0,122.21,8.25,255.42,224.73,147.29,237.93,761.31
31.7278,236.28,58.74,26.62,0.0,0.0,0.0,0.0,0.0,3.41,0.0,0.0,97.02,5.5,244.31,227.59,154.0,321.64,731.83
31.7378,228.58,80.74,43.56,15.51,0.0,0.0,0.0,0.0,0.0,0.0,0.0,65.67,0.0,227.48,227.59,160.71,368.39,681.45
31.7478,228.58,107.14,55.77,22.33,0.0,5.83,0.0,3.52,0.0,0.0,0.0,42.35,0.0,200.42,227.59,165.22,423.17,635.58
31.7578,233.75,124.3,67.54,32.67,0.0,11.66,2.97,5.28,0.0,0.0,0.0,25.41,0.0,162.69,221.98,167.53,478.17,577.61
31.7678,241.45,138.93,74.58,39.6,0.0,23.43,6.05,8.8,0.0,0.0,0.0,19.8,5.5,108.24,207.02,163.02,532.84,503.58
31.7778,241.45,145.2,81.73,44.77,0.0,37.07,13.75,10.56,0.0,0.0,0.0,16.94,5.5,62.04,171.27,149.6,574.53,405.35
31.7878,246.73,153.56,91.08,48.18,4.18,48.84,27.5,14.08,0.0,0.0,0.0,14.08,5.5,40.37,118.91,133.87,634.15,312.73
31.7978,259.6,166.1,102.96,51.7,8.47,58.63,39.71,19.36,0.0,0.0,0.0,11.22,5.5,30.8,74.36,116.05,706.53,237.93
31.8078,272.58,172.81,112.42,53.35,12.65,65.34,48.84,21.12,0.0,0.0,0.0,8.47,0.0,23.65,53.9,89.32,759.11,175.34
31.8178,282.92,181.94,124.74,55.11,16.94,72.05,58.3,24.64,0.0,0.0,0.0,5.61,0.0,16.61,38.5,57.53,816.64,118.25
31.8278,293.15,186.45,134.64,56.87,21.12,76.56,69.19,26.4,0.0,0.0,0.0,0.0,0.0,11.88,23.1,25.41,864.38,60.39
31.8378,295.68,188.76,139.59,58.63,25.41,80.96,78.21,28.27,0.0,0.0,0.0,0.0,0.0,4.73,15.4,4.18,895.51,24.31
31.8478,295.68,186.45,142.12,58.63,27.5,83.27,85.47,28.27,0.0,0.0,0.0,0.0,0.0,4.73,12.76,0.0,907.39,17.49
31.8578,290.62,184.25,142.12,58.63,29.59,87.67,92.73,30.03,0.0,0.0,0.0,0.0,0.0,0.0,10.23,0.0,915.64,10.23
31.8678,285.45,179.63,142.12,60.83,31.68,89.98,101.75,30.03,0.0,0.0,0.0,0.0,0.0,0.0,7.7,0.0,921.47,7.7
31.8778,275.22,172.81,139.59,60.83,35.97,94.49,109.01,31.79,0.0,0.0,0.0,0.0,0.0,0.0,5.06,0.0,919.71,5.06
31.8878,267.41,166.1,137.17,60.83,38.06,96.69,118.47,31.79,0.0,0.0,0.0,0.0,0.0,0.0,0.0,0.0,916.52,0.0
31.8978,257.07,159.83,134.64,60.83,40.15,98.89,126.5,33.55,0.0,0.0,0.0,0.0,0.0,0.0,0.0,0.0,911.46,0.0
31.9078,246.73,149.38,132.22,60.83,42.35,103.4,134.64,35.31,0.0,0.0,0.0,0.0,0.0,0.0,0.0,0.0,904.86,0.0
31.9178,238.92,143.11,127.27,58.63,44.44,103.4,142.67,37.07,0.0,0.0,0.0,0.0,0.0,0.0,0.0,0.0,895.51,0.0
31.9278,228.58,134.75,124.74,58.63,46.53,105.6,150.7,37.07,0.0,0.0,0.0,0.0,0.0,0.0,0.0,0.0,886.6,0.0
31.9378,216.04,128.48,119.79,58.63,46.53,107.91,156.75,38.83,0.0,0.0,0.0,0.0,0.0,0.0,0.0,0.0,872.96,0.0
31.9478,206.36,120.12,112.42,58.63,48.62,107.91,160.82,38.83,0.0,0.0,0.0,0.0,0.0,0.0,0.0,0.0,853.71,0.0
31.9578,196.68,111.54,107.69,58.63,48.62,110.11,164.89,38.83,0.0,0.0,0.0,0.0,0.0,0.0,0.0,0.0,836.99,0.0
31.9678,184.47,104.94,100.54,58.63,50.82,112.42,166.87,38.83,0.0,0.0,0.0,0.0,0.0,0.0,0.0,0.0,817.52,0.0
31.9778,172.37,96.14,93.5,60.83,50.82,112.42,170.94,40.59,0.0,0.0,0.0,0.0,0.0,0.0,0.0,0.0,797.61,0.0
31.9878,165.0,89.54,88.77,60.83,52.91,114.51,173.03,40.59,0.0,0.0,0.0,0.0,0.0,0.0,0.0,0.0,785.18,0.0
31.9978,152.68,80.74,81.73,60.83,52.91,116.6,177.21,40.59,0.0,0.0,0.0,0.0,0.0,0.0,0.0,0.0,763.29,0.0
32.0078,142.89,74.14,77.0,60.83,52.91,116.6,181.28,40.59,0.0,0.0,0.0,0.0,0.0,0.0,0.0,0.0,746.24,0.0
32.0178,130.57,67.54,72.27,60.83,52.91,118.69,183.37,42.35,0.0,0.0,0.0,0.0,0.0,0.0,0.0,0.0,728.53,0.0
32.0278,118.36,60.94,65.12,63.03,55.0,120.78,187.55,42.35,0.0,0.0,0.0,0.0,0.0,0.0,0.0,0.0,713.13,0.0
32.0378,108.68,54.56,60.39,63.03,55.0,122.98,191.62,42.35,0.0,0.0,0.0,0.0,0.0,0.0,0.0,0.0,698.61,0.0
32.0478,99.88,48.73,55.77,65.23,55.0,125.07,193.71,42.35,0.0,0.0,0.0,0.0,0.0,0.0,0.0,0.0,685.74,0.0
32.0578,88.88,42.79,50.82,65.23,57.2,129.25,199.98,44.11,0.0,0.0,0.0,0.0,0.0,0.0,0.0,0.0,678.26,0.0
32.0678,77.77,38.94,43.56,67.43,57.2,133.54,206.14,44.11,0.0,0.0,0.0,0.0,0.0,0.0,0.0,0.0,668.69,0.0
32.0778,68.97,35.09,38.72,69.63,57.2,135.63,216.48,45.87,0.0,0.0,0.0,0.0,0.0,0.0,0.0,0.0,667.59,0.0
32.0878,57.97,29.15,33.88,69.63,59.4,139.92,227.04,47.63,0.0,0.0,0.0,0.0,0.0,0.0,0.0,0.0,664.62,0.0
32.0978,51.04,25.3,29.04,69.63,61.71,144.1,240.24,49.39,0.0,0.0,0.0,0.0,0.0,0.0,0.0,0.0,670.45,0.0
32.1078,41.8,23.32,24.2,71.83,61.71,146.19,253.55,51.15,0.0,0.0,0.0,0.0,0.0,0.0,0.0,0.0,673.75,0.0
32.1178,34.76,19.47,21.78,74.03,64.02,150.48,268.95,52.91,0.0,0.0,0.0,0.0,0.0,0.0,0.0,0.0,686.4,0.0
32.1278,30.14,15.51,16.94,74.03,66.33,154.66,282.37,54.67,0.0,0.0,0.0,0.0,0.0,0.0,0.0,0.0,694.65,0.0
32.1378,23.21,13.64,14.52,74.03,68.64,156.86,293.7,58.52,0.0,0.0,0.0,0.0,0.0,0.0,0.0,0.0,703.12,0.0
32.1477,18.59,9.68,12.1,74.03,68.64,161.04,304.92,60.5,0.0,0.0,0.0,0.0,0.0,0.0,0.0,0.0,709.5,0.0
32.1577,16.17,7.7,9.68,74.03,66.33,161.04,314.05,62.59,0.0,0.0,0.0,0.0,0.0,0.0,0.0,0.0,711.59,0.0
32.1677,13.86,7.7,7.26,69.63,64.02,165.33,318.56,66.55,0.0,0.0,0.0,0.0,0.0,0.0,0.0,0.0,712.91,0.0
32.1777,9.24,5.83,4.84,65.23,57.2,167.53,318.56,70.62,6.93,0.0,0.0,0.0,0.0,0.0,0.0,0.0,699.05,6.93
32.1877,6.93,5.83,0.0,58.63,50.82,169.73,311.74,74.69,36.85,0.0,0.0,0.0,0.0,0.0,0.0,0.0,678.37,36.85
32.1977,6.93,3.85,0.0,51.7,42.35,169.73,302.72,78.65,238.81,23.43,4.73,0.0,0.0,0.0,0.0,0.0,655.93,266.97
32.2077,4.62,3.85,0.0,41.36,31.68,165.33,291.39,82.72,248.6,46.86,14.3,0.0,0.0,0.0,0.0,0.0,620.95,309.76
32.2177,0.0,3.85,0.0,31.02,23.21,154.66,277.86,84.81,236.28,77.55,31.13,16.94,0.0,0.0,0.0,0.0,575.41,361.9
32.2277,0.0,0.0,0.0,20.68,12.65,137.72,264.55,88.77,224.07,101.2,40.7,39.6,0.0,0.0,0.0,0.0,524.37,405.57
32.2377,0.0,0.0,0.0,11.99,6.27,116.6,251.35,90.86,226.49,123.09,47.85,71.94,0.0,0.0,5.06,0.0,477.07,474.43
32.2477,0.0,0.0,0.0,10.34,4.18,85.47,231.44,90.86,219.34,135.52,47.85,100.21,0.0,16.61,7.7,0.0,422.29,527.23
32.2577,0.0,0.0,0.0,8.58,4.18,50.71,195.8,84.81,210.1,138.05,52.69,115.94,0.0,42.68,10.23,0.0,344.08,569.69
32.2677,0.0,0.0,0.0,6.82,6.27,31.24,144.65,74.69,214.72,148.06,57.75,131.67,0.0,67.54,15.4,8.47,263.67,643.61
32.2777,0.0,0.0,0.0,5.17,4.18,21.45,89.1,58.52,226.49,158.07,66.0,134.86,0.0,81.07,30.8,12.65,178.42,709.94
32.2877,0.0,0.0,0.0,3.41,4.18,15.62,50.38,45.87,241.23,168.19,76.89,141.13,5.5,89.21,43.67,16.94,119.46,782.76
32.2977,0.0,0.0,0.0,0.0,0.0,13.64,36.63,31.79,256.08,175.45,85.03,144.32,8.25,97.35,46.2,21.12,82.06,833.8
32.3077,0.0,0.0,0.0,0.0,0.0,7.81,27.5,21.12,263.45,180.29,90.53,147.51,11.0,105.49,62.48,23.21,56.43,883.96
32.3177,0.0,0.0,0.0,0.0,0.0,5.83,22.88,14.08,263.45,180.29,93.28,153.78,13.75,110.99,71.39,25.41,42.79,912.34
32.3277,0.0,0.0,0.0,0.0,0.0,5.83,16.72,8.8,258.5,180.29,93.28,160.05,13.75,119.13,74.36,27.5,31.35,926.86
32.3377,0.0,0.0,0.0,0.0,0.0,3.85,12.21,3.52,253.55,180.29,93.28,169.62,13.75,124.52,80.3,29.59,19.58,944.9
32.3477,0.0,0.0,0.0,0.0,0.0,0.0,9.13,0.0,243.76,177.87,93.28,179.19,13.75,132.77,83.27,31.79,9.13,955.68
32.3577,0.0,0.0,0.0,0.0,0.0,0.0,9.13,0.0,231.44,175.45,90.53,188.76,16.5,140.91,89.32,33.88,9.13,966.79
32.3677,0.0,0.0,0.0,0.0,0.0,0.0,7.59,0.0,221.65,170.61,87.78,198.44,16.5,149.05,92.29,35.97,7.59,972.29
32.3777,0.0,0.0,0.0,0.0,0.0,0.0,7.59,0.0,207.79,163.13,85.03,204.82,16.5,154.55,98.23,35.97,7.59,966.02
32.3877,0.0,0.0,0.0,0.0,0.0,0.0,6.05,0.0,196.24,155.65,82.39,211.2,19.25,162.69,101.2,38.06,6.05,966.68
32.3977,0.0,0.0,0.0,0.0,0.0,0.0,4.51,0.0,179.96,145.64,79.64,217.58,19.25,168.19,107.14,38.06,4.51,955.46
32.4077,0.0,0.0,0.0,0.0,0.0,0.0,2.97,0.0,166.1,135.52,74.14,224.07,19.25,173.47,110.22,40.26,2.97,943.03
32.4177,0.0,0.0,0.0,0.0,0.0,0.0,0.0,0.0,151.25,125.51,68.75,226.93,22.0,176.22,113.08,42.35,0.0,926.09
32.4277,0.0,0.0,0.0,0.0,0.0,0.0,0.0,0.0,138.49,118.03,66.0,229.79,22.0,178.86,115.94,42.35,0.0,911.46
32.4377,0.0,0.0,0.0,0.0,0.0,0.0,0.0,0.0,125.84,108.24,57.75,235.62,22.0,184.25,115.94,44.44,0.0,894.08
32.4477,0.0,0.0,0.0,0.0,0.0,0.0,0.0,0.0,111.43,98.78,55.11,238.59,22.0,187.0,118.91,44.44,0.0,876.26
32.4577,0.0,0.0,0.0,0.0,0.0,0.0,0.0,0.0,101.86,91.74,50.27,241.45,22.0,192.39,118.91,46.53,0.0,865.15
32.4677,0.0,0.0,0.0,0.0,0.0,0.0,0.0,0.0,92.29,84.59,45.43,244.42,22.0,195.03,121.77,46.53,0.0,852.06
32.4777,0.0,0.0,0.0,0.0,0.0,0.0,0.0,0.0,82.72,77.55,45.43,247.28,22.0,200.42,124.63,48.73,0.0,848.76
32.4877,0.0,0.0,0.0,0.0,0.0,0.0,0.0,0.0,75.13,72.82,40.7,250.14,22.0,203.06,124.63,48.73,0.0,837.21
32.4977,0.0,0.0,0.0,0.0,0.0,0.0,0.0,0.0,69.41,68.09,38.28,253.11,22.0,205.81,127.6,50.82,0.0,835.12
32.5077,0.0,0.0,0.0,0.0,0.0,0.0,0.0,0.0,61.71,60.94,38.28,253.11,22.0,211.2,130.46,52.91,0.0,830.61
32.5177,0.0,0.0,0.0,0.0,0.0,0.0,0.0,0.0,56.21,58.63,35.86,255.97,24.75,213.84,136.29,55.11,0.0,836.66
32.5277,0.0,0.0,0.0,0.0,0.0,0.0,0.0,0.0,50.93,53.9,33.44,255.97,24.75,219.23,139.15,57.53,0.0,834.9
32.5377,0.0,0.0,0.0,0.0,0.0,0.0,0.0,0.0,47.41,49.17,31.13,258.94,24.75,221.98,144.98,62.37,0.0,840.73
32.5477,0.0,0.0,0.0,0.0,0.0,0.0,0.0,0.0,42.13,46.86,28.71,261.8,24.75,227.48,150.81,64.9,0.0,847.44
32.5577,0.0,0.0,0.0,0.0,0.0,0.0,0.0,0.0,38.61,42.13,26.29,261.8,24.75,233.09,156.53,67.32,0.0,850.52
32.5677,0.0,0.0,0.0,0.0,0.0,0.0,0.0,0.0,33.33,39.82,23.87,264.77,24.75,238.7,162.36,72.16,0.0,859.76
32.5777,0.0,0.0,0.0,0.0,0.0,0.0,0.0,0.0,26.29,35.09,19.14,264.77,24.75,244.31,171.27,77.11,0.0,862.73
32.5877,0.0,0.0,0.0,0.0,0.0,0.0,0.0,0.0,24.53,30.47,14.3,264.77,27.5,247.06,177.21,79.53,0.0,865.37
32.5977,0.0,0.0,0.0,0.0,0.0,0.0,0.0,0.0,17.49,23.43,11.88,261.8,27.5,252.67,186.12,81.95,0.0,862.84
32.6077,0.0,0.0,0.0,0.0,0.0,0.0,0.0,0.0,13.97,16.39,9.57,258.94,27.5,258.28,195.14,84.48,0.0,864.27
32.6177,0.0,0.0,0.0,0.0,0.0,0.0,0.0,0.0,12.21,13.97,9.57,255.97,27.5,261.03,201.08,89.32,0.0,870.65
32.6277,0.0,0.0,0.0,0.0,0.0,0.0,0.0,0.0,10.45,11.66,7.15,247.28,27.5,263.89,209.99,91.74,0.0,869.66
32.6377,0.0,0.0,0.0,0.0,0.0,0.0,0.0,0.0,8.69,9.35,4.73,238.59,24.75,266.64,218.9,94.27,0.0,865.92
32.6477,0.0,0.0,0.0,0.0,0.0,0.0,0.0,0.0,6.93,6.93,4.73,226.93,24.75,266.64,224.73,99.11,0.0,860.75
32.6577,0.0,0.0,0.0,0.0,0.0,0.0,0.0,0.0,6.93,6.93,0.0,211.2,24.75,266.64,233.2,101.53,0.0,851.18
32.6677,0.0,0.0,0.0,0.0,0.0,0.0,0.0,0.0,5.17,4.62,0.0,195.14,22.0,266.64,236.06,108.9,0.0,838.53
32.6777,0.0,0.0,0.0,0.0,0.0,0.0,0.0,0.0,5.17,4.62,0.0,176.0,19.25,266.64,241.67,113.85,0.0,827.2
32.6877,4.62,0.0,0.0,0.0,0.0,0.0,0.0,0.0,5.17,0.0,0.0,156.97,16.5,266.64,244.53,118.25,4.62,808.06
32.6977,11.55,0.0,0.0,0.0,0.0,0.0,0.0,0.0,3.41,0.0,0.0,137.94,13.75,263.89,244.53,124.96,11.55,788.48
32.7077,48.73,5.83,0.0,0.0,0.0,0.0,0.0,0.0,3.41,0.0,0.0,115.94,11.0,258.28,244.53,131.67,54.56,764.83
32.7177,206.36,36.96,4.84,0.0,0.0,0.0,0.0,0.0,0.0,0.0,0.0,93.94,5.5,249.92,244.53,138.38,248.16,732.27
32.7277,257.07,63.14,24.2,3.41,0.0,0.0,0.0,0.0,0.0,0.0,0.0,75.02,0.0,238.7,244.53,145.09,347.82,703.34
32.7377,241.45,91.74,43.56,17.16,0.0,0.0,0.0,0.0,0.0,0.0,0.0,48.07,0.0,213.84,241.67,149.6,393.91,653.18
32.7477,238.92,128.48,60.39,27.5,0.0,7.81,0.0,0.0,0.0,0.0,0.0,31.02,0.0,178.86,238.92,151.8,463.1,600.6
32.7577,244.09,149.38,69.85,43.01,0.0,13.64,0.0,0.0,0.0,0.0,0.0,22.55,0.0,127.27,230.45,149.6,519.97,529.87
32.7677,246.73,164.01,74.58,53.35,0.0,25.3,0.0,5.28,0.0,0.0,0.0,16.94,5.5,75.68,201.08,142.89,569.25,442.09
32.7777,241.45,172.81,79.31,63.03,0.0,42.9,4.51,10.56,0.0,0.0,0.0,14.08,5.5,45.1,156.53,127.16,614.57,348.37
32.7877,244.09,184.25,86.35,74.03,0.0,58.63,13.75,14.08,0.0,0.0,0.0,11.22,5.5,33.22,101.2,113.85,675.18,264.99
32.7977,251.9,193.27,95.81,80.63,0.0,72.05,24.42,17.6,0.0,0.0,0.0,11.22,5.5,26.07,62.48,91.74,735.68,197.01
32.8077,259.6,202.4,102.96,85.03,8.47,83.27,39.71,22.88,0.0,0.0,0.0,5.61,0.0,18.92,46.2,64.9,804.32,135.63
32.8177,267.41,206.91,114.84,89.54,12.65,92.18,48.84,24.64,0.0,0.0,0.0,0.0,0.0,14.19,33.33,38.06,857.01,85.58
32.8277,270.05,209.11,119.79,93.94,16.94,101.2,60.06,28.27,0.0,0.0,0.0,0.0,0.0,9.46,23.1,14.74,899.36,47.3
32.8377,267.41,206.91,122.32,98.34,19.03,107.91,67.32,30.03,0.0,0.0,0.0,0.0,0.0,7.04,15.4,4.18,919.27,26.62
32.8477,259.6,202.4,119.79,104.94,21.12,114.51,72.82,30.03,0.0,0.0,0.0,0.0,0.0,4.73,12.76,0.0,925.21,17.49
32.8577,249.26,195.58,114.84,111.54,23.21,120.78,76.45,31.79,0.0,0.0,0.0,0.0,0.0,0.0,10.23,0.0,923.45,10.23
32.8677,236.28,188.76,110.0,118.25,25.41,125.07,81.84,31.79,0.0,0.0,0.0,0.0,0.0,0.0,10.23,0.0,917.4,10.23
32.8777,220.88,177.43,105.27,122.76,25.41,131.45,85.47,33.55,0.0,0.0,0.0,0.0,0.0,0.0,7.7,0.0,902.22,7.7
32.8877,208.78,166.1,100.54,127.27,27.5,135.63,89.1,35.31,0.0,0.0,0.0,0.0,0.0,0.0,7.7,0.0,890.23,7.7
32.8977,196.68,155.65,95.81,129.47,29.59,137.72,92.73,37.07,0.0,0.0,0.0,0.0,0.0,0.0,5.06,0.0,874.72,5.06
32.9077,184.47,147.29,91.08,133.98,31.68,142.01,98.12,38.83,0.0,0.0,0.0,0.0,0.0,0.0,0.0,0.0,867.46,0.0
32.9177,174.79,136.84,86.35,136.18,31.68,144.1,101.75,38.83,0.0,0.0,0.0,0.0,0.0,0.0,0.0,0.0,850.52,0.0
32.9277,162.58,126.39,79.31,138.38,33.88,148.39,103.62,40.59,0.0,0.0,0.0,0.0,0.0,0.0,0.0,0.0,833.14,0.0
32.9377,147.84,115.94,74.58,140.69,33.88,150.48,105.38,40.59,0.0,0.0,0.0,0.0,0.0,0.0,0.0,0.0,809.38,0.0
32.9477,135.52,104.94,67.54,142.89,33.88,152.57,109.01,42.35,0.0,0.0,0.0,0.0,0.0,0.0,0.0,0.0,788.7,0.0
32.9577,120.78,93.94,60.39,145.09,33.88,154.66,110.88,42.35,0.0,0.0,0.0,0.0,0.0,0.0,0.0,0.0,761.97,0.0
32.9677,108.68,82.94,55.77,147.4,35.97,156.86,114.51,44.11,0.0,0.0,0.0,0.0,0.0,0.0,0.0,0.0,746.24,0.0
32.9777,97.68,74.14,50.82,147.4,35.97,161.04,118.47,45.87,0.0,0.0,0.0,0.0,0.0,0.0,0.0,0.0,731.39,0.0
32.9877,86.68,65.34,43.56,149.6,35.97,163.13,120.45,45.87,0.0,0.0,0.0,0.0,0.0,0.0,0.0,0.0,710.6,0.0
32.9977,75.57,56.54,38.72,151.8,35.97,167.53,124.52,47.63,0.0,0.0,0.0,0.0,0.0,0.0,0.0,0.0,698.28,0.0
33.0077,66.77,48.73,31.46,154.11,35.97,167.53,126.5,47.63,0.0,0.0,0.0,0.0,0.0,0.0,0.0,0.0,678.7,0.0
33.0177,55.77,40.92,24.2,156.31,35.97,171.93,128.59,49.39,0.0,0.0,0.0,0.0,0.0,0.0,0.0,0.0,663.08,0.0
33.0277,41.8,35.09,19.36,158.51,35.97,174.13,132.55,49.39,0.0,0.0,0.0,0.0,0.0,0.0,0.0,0.0,646.8,0.0
33.0377,32.45,29.15,14.52,158.51,35.97,176.33,136.62,49.39,0.0,0.0,0.0,0.0,0.0,0.0,0.0,0.0,632.94,0.0
33.0477,25.52,23.32,12.1,160.82,35.97,180.73,140.69,51.15,0.0,0.0,0.0,0.0,0.0,0.0,0.0,0.0,630.3,0.0
33.0577,20.9,19.47,9.68,160.82,35.97,182.93,144.65,51.15,0.0,0.0,0.0,0.0,0.0,0.0,0.0,0.0,625.57,0.0
33.0677,16.17,15.51,9.68,160.82,33.88,185.13,150.7,52.91,0.0,0.0,0.0,0.0,0.0,0.0,0.0,0.0,624.8,0.0
33.0777,13.86,13.64,7.26,160.82,33.88,189.53,154.77,54.67,0.0,0.0,0.0,0.0,0.0,0.0,0.0,0.0,628.43,0.0
33.0877,13.86,11.66,7.26,158.51,33.88,191.73,160.82,54.67,0.0,0.0,0.0,0.0,0.0,0.0,0.0,0.0,632.39,0.0
33.0977,11.55,9.68,4.84,158.51,33.88,194.04,164.89,56.54,0.0,0.0,0.0,0.0,0.0,0.0,0.0,0.0,633.93,0.0
33.1077,9.24,7.7,4.84,154.11,31.68,196.24,170.94,58.52,0.0,0.0,0.0,0.0,0.0,0.0,0.0,0.0,633.27,0.0
33.1177,9.24,5.83,4.84,151.8,31.68,198.44,177.21,60.5,0.0,0.0,0.0,0.0,0.0,0.0,0.0,0.0,639.54,0.0
33.1277,6.93,5.83,0.0,145.09,31.68,202.84,185.46,62.59,0.0,0.0,0.0,0.0,0.0,0.0,0.0,0.0,640.42,0.0
33.1377,6.93,5.83,0.0,138.38,29.59,202.84,191.62,64.57,0.0,0.0,0.0,0.0,0.0,0.0,0.0,0.0,639.76,0.0
33.1477,4.62,5.83,0.0,131.67,27.5,205.04,197.89,68.64,0.0,0.0,0.0,0.0,0.0,0.0,0.0,0.0,641.19,0.0
33.1577,4.62,3.85,0.0,122.76,25.41,205.04,204.05,72.6,0.0,0.0,0.0,0.0,0.0,0.0,0.0,0.0,638.33,0.0
33.1677,4.62,3.85,0.0,111.54,25.41,205.04,210.32,76.67,0.0,0.0,0.0,0.0,0.0,0.0,0.0,0.0,637.45,0.0
33.1777,4.62,3.85,0.0,100.54,21.12,205.04,212.41,80.74,0.0,0.0,0.0,0.0,0.0,0.0,0.0,0.0,628.32,0.0
33.1877,0.0,3.85,0.0,89.54,19.03,205.04,214.39,86.79,0.0,0.0,0.0,0.0,0.0,0.0,0.0,0.0,618.64,0.0
33.1977,0.0,3.85,0.0,78.43,14.74,205.04,214.39,88.77,0.0,0.0,0.0,0.0,0.0,0.0,0.0,0.0,605.22,0.0
33.2077,0.0,0.0,0.0,67.43,12.65,202.84,212.41,92.84,6.93,0.0,0.0,0.0,0.0,0.0,0.0,0.0,588.17,6.93
33.2177,0.0,0.0,0.0,55.11,10.56,198.44,210.32,96.91,33.33,6.93,0.0,0.0,0.0,0.0,0.0,0.0,571.34,40.26
33.2277,0.0,0.0,0.0,44.77,8.47,191.73,208.23,98.89,210.1,42.13,7.15,0.0,0.0,0.0,0.0,0.0,552.09,259.38
33.2377,0.0,0.0,0.0,34.43,6.27,178.53,204.05,100.87,243.76,65.67,16.72,11.22,0.0,0.0,0.0,0.0,524.15,337.37
33.2477,0.0,0.0,0.0,24.09,4.18,156.86,197.89,102.96,233.86,103.51,33.44,39.6,0.0,0.0,0.0,0.0,485.98,410.41
33.2577,0.0,0.0,0.0,18.92,4.18,129.25,187.55,100.87,236.28,130.57,47.85,75.02,0.0,7.04,5.06,0.0,440.77,501.82
33.2677,0.0,0.0,0.0,15.51,6.27,92.18,166.87,94.82,243.76,153.12,57.75,109.56,0.0,40.37,12.76,0.0,375.65,617.32
33.2777,0.0,0.0,0.0,13.75,6.27,56.65,126.5,86.79,241.23,158.07,60.5,125.4,0.0,62.04,17.93,6.27,289.96,671.44
33.2877,0.0,0.0,0.0,11.99,6.27,39.05,78.21,76.67,233.86,163.13,66.0,131.67,0.0,81.07,33.33,12.65,212.19,721.71
33.2977,0.0,0.0,0.0,8.58,4.18,25.3,45.76,62.59,241.23,170.61,71.39,141.13,5.5,94.6,46.2,19.03,146.41,789.69
33.3077,0.0,0.0,0.0,5.17,0.0,19.47,33.55,44.11,248.6,180.29,76.89,150.59,8.25,105.49,56.54,23.21,102.3,849.86
33.3177,0.0,0.0,0.0,3.41,0.0,13.64,27.5,30.03,256.08,185.13,82.39,156.97,11.0,116.38,68.42,25.41,74.58,901.78
33.3277,0.0,0.0,0.0,0.0,0.0,9.68,22.88,21.12,258.5,189.97,87.78,166.43,11.0,124.52,77.33,29.59,53.68,945.12
33.3377,0.0,0.0,0.0,0.0,0.0,7.81,18.26,14.08,253.55,189.97,90.53,176.0,13.75,132.77,86.35,31.79,40.15,974.71
33.3477,0.0,0.0,0.0,0.0,0.0,5.83,12.21,7.04,246.18,187.55,87.78,182.38,16.5,140.91,89.32,33.88,25.08,984.5
33.3577,0.0,0.0,0.0,0.0,0.0,3.85,7.59,0.0,231.44,185.13,85.03,195.14,16.5,149.05,92.29,35.97,11.44,990.55
33.3677,0.0,0.0,0.0,0.0,0.0,0.0,4.51,0.0,217.03,177.87,82.39,208.01,16.5,157.19,98.23,38.06,4.51,995.28
33.3777,0.0,0.0,0.0,0.0,0.0,0.0,4.51,0.0,200.86,170.61,76.89,217.58,19.25,165.44,101.2,40.26,4.51,992.09
33.3877,0.0,0.0,0.0,0.0,0.0,0.0,4.51,0.0,184.58,160.6,74.14,226.93,19.25,173.47,107.14,42.35,4.51,988.46
33.3977,0.0,0.0,0.0,0.0,0.0,0.0,2.97,0.0,166.1,148.06,68.75,235.62,22.0,181.61,113.08,44.44,2.97,979.66
33.4077,0.0,0.0,0.0,0.0,0.0,0.0,0.0,0.0,149.16,135.52,63.25,244.42,22.0,189.64,118.91,46.53,0.0,969.43
33.4177,0.0,0.0,0.0,0.0,0.0,0.0,0.0,0.0,132.22,123.09,57.75,253.11,22.0,195.03,121.77,48.73,0.0,953.7
33.4277,0.0,0.0,0.0,0.0,0.0,0.0,0.0,0.0,115.28,110.66,52.69,258.94,22.0,203.06,124.63,50.82,0.0,938.08
33.4377,0.0,0.0,0.0,0.0,0.0,0.0,0.0,0.0,99.99,98.78,45.43,267.63,24.75,208.45,127.6,52.91,0.0,925.54
33.4477,0.0,0.0,0.0,0.0,0.0,0.0,0.0,0.0,84.7,87.01,40.7,273.46,24.75,213.84,130.46,55.11,0.0,910.03
33.4577,0.0,0.0,0.0,0.0,0.0,0.0,0.0,0.0,71.28,75.13,35.86,276.43,24.75,216.59,130.46,57.53,0.0,888.03
33.4677,0.0,0.0,0.0,0.0,0.0,0.0,0.0,0.0,57.97,65.67,31.13,279.51,24.75,221.98,130.46,59.95,0.0,871.42
33.4777,0.0,0.0,0.0,0.0,0.0,0.0,0.0,0.0,49.17,58.63,26.29,282.7,22.0,224.73,133.32,62.37,0.0,859.21
33.4877,0.0,0.0,0.0,0.0,0.0,0.0,0.0,0.0,42.13,51.59,21.56,282.7,22.0,227.48,133.32,62.37,0.0,843.15
33.4977,0.0,0.0,0.0,0.0,0.0,0.0,0.0,0.0,35.09,46.86,16.72,285.89,22.0,230.34,133.32,64.9,0.0,835.12
33.5077,0.0,0.0,0.0,0.0,0.0,0.0,0.0,0.0,28.05,39.82,14.3,285.89,22.0,233.09,133.32,67.32,0.0,823.79
33.5177,0.0,0.0,0.0,0.0,0.0,0.0,0.0,0.0,22.77,35.09,11.88,282.7,19.25,233.09,133.32,67.32,0.0,805.42
33.5277,0.0,0.0,0.0,0.0,0.0,0.0,0.0,0.0,17.49,25.74,9.57,279.51,19.25,235.95,136.29,69.74,0.0,793.54
33.5377,0.0,0.0,0.0,0.0,0.0,0.0,0.0,0.0,15.73,21.01,9.57,276.43,19.25,238.7,139.15,72.16,0.0,792.0
33.5477,0.0,0.0,0.0,0.0,0.0,0.0,0.0,0.0,12.21,16.39,7.15,273.46,19.25,241.45,142.12,74.69,0.0,786.72
33.5577,0.0,0.0,0.0,0.0,0.0,0.0,0.0,0.0,10.45,13.97,7.15,270.6,19.25,244.31,144.98,77.11,0.0,787.82
33.5677,0.0,0.0,0.0,0.0,0.0,0.0,0.0,0.0,10.45,11.66,4.73,267.63,19.25,244.31,147.84,79.53,0.0,785.4
33.5776,0.0,0.0,0.0,0.0,0.0,0.0,0.0,0.0,8.69,9.35,4.73,261.8,16.5,247.06,150.81,81.95,0.0,780.89
33.5876,0.0,0.0,0.0,0.0,0.0,0.0,0.0,0.0,8.69,9.35,4.73,255.97,16.5,249.92,153.67,86.9,0.0,785.73
33.5976,0.0,0.0,0.0,0.0,0.0,0.0,0.0,0.0,6.93,6.93,0.0,253.11,16.5,255.42,159.5,91.74,0.0,790.13
33.6076,0.0,0.0,0.0,0.0,0.0,0.0,0.0,0.0,6.93,6.93,0.0,244.42,16.5,258.28,168.3,94.27,0.0,795.63
33.6176,0.0,0.0,0.0,0.0,0.0,0.0,0.0,0.0,5.17,6.93,0.0,238.59,16.5,261.03,174.24,99.11,0.0,801.57
33.6276,0.0,0.0,0.0,0.0,0.0,0.0,0.0,0.0,5.17,6.93,0.0,232.76,16.5,266.64,180.18,104.06,0.0,812.24
33.6376,0.0,0.0,0.0,0.0,0.0,0.0,0.0,0.0,5.17,4.62,0.0,226.93,16.5,269.39,186.12,108.9,0.0,817.63
33.6476,0.0,0.0,0.0,0.0,0.0,0.0,0.0,0.0,5.17,4.62,0.0,217.58,13.75,272.25,192.06,113.85,0.0,819.28
33.6576,0.0,0.0,0.0,0.0,0.0,0.0,0.0,0.0,5.17,4.62,0.0,204.82,13.75,272.25,198.11,118.25,0.0,816.97
33.6676,0.0,0.0,0.0,0.0,0.0,0.0,0.0,0.0,5.17,4.62,0.0,191.95,11.0,272.25,204.05,122.76,0.0,811.8
33.6776,0.0,0.0,0.0,0.0,0.0,0.0,0.0,0.0,3.41,0.0,0.0,176.0,11.0,275.0,209.99,127.16,0.0,802.56
33.6876,0.0,0.0,0.0,0.0,0.0,0.0,0.0,0.0,3.41,0.0,0.0,160.05,8.25,272.25,212.96,133.87,0.0,790.79
33.6976,0.0,0.0,0.0,0.0,0.0,0.0,0.0,0.0,0.0,0.0,0.0,144.32,8.25,272.25,215.93,140.58,0.0,781.33
33.7076,11.55,0.0,0.0,0.0,0.0,0.0,0.0,0.0,0.0,0.0,0.0,122.21,5.5,266.64,218.9,145.09,11.55,758.34
33.7176,66.77,11.66,0.0,0.0,0.0,0.0,0.0,0.0,0.0,0.0,0.0,103.29,0.0,263.89,221.98,151.8,78.43,740.96
33.7276,272.58,58.74,12.1,0.0,0.0,0.0,0.0,0.0,0.0,0.0,0.0,81.29,0.0,252.67,224.73,158.51,343.42,717.2
33.7376,277.86,85.14,33.88,6.82,0.0,0.0,0.0,0.0,0.0,0.0,0.0,56.54,0.0,233.09,224.73,163.02,403.7,677.38
33.7476,267.41,124.3,55.77,22.33,0.0,3.85,0.0,0.0,0.0,0.0,0.0,33.88,0.0,200.42,224.73,165.22,473.66,624.25
33.7576,270.05,153.56,69.85,34.43,0.0,9.68,0.0,0.0,0.0,0.0,0.0,25.41,5.5,151.8,215.93,163.02,537.57,561.66
33.7676,270.05,172.81,74.58,49.94,0.0,17.49,0.0,0.0,0.0,0.0,0.0,19.8,5.5,94.6,195.14,154.0,584.87,469.04
33.7776,262.24,181.94,77.0,58.63,0.0,29.26,0.0,5.28,0.0,0.0,0.0,16.94,8.25,56.98,150.81,138.38,614.35,371.36
33.7876,259.6,190.96,84.04,71.83,0.0,50.71,4.51,10.56,0.0,0.0,0.0,14.08,5.5,37.95,95.26,122.76,672.21,275.55
33.7976,267.41,202.4,95.81,80.63,0.0,65.34,15.18,15.84,0.0,0.0,0.0,11.22,5.5,28.49,68.42,101.53,742.61,215.16
33.8076,272.58,211.42,102.96,85.03,4.18,76.56,30.47,19.36,0.0,0.0,0.0,8.47,0.0,21.34,48.73,72.16,802.56,150.7
33.8176,280.39,215.93,114.84,89.54,10.56,87.67,44.22,24.64,0.0,0.0,0.0,5.61,0.0,14.19,33.33,42.35,867.79,95.48
33.8276,285.45,218.24,124.74,91.74,16.94,96.69,56.54,28.27,0.0,0.0,0.0,0.0,0.0,9.46,23.1,14.74,918.61,47.3
33.8376,282.92,215.93,127.27,96.14,21.12,103.4,69.19,30.03,0.0,0.0,0.0,0.0,0.0,7.04,15.4,4.18,946.0,26.62
33.8476,272.58,209.11,127.27,102.74,23.21,112.42,76.45,31.79,0.0,0.0,0.0,0.0,0.0,4.73,12.76,0.0,955.57,17.49
33.8576,259.6,200.09,122.32,107.14,27.5,118.69,85.47,33.55,0.0,0.0,0.0,0.0,0.0,0.0,12.76,0.0,954.36,12.76
33.8676,244.09,188.76,117.37,111.54,29.59,125.07,92.73,35.31,0.0,0.0,0.0,0.0,0.0,0.0,10.23,0.0,944.46,10.23
33.8776,228.58,175.12,110.0,116.05,31.68,129.25,98.12,37.07,0.0,0.0,0.0,0.0,0.0,0.0,7.7,0.0,925.87,7.7
33.8876,211.2,161.92,105.27,118.25,33.88,135.63,105.38,38.83,0.0,0.0,0.0,0.0,0.0,0.0,5.06,0.0,910.36,5.06
33.8976,196.68,149.38,98.23,122.76,35.97,139.92,110.88,42.35,0.0,0.0,0.0,0.0,0.0,0.0,0.0,0.0,896.17,0.0
33.9076,182.05,136.84,91.08,124.96,38.06,144.1,118.47,44.11,0.0,0.0,0.0,0.0,0.0,0.0,0.0,0.0,879.67,0.0
33.9176,167.53,124.3,86.35,127.27,40.15,146.19,124.52,45.87,0.0,0.0,0.0,0.0,0.0,0.0,0.0,0.0,862.18,0.0
33.9276,150.26,111.54,77.0,127.27,40.15,150.48,130.57,47.63,0.0,0.0,0.0,0.0,0.0,0.0,0.0,0.0,834.9,0.0
33.9376,133.1,96.14,69.85,129.47,42.35,152.57,134.64,47.63,0.0,0.0,0.0,0.0,0.0,0.0,0.0,0.0,805.75,0.0
33.9476,115.83,82.94,60.39,131.67,40.15,154.66,138.6,49.39,0.0,0.0,0.0,0.0,0.0,0.0,0.0,0.0,773.63,0.0
33.9576,97.68,69.74,50.82,131.67,42.35,158.95,140.69,51.15,0.0,0.0,0.0,0.0,0.0,0.0,0.0,0.0,743.05,0.0
33.9676,86.68,58.74,43.56,133.98,40.15,161.04,142.67,51.15,0.0,0.0,0.0,0.0,0.0,0.0,0.0,0.0,717.97,0.0
33.9776,73.37,50.6,36.3,133.98,40.15,163.13,144.65,52.91,0.0,0.0,0.0,0.0,0.0,0.0,0.0,0.0,695.09,0.0
33.9876,62.37,42.79,29.04,136.18,40.15,165.33,146.74,52.91,0.0,0.0,0.0,0.0,0.0,0.0,0.0,0.0,675.51,0.0
33.9976,48.73,36.96,21.78,136.18,40.15,167.53,148.72,52.91,0.0,0.0,0.0,0.0,0.0,0.0,0.0,0.0,652.96,0.0
34.0076,37.18,31.13,16.94,136.18,38.06,169.73,152.79,52.91,0.0,0.0,0.0,0.0,0.0,0.0,0.0,0.0,634.92,0.0
34.0176,27.83,25.3,14.52,133.98,38.06,169.73,154.77,54.67,0.0,0.0,0.0,0.0,0.0,0.0,0.0,0.0,618.86,0.0
34.0276,23.21,21.34,12.1,131.67,35.97,171.93,160.82,54.67,0.0,0.0,0.0,0.0,0.0,0.0,0.0,0.0,611.71,0.0
34.0376,18.59,17.49,9.68,129.47,35.97,171.93,164.89,54.67,0.0,0.0,0.0,0.0,0.0,0.0,0.0,0.0,602.69,0.0
34.0476,13.86,13.64,7.26,127.27,35.97,174.13,168.96,56.54,0.0,0.0,0.0,0.0,0.0,0.0,0.0,0.0,597.63,0.0
34.0576,11.55,11.66,7.26,127.27,35.97,176.33,175.12,56.54,0.0,0.0,0.0,0.0,0.0,0.0,0.0,0.0,601.7,0.0
34.0676,11.55,9.68,4.84,124.96,35.97,178.53,179.3,58.52,0.0,0.0,0.0,0.0,0.0,0.0,0.0,0.0,603.35,0.0
34.0776,9.24,7.7,4.84,124.96,33.88,180.73,185.46,60.5,0.0,0.0,0.0,0.0,0.0,0.0,0.0,0.0,607.31,0.0
34.0876,9.24,7.7,4.84,122.76,33.88,185.13,191.62,60.5,0.0,0.0,0.0,0.0,0.0,0.0,0.0,0.0,615.67,0.0
34.0976,6.93,5.83,0.0,120.56,33.88,187.33,197.89,62.59,0.0,0.0,0.0,0.0,0.0,0.0,0.0,0.0,615.01,0.0
34.1076,6.93,5.83,0.0,118.25,33.88,189.53,204.05,64.57,0.0,0.0,0.0,0.0,0.0,0.0,0.0,0.0,623.04,0.0
34.1176,6.93,5.83,0.0,113.85,33.88,191.73,210.32,66.55,0.0,0.0,0.0,0.0,0.0,0.0,0.0,0.0,629.09,0.0
34.1276,4.62,5.83,0.0,109.34,31.68,194.04,216.48,68.64,0.0,0.0,0.0,0.0,0.0,0.0,0.0,0.0,630.63,0.0
34.1376,4.62,3.85,0.0,102.74,29.59,194.04,224.84,70.62,0.0,0.0,0.0,0.0,0.0,0.0,0.0,0.0,630.3,0.0
34.1476,4.62,3.85,0.0,93.94,27.5,194.04,229.24,72.6,0.0,0.0,0.0,0.0,0.0,0.0,0.0,0.0,625.79,0.0
34.1576,0.0,3.85,0.0,85.03,25.41,194.04,233.64,76.67,0.0,0.0,0.0,0.0,0.0,0.0,0.0,0.0,618.64,0.0
34.1676,0.0,3.85,0.0,76.23,23.21,194.04,235.84,80.74,0.0,0.0,0.0,0.0,0.0,0.0,0.0,0.0,613.91,0.0
34.1776,0.0,3.85,0.0,67.43,19.03,194.04,235.84,86.79,0.0,0.0,0.0,0.0,0.0,0.0,0.0,0.0,606.98,0.0
34.1876,0.0,0.0,0.0,58.63,16.94,191.73,235.84,90.86,0.0,0.0,0.0,0.0,0.0,0.0,0.0,0.0,594.0,0.0
34.1976,0.0,0.0,0.0,51.7,12.65,189.53,233.64,94.82,17.49,0.0,0.0,0.0,0.0,0.0,0.0,0.0,582.34,17.49
34.2076,0.0,0.0,0.0,43.01,10.56,185.13,231.44,98.89,121.55,25.74,0.0,0.0,0.0,0.0,0.0,0.0,569.03,147.29
34.2176,0.0,0.0,0.0,34.43,8.47,174.13,229.24,102.96,251.13,58.63,11.88,5.61,0.0,0.0,0.0,0.0,549.23,327.25
34.2276,0.0,0.0,0.0,22.33,4.18,154.66,224.84,104.94,231.44,98.78,31.13,42.35,0.0,0.0,0.0,0.0,510.95,403.7
34.2376,0.0,0.0,0.0,17.16,4.18,129.25,216.48,104.94,238.81,133.1,47.85,81.29,0.0,7.04,5.06,0.0,472.01,513.15
34.2476,0.0,0.0,0.0,15.51,6.27,92.18,199.98,100.87,246.18,155.65,57.75,115.94,0.0,40.37,10.23,0.0,414.81,626.12
34.2576,0.0,0.0,0.0,11.99,6.27,54.67,166.87,92.84,238.81,163.13,60.5,134.86,0.0,59.4,15.4,4.18,332.64,676.28
34.2676,0.0,0.0,0.0,10.34,6.27,37.07,110.88,82.72,221.65,160.6,60.5,141.13,0.0,78.32,23.1,10.56,247.28,695.86
34.2776,0.0,0.0,0.0,6.82,4.18,25.3,58.3,68.64,221.65,168.19,66.0,153.78,5.5,94.6,41.03,14.74,163.24,765.49
34.2876,0.0,0.0,0.0,5.17,0.0,19.47,38.17,49.39,226.49,173.03,71.39,160.05,8.25,105.49,51.37,21.12,112.2,817.19
34.2976,0.0,0.0,0.0,0.0,0.0,13.64,30.47,33.55,233.86,180.29,79.64,172.81,11.0,119.13,62.48,25.41,77.66,884.62
34.3076,0.0,0.0,0.0,0.0,0.0,9.68,24.42,21.12,238.81,185.13,85.03,179.19,13.75,130.02,77.33,27.5,55.22,936.76
34.3176,0.0,0.0,0.0,0.0,0.0,7.81,19.8,15.84,238.81,187.55,90.53,185.57,16.5,138.16,86.35,31.79,43.45,975.26
34.3276,0.0,0.0,0.0,0.0,0.0,5.83,13.75,7.04,233.86,185.13,90.53,195.14,19.25,146.3,95.26,33.88,26.62,999.35
34.3376,0.0,0.0,0.0,0.0,0.0,3.85,9.13,3.52,221.65,180.29,87.78,204.82,19.25,157.19,98.23,38.06,16.5,1007.27
34.3476,0.0,0.0,0.0,0.0,0.0,0.0,9.13,3.52,207.79,175.45,85.03,217.58,19.25,165.44,104.17,38.06,12.65,1012.77
34.3576,0.0,0.0,0.0,0.0,0.0,0.0,7.59,0.0,191.51,168.19,79.64,226.93,22.0,173.47,110.22,40.26,7.59,1012.22
34.3676,0.0,0.0,0.0,0.0,0.0,0.0,6.05,0.0,177.65,158.07,76.89,235.62,22.0,181.61,115.94,42.35,6.05,1010.13
34.3776,0.0,0.0,0.0,0.0,0.0,0.0,4.51,0.0,161.81,148.06,71.39,241.45,22.0,187.0,118.91,44.44,4.51,995.06
34.3876,0.0,0.0,0.0,0.0,0.0,0.0,2.97,0.0,144.87,135.52,66.0,247.28,24.75,195.03,124.63,46.53,2.97,984.61
34.3976,0.0,0.0,0.0,0.0,0.0,0.0,0.0,0.0,127.93,123.09,60.5,253.11,24.75,200.42,127.6,48.73,0.0,966.13
34.4076,0.0,0.0,0.0,0.0,0.0,0.0,0.0,0.0,111.43,110.66,52.69,258.94,24.75,205.81,130.46,50.82,0.0,945.56
34.4176,0.0,0.0,0.0,0.0,0.0,0.0,0.0,0.0,98.01,98.78,47.85,261.8,24.75,208.45,130.46,52.91,0.0,923.01
34.4276,0.0,0.0,0.0,0.0,0.0,0.0,0.0,0.0,82.72,87.01,40.7,267.63,24.75,211.2,130.46,52.91,0.0,897.38
34.4376,0.0,0.0,0.0,0.0,0.0,0.0,0.0,0.0,69.41,75.13,35.86,270.6,24.75,216.59,133.32,55.11,0.0,880.77
34.4476,0.0,0.0,0.0,0.0,0.0,0.0,0.0,0.0,57.97,65.67,31.13,270.6,24.75,219.23,133.32,57.53,0.0,860.2
34.4576,0.0,0.0,0.0,0.0,0.0,0.0,0.0,0.0,49.17,58.63,26.29,273.46,24.75,221.98,133.32,57.53,0.0,845.13
34.4676,0.0,0.0,0.0,0.0,0.0,0.0,0.0,0.0,40.37,51.59,21.56,273.46,24.75,224.73,133.32,59.95,0.0,829.73
34.4776,0.0,0.0,0.0,0.0,0.0,0.0,0.0,0.0,33.33,46.86,19.14,273.46,24.75,227.48,133.32,62.37,0.0,820.71
34.4876,0.0,0.0,0.0,0.0,0.0,0.0,0.0,0.0,28.05,39.82,14.3,270.6,22.0,227.48,133.32,62.37,0.0,797.94
34.4976,0.0,0.0,0.0,0.0,0.0,0.0,0.0,0.0,22.77,35.09,11.88,270.6,22.0,230.34,136.29,64.9,0.0,793.87
34.5076,0.0,0.0,0.0,0.0,0.0,0.0,0.0,0.0,19.25,28.05,9.57,270.6,19.25,233.09,136.29,64.9,0.0,781.0
34.5176,0.0,0.0,0.0,0.0,0.0,0.0,0.0,0.0,15.73,23.43,9.57,267.63,19.25,235.95,139.15,67.32,0.0,778.03
34.5276,0.0,0.0,0.0,0.0,0.0,0.0,0.0,0.0,13.97,18.7,7.15,264.77,19.25,238.7,142.12,69.74,0.0,774.4
34.5376,0.0,0.0,0.0,0.0,0.0,0.0,0.0,0.0,12.21,13.97,7.15,261.8,19.25,241.45,144.98,72.16,0.0,772.97
34.5476,0.0,0.0,0.0,0.0,0.0,0.0,0.0,0.0,10.45,11.66,7.15,258.94,19.25,241.45,147.84,74.69,0.0,771.43
34.5576,0.0,0.0,0.0,0.0,0.0,0.0,0.0,0.0,8.69,11.66,4.73,253.11,19.25,247.06,153.67,77.11,0.0,775.28
34.5676,0.0,0.0,0.0,0.0,0.0,0.0,0.0,0.0,8.69,9.35,4.73,250.14,19.25,249.92,159.5,79.53,0.0,781.11
34.5776,0.0,0.0,0.0,0.0,0.0,0.0,0.0,0.0,6.93,9.35,0.0,244.42,19.25,252.67,168.3,81.95,0.0,782.87
34.5876,0.0,0.0,0.0,0.0,0.0,0.0,0.0,0.0,6.93,6.93,0.0,238.59,19.25,255.42,174.24,86.9,0.0,788.26
34.5976,0.0,0.0,0.0,0.0,0.0,0.0,0.0,0.0,6.93,6.93,0.0,235.62,19.25,261.03,183.15,89.32,0.0,802.23
34.6076,0.0,0.0,0.0,0.0,0.0,0.0,0.0,0.0,5.17,4.62,0.0,226.93,19.25,263.89,192.06,94.27,0.0,806.19
34.6176,0.0,0.0,0.0,0.0,0.0,0.0,0.0,0.0,5.17,4.62,0.0,220.77,19.25,269.39,201.08,99.11,0.0,819.39
34.6276,0.0,0.0,0.0,0.0,0.0,0.0,0.0,0.0,5.17,4.62,0.0,211.2,16.5,272.25,209.99,104.06,0.0,823.79
34.6376,0.0,0.0,0.0,0.0,0.0,0.0,0.0,0.0,3.41,0.0,0.0,198.44,16.5,272.25,218.9,108.9,0.0,818.4
34.6476,0.0,0.0,0.0,0.0,0.0,0.0,0.0,0.0,3.41,0.0,0.0,185.57,16.5,272.25,224.73,116.05,0.0,818.51
34.6576,0.0,0.0,0.0,0.0,0.0,0.0,0.0,0.0,3.41,0.0,0.0,169.62,13.75,272.25,230.45,122.76,0.0,812.24
34.6676,4.62,0.0,0.0,0.0,0.0,0.0,0.0,0.0,0.0,0.0,0.0,150.59,11.0,272.25,233.2,127.16,4.62,794.2
34.6776,20.9,3.85,0.0,0.0,0.0,0.0,0.0,0.0,0.0,0.0,0.0,134.86,8.25,269.39,236.06,133.87,24.75,782.43
34.6876,75.57,15.51,0.0,0.0,0.0,0.0,0.0,0.0,0.0,0.0,0.0,112.75,5.5,263.89,236.06,138.38,91.08,756.58
34.6976,236.28,56.54,16.94,0.0,0.0,0.0,0.0,0.0,0.0,0.0,0.0,90.75,5.5,255.42,236.06,145.09,309.76,732.82
34.7076,246.73,78.54,36.3,8.58,0.0,0.0,0.0,0.0,0.0,0.0,0.0,65.67,0.0,241.45,238.92,149.6,370.15,695.64
34.7176,236.28,107.14,55.77,24.09,0.0,7.81,0.0,0.0,0.0,0.0,0.0,42.35,0.0,211.2,238.92,154.0,431.09,646.47
34.7276,238.92,134.75,69.85,37.84,0.0,13.64,0.0,3.52,0.0,0.0,0.0,25.41,0.0,168.19,233.2,156.31,498.52,583.11
34.7376,244.09,151.47,77.0,46.53,0.0,33.22,2.97,8.8,0.0,0.0,0.0,19.8,5.5,108.24,215.93,149.6,564.08,499.07
34.7476,246.73,164.01,84.04,55.11,0.0,48.84,12.21,14.08,0.0,0.0,0.0,16.94,5.5,59.4,177.21,136.18,625.02,395.23
34.7576,244.09,172.81,91.08,63.03,0.0,63.03,25.96,17.6,0.0,0.0,0.0,14.08,8.25,40.37,121.77,120.45,677.6,304.92
34.7676,251.9,184.25,100.54,69.63,6.27,74.25,39.71,22.88,0.0,0.0,0.0,11.22,8.25,30.8,74.36,101.53,749.43,226.16
34.7776,254.43,188.76,110.0,76.23,12.65,87.67,53.46,26.4,0.0,0.0,0.0,8.47,5.5,21.34,53.9,77.11,809.6,166.32
34.7876,259.6,193.27,119.79,82.83,16.94,98.89,67.32,31.79,0.0,0.0,0.0,5.61,0.0,16.61,38.5,48.73,870.43,109.45
34.7976,259.6,193.27,127.27,87.34,21.12,110.11,81.84,37.07,0.0,0.0,0.0,0.0,0.0,11.88,25.63,21.12,917.62,58.63
34.8076,254.43,190.96,127.27,96.14,25.41,118.69,94.49,42.35,0.0,0.0,0.0,0.0,0.0,7.04,17.93,6.27,949.74,31.24
34.8176,246.73,186.45,124.74,102.74,27.5,127.16,101.75,45.87,0.0,0.0,0.0,0.0,0.0,4.73,12.76,0.0,962.94,17.49
34.8276,233.75,177.43,119.79,107.14,29.59,133.54,110.88,49.39,0.0,0.0,0.0,0.0,0.0,0.0,10.23,0.0,961.51,10.23
34.8376,218.46,168.3,114.84,113.85,31.68,139.92,118.47,51.15,0.0,0.0,0.0,0.0,0.0,0.0,7.7,0.0,956.67,7.7
34.8476,203.94,155.65,107.69,116.05,31.68,144.1,124.52,52.91,0.0,0.0,0.0,0.0,0.0,0.0,7.7,0.0,936.54,7.7
34.8576,189.31,143.11,100.54,118.25,33.88,148.39,132.55,54.67,0.0,0.0,0.0,0.0,0.0,0.0,7.7,0.0,920.7,7.7
34.8676,177.21,132.66,93.5,118.25,35.97,150.48,138.6,54.67,0.0,0.0,0.0,0.0,0.0,0.0,5.06,0.0,901.34,5.06
34.8776,165.0,122.21,88.77,120.56,38.06,152.57,142.67,56.54,0.0,0.0,0.0,0.0,0.0,0.0,0.0,0.0,886.38,0.0
34.8876,152.68,111.54,81.73,120.56,38.06,154.66,146.74,58.52,0.0,0.0,0.0,0.0,0.0,0.0,0.0,0.0,864.49,0.0
34.8976,140.47,102.74,74.58,122.76,38.06,156.86,146.74,58.52,0.0,0.0,0.0,0.0,0.0,0.0,0.0,0.0,840.73,0.0
34.9076,125.73,91.74,67.54,122.76,38.06,156.86,148.72,58.52,0.0,0.0,0.0,0.0,0.0,0.0,0.0,0.0,809.93,0.0
34.9176,113.41,80.74,60.39,122.76,38.06,156.86,150.7,58.52,0.0,0.0,0.0,0.0,0.0,0.0,0.0,0.0,781.44,0.0
34.9276,99.88,69.74,53.24,120.56,38.06,156.86,150.7,58.52,0.0,0.0,0.0,0.0,0.0,0.0,0.0,0.0,747.56,0.0
34.9376,88.88,60.94,45.98,122.76,38.06,158.95,152.79,58.52,0.0,0.0,0.0,0.0,0.0,0.0,0.0,0.0,726.88,0.0
34.9476,77.77,52.58,38.72,120.56,38.06,158.95,154.77,58.52,0.0,0.0,0.0,0.0,0.0,0.0,0.0,0.0,699.93,0.0
34.9576,66.77,44.77,33.88,120.56,38.06,161.04,154.77,58.52,0.0,0.0,0.0,0.0,0.0,0.0,0.0,0.0,678.37,0.0
34.9676,55.77,38.94,26.62,120.56,38.06,163.13,158.84,58.52,0.0,0.0,0.0,0.0,0.0,0.0,0.0,0.0,660.44,0.0
34.9776,41.8,31.13,19.36,120.56,38.06,163.13,160.82,58.52,0.0,0.0,0.0,0.0,0.0,0.0,0.0,0.0,633.38,0.0
34.9876,30.14,25.3,14.52,118.25,38.06,165.33,166.87,58.52,0.0,0.0,0.0,0.0,0.0,0.0,0.0,0.0,616.99,0.0
34.9976,23.21,19.47,12.1,116.05,35.97,165.33,173.03,60.5,0.0,0.0,0.0,0.0,0.0,0.0,0.0,0.0,605.66,0.0
35.0075,18.59,15.51,9.68,113.85,35.97,167.53,179.3,60.5,0.0,0.0,0.0,0.0,0.0,0.0,0.0,0.0,600.93,0.0
35.0175,16.17,11.66,7.26,109.34,35.97,169.73,187.55,60.5,0.0,0.0,0.0,0.0,0.0,0.0,0.0,0.0,598.18,0.0
35.0275,13.86,9.68,7.26,107.14,35.97,174.13,195.8,62.59,0.0,0.0,0.0,0.0,0.0,0.0,0.0,0.0,606.43,0.0
35.0375,11.55,7.7,7.26,102.74,35.97,174.13,204.05,64.57,0.0,0.0,0.0,0.0,0.0,0.0,0.0,0.0,607.97,0.0
35.0475,9.24,7.7,4.84,100.54,35.97,176.33,212.41,66.55,0.0,0.0,0.0,0.0,0.0,0.0,0.0,0.0,613.58,0.0
35.0575,6.93,7.7,4.84,98.34,35.97,178.53,218.57,66.55,0.0,0.0,0.0,0.0,0.0,0.0,0.0,0.0,617.43,0.0
35.0675,6.93,5.83,0.0,93.94,35.97,178.53,227.04,68.64,0.0,0.0,0.0,0.0,0.0,0.0,0.0,0.0,616.88,0.0
35.0775,6.93,3.85,0.0,91.74,35.97,180.73,233.64,70.62,0.0,0.0,0.0,0.0,0.0,0.0,0.0,0.0,623.48,0.0
35.0875,4.62,3.85,0.0,89.54,33.88,182.93,242.44,72.6,0.0,0.0,0.0,0.0,0.0,0.0,0.0,0.0,629.86,0.0
35.0975,4.62,3.85,0.0,85.03,33.88,185.13,249.04,74.69,0.0,0.0,0.0,0.0,0.0,0.0,0.0,0.0,636.24,0.0
35.1075,4.62,3.85,0.0,80.63,31.68,185.13,255.75,76.67,0.0,0.0,0.0,0.0,0.0,0.0,0.0,0.0,638.33,0.0
35.1175,4.62,3.85,0.0,74.03,31.68,185.13,260.15,80.74,0.0,0.0,0.0,0.0,0.0,0.0,0.0,0.0,640.2,0.0
35.1275,4.62,0.0,0.0,65.23,29.59,185.13,266.75,86.79,0.0,0.0,0.0,0.0,0.0,0.0,0.0,0.0,638.11,0.0
35.1375,0.0,0.0,0.0,58.63,25.41,182.93,271.15,90.86,0.0,0.0,0.0,0.0,0.0,0.0,0.0,0.0,628.98,0.0
35.1475,0.0,0.0,0.0,51.7,23.21,182.93,271.15,96.91,0.0,0.0,0.0,0.0,0.0,0.0,0.0,0.0,625.9,0.0
35.1575,0.0,0.0,0.0,44.77,19.03,180.73,271.15,100.87,3.41,0.0,0.0,0.0,0.0,0.0,0.0,0.0,616.55,3.41
35.1675,0.0,0.0,0.0,37.84,14.74,176.33,266.75,104.94,24.53,0.0,0.0,0.0,0.0,0.0,0.0,0.0,600.6,24.53
35.1775,0.0,0.0,0.0,32.67,10.56,169.73,262.35,106.92,146.96,23.43,4.73,0.0,0.0,0.0,0.0,0.0,582.23,175.12
35.1875,0.0,0.0,0.0,25.85,8.47,158.95,255.75,110.99,226.49,46.86,7.15,0.0,0.0,0.0,0.0,0.0,560.01,280.5
35.1975,0.0,0.0,0.0,17.16,6.27,144.1,249.04,113.08,210.1,75.13,23.87,22.55,0.0,0.0,0.0,0.0,529.65,331.65
35.2075,0.0,0.0,0.0,13.75,4.18,122.98,238.04,113.08,212.41,108.24,35.86,53.68,0.0,0.0,5.06,0.0,492.03,415.25
35.2175,0.0,0.0,0.0,11.99,4.18,92.18,222.75,109.01,224.07,135.52,47.85,103.29,0.0,21.34,10.23,0.0,440.11,542.3
35.2275,0.0,0.0,0.0,11.99,6.27,60.83,193.71,102.96,228.91,150.59,52.69,125.4,0.0,42.68,12.76,0.0,375.76,613.03
35.2375,0.0,0.0,0.0,10.34,6.27,39.05,148.72,92.84,214.72,150.59,52.69,141.13,0.0,67.54,17.93,6.27,297.22,650.87
35.2475,0.0,0.0,0.0,6.82,6.27,27.28,90.86,78.65,214.72,158.07,57.75,153.78,0.0,86.46,30.8,12.65,209.88,714.23
35.2575,0.0,0.0,0.0,5.17,4.18,21.45,50.38,60.5,219.34,165.66,63.25,163.24,5.5,94.6,41.03,16.94,141.68,769.56
35.2675,0.0,0.0,0.0,3.41,0.0,15.62,35.09,44.11,221.65,173.03,68.75,172.81,8.25,108.24,51.37,21.12,98.23,825.22
35.2775,0.0,0.0,0.0,0.0,0.0,13.64,30.47,28.27,226.49,177.87,71.39,185.57,11.0,119.13,62.48,25.41,72.38,879.34
35.2875,0.0,0.0,0.0,0.0,0.0,9.68,24.42,19.36,226.49,180.29,76.89,198.44,13.75,130.02,74.36,29.59,53.46,929.83
35.2975,0.0,0.0,0.0,0.0,0.0,7.81,18.26,12.32,221.65,182.71,76.89,211.2,13.75,140.91,80.3,31.79,38.39,959.2
35.3075,0.0,0.0,0.0,0.0,0.0,5.83,13.75,5.28,210.1,177.87,74.14,226.93,16.5,149.05,86.35,33.88,24.86,974.82
35.3175,0.0,0.0,0.0,0.0,0.0,3.85,10.67,3.52,196.24,173.03,71.39,241.45,16.5,159.94,92.29,35.97,18.04,986.81
35.3275,0.0,0.0,0.0,0.0,0.0,3.85,10.67,3.52,179.96,165.66,68.75,253.11,19.25,168.19,95.26,38.06,18.04,988.24
35.3375,0.0,0.0,0.0,0.0,0.0,0.0,7.59,3.52,166.1,158.07,63.25,264.77,19.25,176.22,101.2,40.26,11.11,989.12
35.3475,0.0,0.0,0.0,0.0,0.0,0.0,6.05,0.0,153.34,145.64,60.5,273.46,19.25,184.25,104.17,42.35,6.05,982.96
35.3575,0.0,0.0,0.0,0.0,0.0,0.0,4.51,0.0,138.49,135.52,55.11,279.51,22.0,189.64,107.14,42.35,4.51,969.76
35.3675,0.0,0.0,0.0,0.0,0.0,0.0,2.97,0.0,121.55,123.09,50.27,285.89,22.0,192.39,110.22,44.44,2.97,949.85
35.3775,0.0,0.0,0.0,0.0,0.0,0.0,2.97,0.0,107.58,113.08,45.43,295.35,22.0,197.67,110.22,44.44,2.97,935.77
35.3875,0.0,0.0,0.0,0.0,0.0,0.0,0.0,0.0,94.16,101.2,40.7,301.62,22.0,200.42,113.08,46.53,0.0,919.71
35.3975,0.0,0.0,0.0,0.0,0.0,0.0,0.0,0.0,80.85,87.01,35.86,308.0,22.0,205.81,113.08,46.53,0.0,899.14
35.4075,0.0,0.0,0.0,0.0,0.0,0.0,0.0,0.0,67.43,77.55,31.13,314.27,22.0,208.45,113.08,46.53,0.0,880.44
35.4175,0.0,0.0,0.0,0.0,0.0,0.0,0.0,0.0,56.21,68.09,26.29,317.46,22.0,213.84,113.08,48.73,0.0,865.7
35.4275,0.0,0.0,0.0,0.0,0.0,0.0,0.0,0.0,47.41,58.63,21.56,320.54,19.25,213.84,113.08,48.73,0.0,843.04
35.4375,0.0,0.0,0.0,0.0,0.0,0.0,0.0,0.0,38.61,51.59,16.72,323.73,19.25,219.23,113.08,48.73,0.0,830.94
35.4475,0.0,0.0,0.0,0.0,0.0,0.0,0.0,0.0,33.33,46.86,14.3,323.73,19.25,221.98,110.22,50.82,0.0,820.49
35.4575,0.0,0.0,0.0,0.0,0.0,0.0,0.0,0.0,26.29,39.82,11.88,323.73,19.25,224.73,113.08,50.82,0.0,809.6
35.4675,0.0,0.0,0.0,0.0,0.0,0.0,0.0,0.0,21.01,35.09,9.57,323.73,16.5,227.48,113.08,52.91,0.0,799.37
35.4775,0.0,0.0,0.0,0.0,0.0,0.0,0.0,0.0,17.49,28.05,9.57,320.54,16.5,227.48,113.08,55.11,0.0,787.82
35.4875,0.0,0.0,0.0,0.0,0.0,0.0,0.0,0.0,13.97,25.74,7.15,320.54,16.5,233.09,115.94,57.53,0.0,790.46
35.4975,0.0,0.0,0.0,0.0,0.0,0.0,0.0,0.0,12.21,21.01,7.15,317.46,16.5,235.95,118.91,59.95,0.0,789.14
35.5075,0.0,0.0,0.0,0.0,0.0,0.0,0.0,0.0,10.45,16.39,7.15,314.27,16.5,238.7,121.77,62.37,0.0,787.6
35.5175,0.0,0.0,0.0,0.0,0.0,0.0,0.0,0.0,10.45,13.97,4.73,308.0,16.5,241.45,124.63,64.9,0.0,784.63
35.5275,0.0,0.0,0.0,0.0,0.0,0.0,0.0,0.0,8.69,13.97,4.73,304.81,16.5,247.06,130.46,67.32,0.0,793.54
35.5375,0.0,0.0,0.0,0.0,0.0,0.0,0.0,0.0,8.69,11.66,4.73,298.43,16.5,249.92,136.29,72.16,0.0,798.38
35.5475,0.0,0.0,0.0,0.0,0.0,0.0,0.0,0.0,6.93,9.35,4.73,295.35,16.5,255.42,139.15,74.69,0.0,802.12
35.5575,0.0,0.0,0.0,0.0,0.0,0.0,0.0,0.0,6.93,9.35,0.0,292.16,16.5,258.28,147.84,79.53,0.0,810.59
35.5675,0.0,0.0,0.0,0.0,0.0,0.0,0.0,0.0,6.93,6.93,0.0,288.97,16.5,261.03,153.67,81.95,0.0,815.98
35.5775,0.0,0.0,0.0,0.0,0.0,0.0,0.0,0.0,6.93,6.93,0.0,282.7,16.5,266.64,159.5,84.48,0.0,823.68
35.5875,0.0,0.0,0.0,0.0,0.0,0.0,0.0,0.0,5.17,6.93,0.0,276.43,16.5,269.39,165.33,89.32,0.0,829.07
35.5975,0.0,0.0,0.0,0.0,0.0,0.0,0.0,0.0,5.17,4.62,0.0,270.6,16.5,272.25,174.24,91.74,0.0,835.12
35.6075,0.0,0.0,0.0,0.0,0.0,0.0,0.0,0.0,5.17,4.62,0.0,258.94,16.5,277.86,183.15,96.69,0.0,842.93
35.6175,0.0,0.0,0.0,0.0,0.0,0.0,0.0,0.0,3.41,4.62,0.0,244.42,16.5,277.86,189.09,101.53,0.0,837.43
35.6275,0.0,0.0,0.0,0.0,0.0,0.0,0.0,0.0,3.41,4.62,0.0,229.79,13.75,277.86,198.11,106.48,0.0,834.02
35.6375,0.0,0.0,0.0,0.0,0.0,0.0,0.0,0.0,3.41,0.0,0.0,211.2,11.0,277.86,204.05,108.9,0.0,816.42
35.6475,0.0,0.0,0.0,0.0,0.0,0.0,0.0,0.0,0.0,0.0,0.0,191.95,11.0,277.86,207.02,113.85,0.0,801.68
35.6575,9.24,0.0,0.0,0.0,0.0,0.0,0.0,0.0,0.0,0.0,0.0,169.62,8.25,275.0,209.99,118.25,9.24,781.11
35.6675,37.18,5.83,0.0,0.0,0.0,0.0,0.0,0.0,0.0,0.0,0.0,150.59,5.5,272.25,209.99,122.76,43.01,761.09
35.6775,145.31,33.11,0.0,0.0,0.0,0.0,0.0,0.0,0.0,0.0,0.0,125.4,5.5,263.89,212.96,127.16,178.42,734.91
35.6875,246.73,69.74,19.36,5.17,0.0,0.0,0.0,0.0,0.0,0.0,0.0,100.21,0.0,255.42,212.96,131.67,341.0,700.26
35.6975,238.92,93.94,36.3,22.33,0.0,3.85,0.0,0.0,0.0,0.0,0.0,71.94,0.0,235.95,212.96,138.38,395.34,659.23
35.7075,241.45,124.3,53.24,31.02,0.0,9.68,0.0,3.52,0.0,0.0,0.0,45.21,0.0,205.81,212.96,142.89,463.21,606.87
35.7175,244.09,141.02,62.81,44.77,0.0,19.47,0.0,5.28,0.0,0.0,0.0,25.41,5.5,159.94,207.02,145.09,517.44,542.96
35.7275,251.9,155.65,69.85,53.35,0.0,35.09,2.97,8.8,0.0,0.0,0.0,22.55,5.5,100.1,192.06,140.58,577.61,460.79
35.7375,249.26,161.92,74.58,60.83,0.0,48.84,10.67,14.08,0.0,0.0,0.0,19.8,8.25,59.4,153.67,127.16,620.18,368.28
35.7475,251.9,172.81,81.73,69.63,0.0,65.34,24.42,17.6,0.0,0.0,0.0,16.94,8.25,40.37,101.2,113.85,683.43,280.61
35.7575,264.88,186.45,93.5,76.23,6.27,76.56,36.63,22.88,0.0,0.0,0.0,11.22,5.5,28.49,62.48,96.69,763.4,204.38
35.7675,272.58,193.27,100.54,82.83,12.65,87.67,48.84,26.4,0.0,0.0,0.0,8.47,0.0,21.34,46.2,69.74,824.78,145.75
35.7775,282.92,200.09,112.42,87.34,16.94,96.69,61.93,30.03,0.0,0.0,0.0,5.61,0.0,14.19,33.33,42.35,888.36,95.48
35.7875,285.45,200.09,119.79,91.74,21.12,105.6,72.82,31.79,0.0,0.0,0.0,0.0,0.0,11.88,25.63,16.94,928.4,54.45
35.7975,280.39,200.09,119.79,98.34,23.21,112.42,81.84,33.55,0.0,0.0,0.0,0.0,0.0,7.04,17.93,4.18,949.63,29.15
35.8075,275.22,197.78,119.79,102.74,25.41,118.69,89.1,35.31,0.0,0.0,0.0,0.0,0.0,4.73,15.4,0.0,964.04,20.13
35.8175,264.88,190.96,114.84,107.14,27.5,122.98,94.49,38.83,0.0,0.0,0.0,0.0,0.0,0.0,12.76,0.0,961.62,12.76
35.8275,254.43,184.25,112.42,111.54,29.59,129.25,99.99,38.83,0.0,0.0,0.0,0.0,0.0,0.0,10.23,0.0,960.3,10.23
35.8375,241.45,175.12,107.69,113.85,29.59,131.45,103.62,40.59,0.0,0.0,0.0,0.0,0.0,0.0,7.7,0.0,943.36,7.7
35.8475,228.58,164.01,102.96,113.85,31.68,135.63,109.01,42.35,0.0,0.0,0.0,0.0,0.0,0.0,5.06,0.0,928.07,5.06
35.8575,213.62,153.56,98.23,116.05,33.88,137.72,114.51,44.11,0.0,0.0,0.0,0.0,0.0,0.0,5.06,0.0,911.68,5.06
35.8675,203.94,145.2,93.5,118.25,33.88,139.92,118.47,45.87,0.0,0.0,0.0,0.0,0.0,0.0,0.0,0.0,899.03,0.0
35.8775,191.73,134.75,88.77,118.25,35.97,142.01,122.54,47.63,0.0,0.0,0.0,0.0,0.0,0.0,0.0,0.0,881.65,0.0
35.8875,179.63,126.39,81.73,118.25,35.97,144.1,126.5,47.63,0.0,0.0,0.0,0.0,0.0,0.0,0.0,0.0,860.2,0.0
35.8975,167.53,115.94,77.0,120.56,38.06,144.1,128.59,49.39,0.0,0.0,0.0,0.0,0.0,0.0,0.0,0.0,841.17,0.0
35.9075,152.68,104.94,69.85,118.25,38.06,146.19,130.57,49.39,0.0,0.0,0.0,0.0,0.0,0.0,0.0,0.0,809.93,0.0
35.9175,140.47,96.14,65.12,118.25,38.06,146.19,134.64,49.39,0.0,0.0,0.0,0.0,0.0,0.0,0.0,0.0,788.26,0.0
35.9275,128.15,87.34,60.39,118.25,38.06,148.39,136.62,49.39,0.0,0.0,0.0,0.0,0.0,0.0,0.0,0.0,766.59,0.0
35.9375,118.36,78.54,53.24,118.25,40.15,148.39,138.6,51.15,0.0,0.0,0.0,0.0,0.0,0.0,0.0,0.0,746.68,0.0
35.9475,106.48,69.74,48.4,118.25,40.15,150.48,142.67,51.15,0.0,0.0,0.0,0.0,0.0,0.0,0.0,0.0,727.32,0.0
35.9575,97.68,63.14,43.56,120.56,40.15,152.57,146.74,51.15,0.0,0.0,0.0,0.0,0.0,0.0,0.0,0.0,715.55,0.0
35.9675,88.88,54.56,38.72,120.56,40.15,154.66,148.72,51.15,0.0,0.0,0.0,0.0,0.0,0.0,0.0,0.0,697.4,0.0
35.9775,79.97,48.73,36.3,120.56,42.35,156.86,152.79,52.91,0.0,0.0,0.0,0.0,0.0,0.0,0.0,0.0,690.47,0.0
35.9875,71.17,42.79,31.46,122.76,42.35,158.95,156.75,52.91,0.0,0.0,0.0,0.0,0.0,0.0,0.0,0.0,679.14,0.0
35.9975,62.37,38.94,26.62,124.96,42.35,163.13,160.82,52.91,0.0,0.0,0.0,0.0,0.0,0.0,0.0,0.0,672.1,0.0
36.0075,51.04,33.11,21.78,124.96,42.35,165.33,166.87,54.67,0.0,0.0,0.0,0.0,0.0,0.0,0.0,0.0,660.11,0.0
36.0175,41.8,27.28,16.94,124.96,42.35,167.53,173.03,56.54,0.0,0.0,0.0,0.0,0.0,0.0,0.0,0.0,650.43,0.0
36.0275,34.76,23.32,14.52,124.96,44.44,169.73,181.28,56.54,0.0,0.0,0.0,0.0,0.0,0.0,0.0,0.0,649.55,0.0
36.0375,27.83,19.47,12.1,124.96,44.44,174.13,191.62,58.52,0.0,0.0,0.0,0.0,0.0,0.0,0.0,0.0,653.07,0.0
36.0475,23.21,17.49,12.1,122.76,44.44,176.33,199.98,60.5,0.0,0.0,0.0,0.0,0.0,0.0,0.0,0.0,656.81,0.0
36.0575,20.9,13.64,9.68,122.76,46.53,178.53,210.32,60.5,0.0,0.0,0.0,0.0,0.0,0.0,0.0,0.0,662.86,0.0
36.0675,16.17,11.66,9.68,120.56,46.53,180.73,220.66,62.59,0.0,0.0,0.0,0.0,0.0,0.0,0.0,0.0,668.58,0.0
36.0775,13.86,9.68,7.26,118.25,48.62,182.93,229.24,62.59,0.0,0.0,0.0,0.0,0.0,0.0,0.0,0.0,672.43,0.0
36.0875,11.55,7.7,7.26,116.05,46.53,185.13,238.04,64.57,0.0,0.0,0.0,0.0,0.0,0.0,0.0,0.0,676.83,0.0
36.0975,11.55,7.7,4.84,111.54,46.53,185.13,249.04,66.55,0.0,0.0,0.0,0.0,0.0,0.0,0.0,0.0,682.88,0.0
36.1075,9.24,5.83,4.84,104.94,46.53,187.33,257.95,68.64,0.0,0.0,0.0,0.0,0.0,0.0,0.0,0.0,685.3,0.0
36.1175,6.93,5.83,0.0,96.14,44.44,187.33,266.75,70.62,0.0,0.0,0.0,0.0,0.0,0.0,0.0,0.0,678.04,0.0
36.1275,4.62,3.85,0.0,85.03,40.15,187.33,271.15,72.6,0.0,0.0,0.0,0.0,0.0,0.0,0.0,0.0,664.73,0.0
36.1375,4.62,3.85,0.0,76.23,38.06,187.33,275.66,76.67,0.0,0.0,0.0,0.0,0.0,0.0,0.0,0.0,662.42,0.0
36.1475,4.62,0.0,0.0,65.23,31.68,185.13,275.66,80.74,15.73,0.0,0.0,0.0,0.0,0.0,0.0,0.0,643.06,15.73
36.1575,0.0,3.85,0.0,53.35,25.41,182.93,273.35,84.81,86.57,11.66,0.0,0.0,0.0,0.0,0.0,0.0,623.7,98.23
36.1675,0.0,0.0,0.0,43.01,19.03,176.33,271.15,86.79,214.72,37.51,7.15,0.0,0.0,0.0,0.0,0.0,596.31,259.38
36.1775,0.0,0.0,0.0,32.67,12.65,165.33,264.55,90.86,207.79,63.36,14.3,8.47,0.0,0.0,0.0,0.0,566.06,293.92
36.1875,0.0,0.0,0.0,22.33,8.47,148.39,257.95,92.84,212.41,96.47,31.13,31.02,0.0,0.0,0.0,0.0,529.98,371.03
36.1975,0.0,0.0,0.0,15.51,6.27,125.07,251.35,94.82,210.1,120.56,38.28,62.48,0.0,0.0,0.0,0.0,493.02,431.42
36.2075,0.0,0.0,0.0,11.99,4.18,96.69,238.04,94.82,219.34,140.58,43.12,90.75,0.0,7.04,5.06,0.0,445.72,505.89
36.2175,0.0,0.0,0.0,10.34,4.18,60.83,210.32,92.84,207.79,143.11,45.43,103.29,0.0,18.92,5.06,0.0,378.51,523.6
36.2275,0.0,0.0,0.0,8.58,6.27,37.07,166.87,84.81,205.48,145.64,47.85,115.94,0.0,40.37,7.7,0.0,303.6,562.98
36.2375,0.0,0.0,0.0,6.82,4.18,25.3,112.64,72.6,210.1,153.12,52.69,125.4,0.0,62.04,12.76,4.18,221.54,620.29
36.2475,0.0,0.0,0.0,5.17,4.18,19.47,61.93,56.54,219.34,160.6,63.25,131.67,0.0,75.68,20.46,8.47,147.29,679.47
36.2575,0.0,0.0,0.0,3.41,0.0,15.62,41.25,44.11,236.28,170.61,71.39,134.86,8.25,86.46,35.97,14.74,104.39,758.56
36.2675,0.0,0.0,0.0,0.0,0.0,11.66,30.47,31.79,251.13,180.29,79.64,141.13,11.0,94.6,46.2,19.03,73.92,823.02
36.2775,0.0,0.0,0.0,0.0,0.0,7.81,25.96,21.12,263.45,185.13,87.78,144.32,11.0,100.1,56.54,21.12,54.89,869.44
36.2875,0.0,0.0,0.0,0.0,0.0,5.83,19.8,14.08,265.87,187.55,90.53,147.51,13.75,105.49,62.48,23.21,39.71,896.39
36.2975,0.0,0.0,0.0,0.0,0.0,3.85,13.75,5.28,265.87,189.97,93.28,150.59,13.75,110.99,68.42,25.41,22.88,918.28
36.3075,0.0,0.0,0.0,0.0,0.0,3.85,9.13,3.52,265.87,189.97,93.28,156.97,13.75,113.63,74.36,27.5,16.5,935.33
36.3175,0.0,0.0,0.0,0.0,0.0,0.0,9.13,0.0,260.92,189.97,93.28,160.05,16.5,119.13,77.33,27.5,9.13,944.68
36.3275,0.0,0.0,0.0,0.0,0.0,0.0,7.59,0.0,253.55,187.55,93.28,163.24,16.5,124.52,83.27,29.59,7.59,951.5
36.3375,0.0,0.0,0.0,0.0,0.0,0.0,7.59,0.0,243.76,182.71,90.53,169.62,19.25,130.02,89.32,29.59,7.59,954.8
36.3475,0.0,0.0,0.0,0.0,0.0,0.0,6.05,0.0,233.86,177.87,90.53,172.81,19.25,135.41,95.26,31.79,6.05,956.78
36.3575,0.0,0.0,0.0,0.0,0.0,0.0,4.51,0.0,221.65,170.61,87.78,179.19,22.0,138.16,101.2,33.88,4.51,954.47
36.3675,0.0,0.0,0.0,0.0,0.0,0.0,2.97,0.0,210.1,163.13,85.03,182.38,22.0,143.66,104.17,33.88,2.97,944.35
36.3775,0.0,0.0,0.0,0.0,0.0,0.0,2.97,0.0,198.55,155.65,82.39,185.57,24.75,149.05,110.22,35.97,2.97,942.15
36.3875,0.0,0.0,0.0,0.0,0.0,0.0,0.0,0.0,184.58,148.06,79.64,188.76,24.75,154.55,115.94,38.06,0.0,934.34
36.3975,0.0,0.0,0.0,0.0,0.0,0.0,0.0,0.0,173.03,140.58,74.14,195.14,24.75,157.19,118.91,38.06,0.0,921.8
36.4075,0.0,0.0,0.0,0.0,0.0,0.0,0.0,0.0,159.72,133.1,68.75,198.44,24.75,162.69,118.91,40.26,0.0,906.62
36.4175,0.0,0.0,0.0,0.0,0.0,0.0,0.0,0.0,146.96,123.09,66.0,201.63,24.75,165.44,121.77,40.26,0.0,889.9
36.4275,0.0,0.0,0.0,0.0,0.0,0.0,0.0,0.0,136.4,115.5,63.25,208.01,24.75,170.83,124.63,42.35,0.0,885.72
36.4374,0.0,0.0,0.0,0.0,0.0,0.0,0.0,0.0,125.84,110.66,60.5,214.39,27.5,173.47,124.63,42.35,0.0,879.34
36.4474,0.0,0.0,0.0,0.0,0.0,0.0,0.0,0.0,117.37,103.51,57.75,217.58,27.5,178.86,127.6,44.44,0.0,874.61
36.4574,0.0,0.0,0.0,0.0,0.0,0.0,0.0,0.0,109.45,98.78,55.11,220.77,27.5,181.61,130.46,44.44,0.0,868.12
36.4674,0.0,0.0,0.0,0.0,0.0,0.0,0.0,0.0,101.86,91.74,52.69,226.93,27.5,187.0,133.32,46.53,0.0,867.57
36.4774,0.0,0.0,0.0,0.0,0.0,0.0,0.0,0.0,94.16,87.01,50.27,229.79,27.5,192.39,136.29,46.53,0.0,863.94
36.4874,0.0,0.0,0.0,0.0,0.0,0.0,0.0,0.0,88.44,82.28,47.85,229.79,27.5,197.67,142.12,48.73,0.0,864.38
36.4974,0.0,0.0,0.0,0.0,0.0,0.0,0.0,0.0,82.72,77.55,45.43,232.76,30.25,200.42,144.98,52.91,0.0,867.02
36.5074,0.0,0.0,0.0,0.0,0.0,0.0,0.0,0.0,75.13,72.82,43.12,235.62,30.25,205.81,150.81,55.11,0.0,868.67
36.5174,0.0,0.0,0.0,0.0,0.0,0.0,0.0,0.0,69.41,65.67,40.7,238.59,33.0,211.2,156.53,57.53,0.0,872.63
36.5274,0.0,0.0,0.0,0.0,0.0,0.0,0.0,0.0,61.71,60.94,38.28,241.45,33.0,216.59,162.36,62.37,0.0,876.7
36.5374,0.0,0.0,0.0,0.0,0.0,0.0,0.0,0.0,54.45,56.21,35.86,244.42,33.0,221.98,171.27,64.9,0.0,882.09
36.5474,0.0,0.0,0.0,0.0,0.0,0.0,0.0,0.0,47.41,51.59,33.44,244.42,33.0,227.48,177.21,67.32,0.0,881.87
36.5574,0.0,0.0,0.0,0.0,0.0,0.0,0.0,0.0,40.37,46.86,31.13,247.28,35.75,233.09,186.12,72.16,0.0,892.76
36.5674,0.0,0.0,0.0,0.0,0.0,0.0,0.0,0.0,35.09,39.82,28.71,247.28,35.75,238.7,195.14,77.11,0.0,897.6
36.5774,0.0,0.0,0.0,0.0,0.0,0.0,0.0,0.0,28.05,35.09,23.87,244.42,35.75,244.31,204.05,79.53,0.0,895.07
36.5874,0.0,0.0,0.0,0.0,0.0,0.0,0.0,0.0,22.77,28.05,19.14,241.45,35.75,247.06,212.96,84.48,0.0,891.66
36.5974,0.0,0.0,0.0,0.0,0.0,0.0,0.0,0.0,17.49,18.7,14.3,235.62,35.75,249.92,221.98,86.9,0.0,880.66
36.6074,0.0,0.0,0.0,0.0,0.0,0.0,0.0,0.0,12.21,13.97,11.88,224.07,35.75,252.67,230.45,89.32,0.0,870.32
36.6174,0.0,0.0,0.0,0.0,0.0,0.0,0.0,0.0,10.45,9.35,7.15,211.2,35.75,252.67,238.92,94.27,0.0,859.76
36.6274,0.0,0.0,0.0,0.0,0.0,0.0,0.0,0.0,8.69,6.93,4.73,195.14,33.0,252.67,241.67,96.69,0.0,839.52
36.6374,9.24,0.0,0.0,0.0,0.0,0.0,0.0,0.0,6.93,4.62,4.73,176.0,30.25,252.67,247.39,101.53,9.24,824.12
36.6474,34.76,5.83,0.0,0.0,0.0,0.0,0.0,0.0,5.17,0.0,0.0,153.78,27.5,252.67,250.14,106.48,40.59,795.74
36.6574,150.26,36.96,0.0,0.0,0.0,0.0,0.0,0.0,5.17,0.0,0.0,131.67,22.0,247.06,250.14,111.32,187.22,767.36
36.6674,244.09,76.34,19.36,3.41,0.0,0.0,0.0,0.0,3.41,0.0,0.0,109.56,19.25,238.7,250.14,116.05,343.2,737.11
36.6774,241.45,111.54,36.3,20.68,0.0,0.0,0.0,0.0,3.41,0.0,0.0,81.29,13.75,224.73,247.39,118.25,409.97,688.82
36.6874,244.09,151.47,50.82,31.02,0.0,7.81,0.0,0.0,0.0,0.0,0.0,53.68,8.25,200.42,244.53,120.45,485.21,627.33
36.6974,246.73,172.81,58.08,46.53,0.0,13.64,0.0,0.0,0.0,0.0,0.0,31.02,5.5,165.44,241.67,122.76,537.79,566.39
36.7074,246.73,184.25,58.08,55.11,0.0,19.47,0.0,0.0,0.0,0.0,0.0,16.94,0.0,116.38,230.45,122.76,563.64,486.53
36.7174,241.45,190.96,60.39,63.03,0.0,31.24,0.0,5.28,0.0,0.0,0.0,14.08,0.0,64.79,204.05,118.25,592.35,401.17
36.7274,246.73,204.6,67.54,74.03,0.0,46.86,0.0,8.8,0.0,0.0,0.0,11.22,5.5,35.64,153.67,104.06,648.56,310.09
36.7374,254.43,218.24,72.27,82.83,0.0,56.65,2.97,12.32,0.0,0.0,0.0,8.47,5.5,26.07,98.23,86.9,699.71,225.17
36.7474,264.88,227.15,79.31,89.54,0.0,67.54,10.67,15.84,0.0,0.0,0.0,5.61,5.5,21.34,59.51,67.32,754.93,159.28
36.7574,272.58,238.15,86.35,96.14,0.0,78.76,16.72,17.6,0.0,0.0,0.0,5.61,0.0,16.61,38.5,29.59,806.3,90.31
36.7674,280.39,242.55,93.5,102.74,4.18,87.67,25.96,21.12,0.0,0.0,0.0,0.0,0.0,11.88,28.27,23.21,858.11,63.36
36.7774,280.39,244.75,95.81,109.34,6.27,94.49,32.01,22.88,0.0,0.0,0.0,0.0,0.0,7.04,20.46,6.27,885.94,33.77
36.7874,277.86,244.75,95.81,116.05,8.47,98.89,38.17,24.64,0.0,0.0,0.0,0.0,0.0,4.73,15.4,4.18,904.64,24.31
36.7974,270.05,240.35,93.5,120.56,10.56,103.4,41.25,26.4,0.0,0.0,0.0,0.0,0.0,4.73,12.76,0.0,906.07,17.49
36.8074,262.24,233.75,91.08,122.76,10.56,107.91,44.22,26.4,0.0,0.0,0.0,0.0,0.0,0.0,10.23,0.0,898.92,10.23
36.8174,254.43,227.15,88.77,127.27,12.65,110.11,47.3,28.27,0.0,0.0,0.0,0.0,0.0,0.0,7.7,0.0,895.95,7.7
36.8274,244.09,220.55,86.35,129.47,14.74,112.42,48.84,28.27,0.0,0.0,0.0,0.0,0.0,0.0,5.06,0.0,884.73,5.06
36.8374,236.28,211.42,84.04,131.67,14.74,112.42,50.38,28.27,0.0,0.0,0.0,0.0,0.0,0.0,5.06,0.0,869.22,5.06
36.8474,228.58,204.6,79.31,133.98,14.74,114.51,51.92,28.27,0.0,0.0,0.0,0.0,0.0,0.0,0.0,0.0,855.91,0.0
36.8574,218.46,195.58,77.0,133.98,16.94,114.51,53.46,28.27,0.0,0.0,0.0,0.0,0.0,0.0,0.0,0.0,838.2,0.0
36.8674,211.2,186.45,74.58,136.18,16.94,114.51,55.0,30.03,0.0,0.0,0.0,0.0,0.0,0.0,0.0,0.0,824.89,0.0
36.8774,201.52,175.12,69.85,138.38,19.03,116.6,56.54,30.03,0.0,0.0,0.0,0.0,0.0,0.0,0.0,0.0,807.07,0.0
36.8874,189.31,166.1,67.54,142.89,21.12,120.78,60.06,30.03,0.0,0.0,0.0,0.0,0.0,0.0,0.0,0.0,797.83,0.0
36.8974,177.21,153.56,62.81,145.09,21.12,122.98,63.69,31.79,0.0,0.0,0.0,0.0,0.0,0.0,0.0,0.0,778.25,0.0
36.9074,165.0,143.11,60.39,149.6,23.21,127.16,67.32,31.79,0.0,0.0,0.0,0.0,0.0,0.0,0.0,0.0,767.58,0.0
36.9174,155.21,134.75,58.08,149.6,25.41,131.45,70.95,33.55,0.0,0.0,0.0,0.0,0.0,0.0,0.0,0.0,759.0,0.0
36.9274,147.84,126.39,55.77,151.8,27.5,135.63,74.58,33.55,0.0,0.0,0.0,0.0,0.0,0.0,0.0,0.0,753.06,0.0
36.9374,140.47,118.03,53.24,154.11,27.5,139.92,80.08,35.31,0.0,0.0,0.0,0.0,0.0,0.0,0.0,0.0,748.66,0.0
36.9474,133.1,111.54,53.24,154.11,29.59,144.1,85.47,35.31,0.0,0.0,0.0,0.0,0.0,0.0,0.0,0.0,746.46,0.0
36.9574,128.15,104.94,53.24,156.31,31.68,148.39,90.86,37.07,0.0,0.0,0.0,0.0,0.0,0.0,0.0,0.0,750.64,0.0
36.9674,123.2,98.34,50.82,156.31,33.88,152.57,96.36,38.83,0.0,0.0,0.0,0.0,0.0,0.0,0.0,0.0,750.31,0.0
36.9774,118.36,93.94,50.82,156.31,33.88,156.86,103.62,40.59,0.0,0.0,0.0,0.0,0.0,0.0,0.0,0.0,754.38,0.0
36.9874,113.41,87.34,50.82,156.31,35.97,161.04,110.88,44.11,0.0,0.0,0.0,0.0,0.0,0.0,0.0,0.0,759.88,0.0
36.9974,108.68,82.94,48.4,158.51,38.06,165.33,118.47,45.87,0.0,0.0,0.0,0.0,0.0,0.0,0.0,0.0,766.26,0.0
37.0074,99.88,76.34,45.98,158.51,40.15,171.93,126.5,47.63,0.0,0.0,0.0,0.0,0.0,0.0,0.0,0.0,766.92,0.0
37.0174,93.28,69.74,43.56,160.82,42.35,176.33,134.64,51.15,0.0,0.0,0.0,0.0,0.0,0.0,0.0,0.0,771.87,0.0
37.0274,84.48,63.14,41.14,163.02,42.35,180.73,142.67,52.91,0.0,0.0,0.0,0.0,0.0,0.0,0.0,0.0,770.44,0.0
37.0374,75.57,56.54,38.72,165.33,44.44,185.13,150.7,54.67,0.0,0.0,0.0,0.0,0.0,0.0,0.0,0.0,771.1,0.0
37.0474,66.77,50.6,31.46,167.64,46.53,189.53,156.75,56.54,0.0,0.0,0.0,0.0,0.0,0.0,0.0,0.0,765.82,0.0
37.0574,57.97,44.77,29.04,167.64,46.53,194.04,166.87,58.52,0.0,0.0,0.0,0.0,0.0,0.0,0.0,0.0,765.38,0.0
37.0674,46.42,38.94,24.2,167.64,48.62,196.24,177.21,60.5,0.0,0.0,0.0,0.0,0.0,0.0,0.0,0.0,759.77,0.0
37.0774,37.18,31.13,19.36,165.33,48.62,198.44,187.55,62.59,0.0,0.0,0.0,0.0,0.0,0.0,0.0,0.0,750.2,0.0
37.0874,27.83,25.3,14.52,160.82,48.62,200.64,197.89,64.57,0.0,0.0,0.0,0.0,0.0,0.0,0.0,0.0,740.19,0.0
37.0974,20.9,19.47,12.1,151.8,48.62,202.84,210.32,66.55,0.0,0.0,0.0,0.0,0.0,0.0,0.0,0.0,732.6,0.0
37.1074,16.17,13.64,7.26,142.89,48.62,200.64,220.66,68.64,0.0,0.0,0.0,0.0,0.0,0.0,0.0,0.0,718.52,0.0
37.1174,11.55,9.68,4.84,131.67,46.53,200.64,229.24,70.62,0.0,0.0,0.0,0.0,0.0,0.0,0.0,0.0,704.77,0.0
37.1274,9.24,7.7,4.84,118.25,44.44,200.64,235.84,72.6,0.0,0.0,0.0,0.0,0.0,0.0,0.0,0.0,693.55,0.0
37.1374,6.93,5.83,0.0,102.74,40.15,200.64,240.24,76.67,0.0,0.0,0.0,0.0,0.0,0.0,0.0,0.0,673.2,0.0
37.1474,4.62,5.83,0.0,89.54,33.88,200.64,240.24,80.74,13.97,0.0,0.0,0.0,0.0,0.0,0.0,0.0,655.49,13.97
37.1574,4.62,3.85,0.0,74.03,27.5,198.44,240.24,84.81,61.71,9.35,0.0,0.0,0.0,0.0,0.0,0.0,633.49,71.06
37.1674,0.0,3.85,0.0,58.63,21.12,194.04,240.24,88.77,196.24,35.09,7.15,0.0,0.0,0.0,0.0,0.0,606.65,238.48
37.1774,0.0,3.85,0.0,43.01,14.74,182.93,238.04,92.84,198.55,53.9,11.88,0.0,0.0,0.0,0.0,0.0,575.41,264.33
37.1874,0.0,3.85,0.0,29.26,10.56,167.53,233.64,96.91,198.55,79.86,26.29,19.8,0.0,0.0,0.0,0.0,541.75,324.5
37.1974,0.0,0.0,0.0,18.92,6.27,146.19,229.24,100.87,196.24,98.78,33.44,36.74,0.0,0.0,0.0,0.0,501.49,365.2
37.2074,0.0,0.0,0.0,13.75,4.18,118.69,220.66,102.96,200.86,115.5,38.28,56.54,0.0,0.0,0.0,0.0,460.24,411.18
37.2174,0.0,0.0,0.0,11.99,4.18,83.27,204.05,100.87,198.55,125.51,40.7,78.21,0.0,0.0,0.0,0.0,404.36,442.97
37.2274,0.0,0.0,0.0,10.34,4.18,48.84,170.94,94.82,196.24,133.1,45.43,93.94,0.0,16.61,0.0,0.0,329.12,485.32
37.2374,0.0,0.0,0.0,8.58,4.18,31.24,118.47,84.81,203.17,143.11,50.27,109.56,0.0,37.95,7.7,0.0,247.28,551.76
37.2474,0.0,0.0,0.0,6.82,4.18,21.45,67.32,70.62,217.03,153.12,60.5,119.02,0.0,62.04,12.76,4.18,170.39,628.65
37.2574,0.0,0.0,0.0,3.41,0.0,17.49,42.68,52.91,233.86,165.66,71.39,128.48,0.0,75.68,25.63,10.56,116.49,711.26
37.2674,0.0,0.0,0.0,0.0,0.0,11.66,30.47,37.07,253.55,175.45,82.39,131.67,5.5,83.82,38.5,14.74,79.2,785.62
37.2774,0.0,0.0,0.0,0.0,0.0,7.81,24.42,24.64,268.4,182.71,90.53,134.86,8.25,91.96,48.73,19.03,56.87,844.47
37.2874,0.0,0.0,0.0,0.0,0.0,5.83,19.8,17.6,278.19,187.55,96.03,141.13,11.0,100.1,56.54,21.12,43.23,891.66
37.2974,0.0,0.0,0.0,0.0,0.0,5.83,15.18,8.8,278.19,189.97,98.67,144.32,11.0,105.49,59.51,23.21,29.81,910.36
37.3074,0.0,0.0,0.0,0.0,0.0,3.85,10.67,3.52,278.19,189.97,98.67,147.51,11.0,108.24,65.45,23.21,18.04,922.24
37.3174,0.0,0.0,0.0,0.0,0.0,0.0,9.13,3.52,275.77,189.97,101.42,150.59,13.75,113.63,68.42,25.41,12.65,938.96
37.3274,0.0,0.0,0.0,0.0,0.0,0.0,9.13,0.0,268.4,187.55,101.42,156.97,13.75,119.13,74.36,27.5,9.13,949.08
37.3374,0.0,0.0,0.0,0.0,0.0,0.0,7.59,0.0,260.92,185.13,98.67,160.05,13.75,121.88,77.33,27.5,7.59,945.23
37.3474,0.0,0.0,0.0,0.0,0.0,0.0,6.05,0.0,251.13,180.29,98.67,163.24,16.5,127.27,83.27,29.59,6.05,949.96
37.3574,0.0,0.0,0.0,0.0,0.0,0.0,4.51,0.0,241.23,175.45,96.03,166.43,16.5,130.02,89.32,31.79,4.51,946.77
37.3674,0.0,0.0,0.0,0.0,0.0,0.0,2.97,0.0,233.86,168.19,93.28,166.43,19.25,132.77,95.26,31.79,2.97,940.83
37.3774,0.0,0.0,0.0,0.0,0.0,0.0,0.0,0.0,221.65,160.6,90.53,163.24,19.25,135.41,98.23,33.88,0.0,922.79
37.3874,0.0,0.0,0.0,0.0,0.0,0.0,0.0,0.0,212.41,153.12,90.53,163.24,22.0,138.16,104.17,33.88,0.0,917.51
37.3974,0.0,0.0,0.0,0.0,0.0,0.0,0.0,0.0,200.86,145.64,85.03,163.24,22.0,140.91,107.14,35.97,0.0,900.79
37.4074,0.0,0.0,0.0,0.0,0.0,0.0,0.0,0.0,189.2,138.05,82.39,163.24,22.0,143.66,113.08,35.97,0.0,887.59
37.4174,0.0,0.0,0.0,0.0,0.0,0.0,0.0,0.0,177.65,133.1,79.64,166.43,24.75,149.05,115.94,35.97,0.0,882.53
37.4274,0.0,0.0,0.0,0.0,0.0,0.0,0.0,0.0,168.41,125.51,76.89,169.62,24.75,151.8,118.91,38.06,0.0,873.95
37.4374,0.0,0.0,0.0,0.0,0.0,0.0,0.0,0.0,159.72,120.56,74.14,172.81,24.75,157.19,124.63,40.26,0.0,874.06
37.4474,0.0,0.0,0.0,0.0,0.0,0.0,0.0,0.0,151.25,115.5,74.14,176.0,27.5,162.69,130.46,40.26,0.0,877.8
37.4574,0.0,0.0,0.0,0.0,0.0,0.0,0.0,0.0,144.87,110.66,71.39,179.19,27.5,165.44,133.32,42.35,0.0,874.72
37.4674,0.0,0.0,0.0,0.0,0.0,0.0,0.0,0.0,138.49,105.93,68.75,182.38,27.5,170.83,136.29,42.35,0.0,872.52
37.4774,0.0,0.0,0.0,0.0,0.0,0.0,0.0,0.0,130.02,101.2,68.75,185.57,30.25,176.22,142.12,44.44,0.0,878.57
37.4874,0.0,0.0,0.0,0.0,0.0,0.0,0.0,0.0,123.75,96.47,66.0,188.76,30.25,178.86,147.84,46.53,0.0,878.46
37.4974,0.0,0.0,0.0,0.0,0.0,0.0,0.0,0.0,117.37,91.74,63.25,191.95,30.25,184.25,150.81,48.73,0.0,878.35
37.5074,0.0,0.0,0.0,0.0,0.0,0.0,0.0,0.0,109.45,89.32,60.5,198.44,33.0,189.64,156.53,50.82,0.0,887.7
37.5174,0.0,0.0,0.0,0.0,0.0,0.0,0.0,0.0,101.86,82.28,57.75,201.63,33.0,195.03,162.36,52.91,0.0,886.82
37.5274,0.0,0.0,0.0,0.0,0.0,0.0,0.0,0.0,92.29,77.55,52.69,208.01,33.0,203.06,168.3,57.53,0.0,892.43
37.5374,0.0,0.0,0.0,0.0,0.0,0.0,0.0,0.0,84.7,72.82,50.27,208.01,35.75,208.45,177.21,59.95,0.0,897.16
37.5474,0.0,0.0,0.0,0.0,0.0,0.0,0.0,0.0,75.13,65.67,47.85,211.2,35.75,216.59,183.15,62.37,0.0,897.71
37.5574,0.0,0.0,0.0,0.0,0.0,0.0,0.0,0.0,67.43,60.94,43.12,214.39,38.5,221.98,192.06,67.32,0.0,905.74
37.5674,0.0,0.0,0.0,0.0,0.0,0.0,0.0,0.0,59.84,53.9,40.7,214.39,38.5,227.48,201.08,69.74,0.0,905.63
37.5774,0.0,0.0,0.0,0.0,0.0,0.0,0.0,0.0,50.93,46.86,35.86,214.39,38.5,233.09,209.99,74.69,0.0,904.31
37.5874,0.0,0.0,0.0,0.0,0.0,0.0,0.0,0.0,42.13,42.13,33.44,214.39,38.5,238.7,218.9,77.11,0.0,905.3
37.5974,0.0,0.0,0.0,0.0,0.0,0.0,0.0,0.0,31.57,32.78,28.71,208.01,38.5,241.45,227.59,81.95,0.0,890.56
37.6074,0.0,0.0,0.0,0.0,0.0,0.0,0.0,0.0,22.77,23.43,21.56,198.44,38.5,244.31,238.92,84.48,0.0,872.41
37.6174,0.0,0.0,0.0,0.0,0.0,0.0,0.0,0.0,17.49,16.39,14.3,188.76,38.5,244.31,247.39,86.9,0.0,854.04
37.6274,4.62,0.0,0.0,0.0,0.0,0.0,0.0,0.0,13.97,11.66,9.57,176.0,35.75,244.31,255.86,89.32,4.62,836.44
37.6374,20.9,3.85,0.0,0.0,0.0,0.0,0.0,0.0,10.45,6.93,7.15,160.05,35.75,244.31,261.47,94.27,24.75,820.38
37.6474,84.48,15.51,0.0,0.0,0.0,0.0,0.0,0.0,8.69,4.62,4.73,144.32,33.0,244.31,264.33,96.69,99.99,800.69
37.6574,225.94,52.58,7.26,0.0,0.0,0.0,0.0,0.0,6.93,0.0,4.73,128.48,27.5,241.45,267.19,101.53,285.78,777.81
37.6674,223.41,76.34,21.78,5.17,0.0,0.0,0.0,0.0,5.17,0.0,0.0,106.48,22.0,235.95,267.19,104.06,326.7,740.85
37.6774,220.88,107.14,36.3,18.92,0.0,0.0,0.0,0.0,5.17,0.0,0.0,81.29,16.5,224.73,267.19,108.9,383.24,703.78
37.6874,220.88,132.66,45.98,27.5,0.0,5.83,0.0,0.0,3.41,0.0,0.0,53.68,8.25,203.06,261.47,111.32,432.85,641.19
37.6974,223.41,149.38,50.82,37.84,0.0,9.68,0.0,0.0,0.0,0.0,0.0,33.88,5.5,176.22,258.72,118.25,471.13,592.57
37.7074,220.88,159.83,53.24,48.18,0.0,15.62,0.0,0.0,0.0,0.0,0.0,16.94,0.0,132.77,250.14,120.45,497.75,520.3
37.7174,220.88,166.1,55.77,55.11,0.0,25.3,0.0,5.28,0.0,0.0,0.0,14.08,0.0,78.32,230.45,120.45,528.44,443.3
37.7274,228.58,177.43,62.81,63.03,0.0,39.05,0.0,8.8,0.0,0.0,0.0,8.47,0.0,45.1,189.09,108.9,579.7,351.56
37.7374,238.92,190.96,69.85,69.63,0.0,50.71,2.97,10.56,0.0,0.0,0.0,8.47,5.5,28.49,133.32,94.27,633.6,270.05
37.7474,251.9,202.4,77.0,76.23,0.0,58.63,9.13,14.08,0.0,0.0,0.0,5.61,5.5,23.65,77.33,79.53,689.37,191.62
37.7574,264.88,215.93,86.35,80.63,0.0,67.54,16.72,17.6,0.0,0.0,0.0,5.61,0.0,18.92,48.73,57.53,749.65,130.79
37.7674,275.22,224.95,93.5,87.34,0.0,76.56,25.96,19.36,0.0,0.0,0.0,0.0,0.0,11.88,30.8,31.79,802.89,74.47
37.7774,280.39,229.35,98.23,93.94,6.27,83.27,33.55,21.12,0.0,0.0,0.0,0.0,0.0,7.04,20.46,10.56,846.12,38.06
37.7874,280.39,231.55,98.23,100.54,8.47,89.98,39.71,22.88,0.0,0.0,0.0,0.0,0.0,4.73,15.4,4.18,871.75,24.31
37.7974,272.58,231.55,98.23,107.14,8.47,96.69,42.68,24.64,0.0,0.0,0.0,0.0,0.0,4.73,12.76,0.0,881.98,17.49
37.8074,267.41,227.15,95.81,111.54,10.56,103.4,47.3,26.4,0.0,0.0,0.0,0.0,0.0,0.0,10.23,0.0,889.57,10.23
37.8174,259.6,222.75,95.81,116.05,12.65,107.91,50.38,26.4,0.0,0.0,0.0,0.0,0.0,0.0,10.23,0.0,891.55,10.23
37.8274,249.26,215.93,93.5,118.25,14.74,112.42,55.0,28.27,0.0,0.0,0.0,0.0,0.0,0.0,7.7,0.0,887.37,7.7
37.8374,241.45,209.11,91.08,122.76,14.74,116.6,58.3,30.03,0.0,0.0,0.0,0.0,0.0,0.0,7.7,0.0,884.07,7.7
37.8474,233.75,200.09,88.77,124.96,16.94,118.69,61.93,30.03,0.0,0.0,0.0,0.0,0.0,0.0,7.7,0.0,875.16,7.7
37.8573,225.94,193.27,88.77,127.27,19.03,120.78,65.56,31.79,0.0,0.0,0.0,0.0,0.0,0.0,5.06,0.0,872.41,5.06
37.8673,218.46,181.94,86.35,127.27,19.03,122.98,69.19,31.79,0.0,0.0,0.0,0.0,0.0,0.0,5.06,0.0,857.01,5.06
37.8773,208.78,172.81,84.04,127.27,21.12,125.07,72.82,31.79,0.0,0.0,0.0,0.0,0.0,0.0,5.06,0.0,843.7,5.06
37.8873,199.1,164.01,79.31,129.47,23.21,127.16,74.58,33.55,0.0,0.0,0.0,0.0,0.0,0.0,5.06,0.0,830.39,5.06
37.8973,189.31,155.65,77.0,133.98,23.21,129.25,76.45,33.55,0.0,0.0,0.0,0.0,0.0,0.0,0.0,0.0,818.4,0.0
37.9073,179.63,149.38,72.27,133.98,25.41,131.45,78.21,35.31,0.0,0.0,0.0,0.0,0.0,0.0,0.0,0.0,805.64,0.0
37.9173,172.37,141.02,69.85,136.18,25.41,133.54,81.84,35.31,0.0,0.0,0.0,0.0,0.0,0.0,0.0,0.0,795.52,0.0
37.9273,165.0,134.75,69.85,138.38,25.41,135.63,83.71,35.31,0.0,0.0,0.0,0.0,0.0,0.0,0.0,0.0,788.04,0.0
37.9373,160.05,128.48,67.54,140.69,27.5,137.72,85.47,35.31,0.0,0.0,0.0,0.0,0.0,0.0,0.0,0.0,782.76,0.0
37.9473,155.21,124.3,65.12,142.89,27.5,139.92,89.1,37.07,0.0,0.0,0.0,0.0,0.0,0.0,0.0,0.0,781.11,0.0
37.9573,147.84,118.03,62.81,142.89,27.5,144.1,92.73,37.07,0.0,0.0,0.0,0.0,0.0,0.0,0.0,0.0,772.97,0.0
37.9673,140.47,111.54,60.39,145.09,29.59,146.19,94.49,38.83,0.0,0.0,0.0,0.0,0.0,0.0,0.0,0.0,766.59,0.0
37.9773,135.52,107.14,58.08,147.4,31.68,150.48,99.99,40.59,0.0,0.0,0.0,0.0,0.0,0.0,0.0,0.0,770.88,0.0
37.9873,128.15,100.54,55.77,151.8,31.68,154.66,103.62,42.35,0.0,0.0,0.0,0.0,0.0,0.0,0.0,0.0,768.57,0.0
37.9973,120.78,93.94,53.24,154.11,33.88,156.86,107.25,44.11,0.0,0.0,0.0,0.0,0.0,0.0,0.0,0.0,764.17,0.0
38.0073,113.41,87.34,50.82,156.31,33.88,163.13,112.64,45.87,0.0,0.0,0.0,0.0,0.0,0.0,0.0,0.0,763.4,0.0
38.0173,104.28,80.74,48.4,158.51,35.97,167.53,120.45,47.63,0.0,0.0,0.0,0.0,0.0,0.0,0.0,0.0,763.51,0.0
38.0273,95.48,74.14,45.98,160.82,35.97,171.93,126.5,49.39,0.0,0.0,0.0,0.0,0.0,0.0,0.0,0.0,760.21,0.0
38.0373,88.88,67.54,43.56,163.02,38.06,176.33,134.64,51.15,0.0,0.0,0.0,0.0,0.0,0.0,0.0,0.0,763.18,0.0
38.0473,82.17,60.94,38.72,165.33,40.15,180.73,140.69,52.91,0.0,0.0,0.0,0.0,0.0,0.0,0.0,0.0,761.64,0.0
38.0573,73.37,54.56,36.3,165.33,42.35,185.13,148.72,54.67,0.0,0.0,0.0,0.0,0.0,0.0,0.0,0.0,760.43,0.0
38.0673,64.57,48.73,31.46,165.33,42.35,187.33,158.84,56.54,0.0,0.0,0.0,0.0,0.0,0.0,0.0,0.0,755.15,0.0
38.0773,53.35,42.79,26.62,163.02,44.44,189.53,166.87,56.54,0.0,0.0,0.0,0.0,0.0,0.0,0.0,0.0,743.16,0.0
38.0873,44.11,36.96,21.78,160.82,44.44,191.73,177.21,60.5,0.0,0.0,0.0,0.0,0.0,0.0,0.0,0.0,737.55,0.0
38.0973,32.45,29.15,16.94,156.31,46.53,194.04,189.64,62.59,0.0,0.0,0.0,0.0,0.0,0.0,0.0,0.0,727.65,0.0
38.1073,25.52,23.32,14.52,151.8,46.53,196.24,199.98,64.57,0.0,0.0,0.0,0.0,0.0,0.0,0.0,0.0,722.48,0.0
38.1173,18.59,17.49,9.68,145.09,46.53,196.24,210.32,64.57,0.0,0.0,0.0,0.0,0.0,0.0,0.0,0.0,708.51,0.0
38.1273,13.86,11.66,7.26,133.98,44.44,196.24,218.57,66.55,0.0,0.0,0.0,0.0,0.0,0.0,0.0,0.0,692.56,0.0
38.1373,11.55,9.68,7.26,122.76,42.35,196.24,224.84,68.64,3.41,0.0,0.0,0.0,0.0,0.0,0.0,0.0,683.32,3.41
38.1473,9.24,7.7,4.84,109.34,38.06,198.44,231.44,74.69,13.97,0.0,0.0,0.0,0.0,0.0,0.0,0.0,673.75,13.97
38.1573,6.93,5.83,0.0,96.14,33.88,198.44,233.64,76.67,63.69,11.66,0.0,0.0,0.0,0.0,0.0,0.0,651.53,75.35
38.1673,4.62,5.83,0.0,80.63,27.5,194.04,233.64,80.74,200.86,42.13,7.15,0.0,0.0,0.0,0.0,0.0,627.0,250.14
38.1773,0.0,3.85,0.0,60.83,21.12,187.33,233.64,86.79,200.86,63.36,16.72,8.47,0.0,0.0,0.0,0.0,593.56,289.41
38.1873,0.0,3.85,0.0,44.77,14.74,174.13,231.44,88.77,207.79,94.05,28.71,31.02,0.0,0.0,0.0,0.0,557.7,361.57
38.1973,0.0,3.85,0.0,31.02,8.47,156.86,227.04,92.84,205.48,110.66,35.86,45.21,0.0,0.0,0.0,0.0,520.08,397.21
38.2073,0.0,0.0,0.0,18.92,6.27,135.63,220.66,94.82,203.17,123.09,40.7,68.75,0.0,0.0,0.0,0.0,476.3,435.71
38.2173,0.0,0.0,0.0,13.75,4.18,105.6,210.32,96.91,193.82,128.04,40.7,84.48,0.0,7.04,0.0,0.0,430.76,454.08
38.2273,0.0,0.0,0.0,11.99,4.18,69.74,187.55,94.82,191.51,133.1,43.12,97.02,0.0,18.92,0.0,0.0,368.28,483.67
38.2373,0.0,0.0,0.0,10.34,4.18,41.03,146.74,86.79,196.24,140.58,47.85,109.56,0.0,40.37,5.06,0.0,289.08,539.66
38.2473,0.0,0.0,0.0,8.58,4.18,25.3,96.36,74.69,210.1,150.59,55.11,119.02,0.0,59.4,12.76,4.18,209.11,611.16
38.2573,0.0,0.0,0.0,5.17,0.0,19.47,51.92,58.52,228.91,163.13,63.25,125.4,0.0,72.93,20.46,10.56,135.08,684.64
38.2673,0.0,0.0,0.0,3.41,0.0,13.64,35.09,44.11,248.6,173.03,71.39,134.86,5.5,81.07,35.97,14.74,96.25,765.16
38.2773,0.0,0.0,0.0,0.0,0.0,11.66,28.93,30.03,260.92,182.71,79.64,137.94,5.5,89.21,43.67,19.03,70.62,818.62
38.2873,0.0,0.0,0.0,0.0,0.0,7.81,21.34,19.36,270.82,189.97,85.03,147.51,8.25,97.35,48.73,21.12,48.51,868.78
38.2973,0.0,0.0,0.0,0.0,0.0,5.83,16.72,12.32,273.24,194.81,85.03,153.78,11.0,100.1,51.37,21.12,34.87,890.45
38.3073,0.0,0.0,0.0,0.0,0.0,3.85,10.67,5.28,273.24,197.23,85.03,160.05,11.0,105.49,53.9,23.21,19.8,909.15
38.3173,0.0,0.0,0.0,0.0,0.0,3.85,9.13,3.52,270.82,199.65,85.03,166.43,11.0,108.24,56.54,23.21,16.5,920.92
38.3273,0.0,0.0,0.0,0.0,0.0,0.0,7.59,0.0,265.87,199.65,85.03,176.0,11.0,113.63,59.51,25.41,7.59,936.1
38.3373,0.0,0.0,0.0,0.0,0.0,0.0,7.59,0.0,258.5,199.65,85.03,185.57,11.0,119.13,62.48,25.41,7.59,946.77
38.3473,0.0,0.0,0.0,0.0,0.0,0.0,6.05,0.0,248.6,194.81,82.39,191.95,13.75,124.52,65.45,27.5,6.05,948.97
38.3573,0.0,0.0,0.0,0.0,0.0,0.0,4.51,0.0,236.28,189.97,82.39,198.44,13.75,130.02,71.39,29.59,4.51,951.83
38.3673,0.0,0.0,0.0,0.0,0.0,0.0,2.97,0.0,224.07,182.71,79.64,204.82,13.75,135.41,77.33,31.79,2.97,949.52
38.3773,0.0,0.0,0.0,0.0,0.0,0.0,2.97,0.0,210.1,175.45,76.89,211.2,16.5,140.91,80.3,31.79,2.97,943.14
38.3873,0.0,0.0,0.0,0.0,0.0,0.0,0.0,0.0,196.24,168.19,74.14,217.58,16.5,146.3,86.35,33.88,0.0,939.18
38.3973,0.0,0.0,0.0,0.0,0.0,0.0,0.0,0.0,182.27,158.07,68.75,220.77,19.25,149.05,89.32,35.97,0.0,923.45
38.4073,0.0,0.0,0.0,0.0,0.0,0.0,0.0,0.0,168.41,150.59,66.0,226.93,19.25,154.55,92.29,35.97,0.0,913.99
38.4173,0.0,0.0,0.0,0.0,0.0,0.0,0.0,0.0,155.43,140.58,60.5,232.76,19.25,159.94,95.26,35.97,0.0,899.69
38.4273,0.0,0.0,0.0,0.0,0.0,0.0,0.0,0.0,144.87,133.1,57.75,238.59,19.25,162.69,98.23,38.06,0.0,892.54
38.4373,0.0,0.0,0.0,0.0,0.0,0.0,0.0,0.0,134.31,125.51,55.11,241.45,22.0,168.19,101.2,38.06,0.0,885.83
38.4473,0.0,0.0,0.0,0.0,0.0,0.0,0.0,0.0,123.75,120.56,52.69,247.28,22.0,170.83,104.17,40.26,0.0,881.54
38.4573,0.0,0.0,0.0,0.0,0.0,0.0,0.0,0.0,117.37,113.08,50.27,250.14,22.0,176.22,104.17,40.26,0.0,873.51
38.4673,0.0,0.0,0.0,0.0,0.0,0.0,0.0,0.0,109.45,108.24,47.85,255.97,22.0,178.86,107.14,42.35,0.0,871.86
38.4773,0.0,0.0,0.0,0.0,0.0,0.0,0.0,0.0,101.86,101.2,45.43,261.8,22.0,184.25,110.22,42.35,0.0,869.11
38.4873,0.0,0.0,0.0,0.0,0.0,0.0,0.0,0.0,94.16,96.47,45.43,267.63,22.0,189.64,113.08,44.44,0.0,872.85
38.4973,0.0,0.0,0.0,0.0,0.0,0.0,0.0,0.0,86.57,91.74,40.7,273.46,24.75,195.03,115.94,44.44,0.0,872.63
38.5073,0.0,0.0,0.0,0.0,0.0,0.0,0.0,0.0,80.85,84.59,40.7,279.51,24.75,200.42,118.91,44.44,0.0,874.17
38.5173,0.0,0.0,0.0,0.0,0.0,0.0,0.0,0.0,75.13,79.86,38.28,285.89,24.75,205.81,121.77,46.53,0.0,878.02
38.5273,0.0,0.0,0.0,0.0,0.0,0.0,0.0,0.0,67.43,75.13,35.86,288.97,24.75,213.84,127.6,48.73,0.0,882.31
38.5373,0.0,0.0,0.0,0.0,0.0,0.0,0.0,0.0,61.71,68.09,33.44,292.16,24.75,219.23,133.32,50.82,0.0,883.52
38.5473,0.0,0.0,0.0,0.0,0.0,0.0,0.0,0.0,56.21,63.36,31.13,295.35,27.5,227.48,139.15,52.91,0.0,893.09
38.5573,0.0,0.0,0.0,0.0,0.0,0.0,0.0,0.0,50.93,58.63,31.13,298.43,27.5,233.09,144.98,57.53,0.0,902.22
38.5673,0.0,0.0,0.0,0.0,0.0,0.0,0.0,0.0,43.89,53.9,28.71,298.43,30.25,238.7,153.67,59.95,0.0,907.5
38.5773,0.0,0.0,0.0,0.0,0.0,0.0,0.0,0.0,38.61,49.17,26.29,298.43,30.25,244.31,162.36,64.9,0.0,914.32
38.5873,0.0,0.0,0.0,0.0,0.0,0.0,0.0,0.0,33.33,44.55,23.87,301.62,30.25,249.92,171.27,69.74,0.0,924.55
38.5973,0.0,0.0,0.0,0.0,0.0,0.0,0.0,0.0,26.29,39.82,19.14,298.43,33.0,255.42,177.21,74.69,0.0,924.0
38.6073,0.0,0.0,0.0,0.0,0.0,0.0,0.0,0.0,21.01,32.78,16.72,295.35,33.0,261.03,186.12,77.11,0.0,923.12
38.6173,0.0,0.0,0.0,0.0,0.0,0.0,0.0,0.0,17.49,23.43,11.88,288.97,30.25,263.89,195.14,81.95,0.0,913.0
38.6273,0.0,0.0,0.0,0.0,0.0,0.0,0.0,0.0,12.21,18.7,9.57,276.43,30.25,263.89,201.08,84.48,0.0,896.61
38.6373,0.0,0.0,0.0,0.0,0.0,0.0,0.0,0.0,10.45,11.66,7.15,261.8,30.25,266.64,207.02,86.9,0.0,881.87
38.6473,4.62,0.0,0.0,0.0,0.0,0.0,0.0,0.0,8.69,9.35,4.73,244.42,27.5,266.64,212.96,91.74,4.62,866.03
38.6573,16.17,3.85,0.0,0.0,0.0,0.0,0.0,0.0,6.93,6.93,4.73,226.93,24.75,266.64,215.93,96.69,20.02,849.53
38.6673,55.77,9.68,0.0,0.0,0.0,0.0,0.0,0.0,6.93,4.62,0.0,204.82,22.0,269.39,218.9,101.53,65.45,828.19
38.6773,167.53,40.92,0.0,0.0,0.0,0.0,0.0,0.0,5.17,4.62,0.0,182.38,16.5,269.39,218.9,106.48,208.45,803.44
38.6873,208.78,60.94,16.94,3.41,0.0,0.0,0.0,0.0,5.17,4.62,0.0,156.97,13.75,263.89,218.9,111.32,290.07,774.62
38.6973,203.94,80.74,31.46,15.51,0.0,0.0,0.0,0.0,3.41,0.0,0.0,125.4,11.0,255.42,221.98,113.85,331.65,731.06
38.7073,208.78,102.74,43.56,20.68,0.0,5.83,0.0,0.0,3.41,0.0,0.0,93.94,8.25,238.7,218.9,120.45,381.59,683.65
38.7173,213.62,120.12,50.82,32.67,0.0,7.81,0.0,0.0,0.0,0.0,0.0,62.48,0.0,216.59,218.9,124.96,425.04,622.93
38.7273,218.46,132.66,55.77,39.6,0.0,17.49,0.0,3.52,0.0,0.0,0.0,36.74,0.0,187.0,215.93,127.16,467.5,566.83
38.7373,218.46,138.93,60.39,46.53,0.0,29.26,2.97,7.04,0.0,0.0,0.0,22.55,0.0,143.66,209.99,129.47,503.58,505.67
38.7473,220.88,147.29,65.12,51.7,0.0,41.03,9.13,10.56,0.0,0.0,0.0,16.94,5.5,89.21,189.09,124.96,545.71,425.7
38.7573,228.58,155.65,69.85,55.11,0.0,48.84,18.26,14.08,0.0,0.0,0.0,14.08,5.5,52.25,150.81,116.05,590.37,338.69
38.7673,238.92,166.1,77.0,60.83,6.27,58.63,28.93,17.6,0.0,0.0,0.0,11.22,5.5,33.22,107.14,101.53,654.28,258.61
38.7773,249.26,175.12,86.35,67.43,8.47,67.54,38.17,19.36,0.0,0.0,0.0,8.47,0.0,23.65,65.45,86.9,711.7,184.47
38.7873,259.6,186.45,91.08,74.03,12.65,74.25,45.76,22.88,0.0,0.0,0.0,8.47,0.0,18.92,43.67,62.37,766.7,133.43
38.7973,264.88,190.96,95.81,80.63,14.74,83.27,51.92,24.64,0.0,0.0,0.0,5.61,0.0,11.88,28.27,35.97,806.85,81.73
38.8073,264.88,195.58,98.23,91.74,16.94,92.18,56.54,26.4,0.0,0.0,0.0,0.0,0.0,9.46,20.46,16.94,842.49,46.86
38.8173,259.6,197.78,98.23,100.54,19.03,101.2,61.93,28.27,0.0,0.0,0.0,0.0,0.0,7.04,15.4,4.18,866.58,26.62
38.8273,251.9,197.78,95.81,109.34,21.12,107.91,65.56,30.03,0.0,0.0,0.0,0.0,0.0,4.73,12.76,0.0,879.45,17.49
38.8373,244.09,193.27,95.81,116.05,23.21,114.51,70.95,30.03,0.0,0.0,0.0,0.0,0.0,0.0,10.23,0.0,887.92,10.23
38.8473,236.28,186.45,93.5,122.76,23.21,120.78,74.58,31.79,0.0,0.0,0.0,0.0,0.0,0.0,10.23,0.0,889.35,10.23
38.8573,225.94,179.63,91.08,127.27,25.41,125.07,80.08,31.79,0.0,0.0,0.0,0.0,0.0,0.0,7.7,0.0,886.27,7.7
38.8673,216.04,172.81,88.77,129.47,27.5,129.25,83.71,33.55,0.0,0.0,0.0,0.0,0.0,0.0,7.7,0.0,881.1,7.7
38.8773,208.78,164.01,86.35,133.98,29.59,133.54,89.1,35.31,0.0,0.0,0.0,0.0,0.0,0.0,5.06,0.0,880.66,5.06
38.8873,199.1,155.65,81.73,136.18,29.59,135.63,92.73,35.31,0.0,0.0,0.0,0.0,0.0,0.0,5.06,0.0,865.92,5.06
38.8973,189.31,147.29,79.31,140.69,31.68,139.92,94.49,37.07,0.0,0.0,0.0,0.0,0.0,0.0,0.0,0.0,859.76,0.0
38.9073,177.21,136.84,74.58,142.89,31.68,142.01,96.36,38.83,0.0,0.0,0.0,0.0,0.0,0.0,0.0,0.0,840.4,0.0
38.9173,165.0,128.48,69.85,147.4,33.88,144.1,99.99,38.83,0.0,0.0,0.0,0.0,0.0,0.0,0.0,0.0,827.53,0.0
38.9273,152.68,118.03,65.12,151.8,33.88,148.39,99.99,40.59,0.0,0.0,0.0,0.0,0.0,0.0,0.0,0.0,810.48,0.0
38.9373,142.89,109.34,58.08,154.11,35.97,150.48,103.62,40.59,0.0,0.0,0.0,0.0,0.0,0.0,0.0,0.0,795.08,0.0
38.9473,130.57,100.54,55.77,158.51,35.97,152.57,105.38,42.35,0.0,0.0,0.0,0.0,0.0,0.0,0.0,0.0,781.66,0.0
38.9573,118.36,91.74,48.4,163.02,35.97,156.86,107.25,42.35,0.0,0.0,0.0,0.0,0.0,0.0,0.0,0.0,763.95,0.0
38.9673,108.68,82.94,43.56,167.64,35.97,158.95,107.25,44.11,0.0,0.0,0.0,0.0,0.0,0.0,0.0,0.0,749.1,0.0
38.9773,99.88,74.14,41.14,172.37,35.97,161.04,109.01,44.11,0.0,0.0,0.0,0.0,0.0,0.0,0.0,0.0,737.66,0.0
38.9873,91.08,67.54,36.3,174.68,35.97,165.33,110.88,45.87,0.0,0.0,0.0,0.0,0.0,0.0,0.0,0.0,727.65,0.0
38.9973,79.97,60.94,31.46,179.41,35.97,167.53,112.64,47.63,0.0,0.0,0.0,0.0,0.0,0.0,0.0,0.0,715.55,0.0
39.0073,73.37,54.56,29.04,181.83,35.97,171.93,116.49,47.63,0.0,0.0,0.0,0.0,0.0,0.0,0.0,0.0,710.82,0.0
39.0173,64.57,48.73,24.2,184.14,35.97,174.13,120.45,49.39,0.0,0.0,0.0,0.0,0.0,0.0,0.0,0.0,701.58,0.0
39.0273,55.77,42.79,21.78,184.14,35.97,178.53,124.52,51.15,0.0,0.0,0.0,0.0,0.0,0.0,0.0,0.0,694.65,0.0
39.0373,41.8,36.96,16.94,184.14,38.06,180.73,130.57,51.15,0.0,0.0,0.0,0.0,0.0,0.0,0.0,0.0,680.35,0.0
39.0473,34.76,31.13,14.52,184.14,38.06,182.93,136.62,52.91,0.0,0.0,0.0,0.0,0.0,0.0,0.0,0.0,675.07,0.0
39.0573,27.83,27.28,12.1,179.41,38.06,185.13,142.67,56.54,0.0,0.0,0.0,0.0,0.0,0.0,0.0,0.0,669.02,0.0
39.0673,23.21,23.32,9.68,177.1,38.06,189.53,152.79,56.54,0.0,0.0,0.0,0.0,0.0,0.0,0.0,0.0,670.23,0.0
39.0773,18.59,19.47,9.68,172.37,38.06,191.73,160.82,58.52,0.0,0.0,0.0,0.0,0.0,0.0,0.0,0.0,669.24,0.0
39.0873,16.17,15.51,7.26,167.64,40.15,194.04,168.96,60.5,0.0,0.0,0.0,0.0,0.0,0.0,0.0,0.0,670.23,0.0
39.0973,13.86,13.64,7.26,160.82,40.15,194.04,177.21,60.5,0.0,0.0,0.0,0.0,0.0,0.0,0.0,0.0,667.48,0.0
39.1073,11.55,11.66,4.84,156.31,40.15,196.24,185.46,62.59,0.0,0.0,0.0,0.0,0.0,0.0,0.0,0.0,668.8,0.0
39.1173,11.55,9.68,4.84,149.6,40.15,196.24,193.71,62.59,0.0,0.0,0.0,0.0,0.0,0.0,0.0,0.0,668.36,0.0
39.1273,9.24,7.7,0.0,140.69,40.15,196.24,202.07,64.57,0.0,0.0,0.0,0.0,0.0,0.0,0.0,0.0,660.66,0.0
39.1373,6.93,5.83,0.0,131.67,38.06,196.24,210.32,64.57,0.0,0.0,0.0,0.0,0.0,0.0,0.0,0.0,653.62,0.0
39.1473,6.93,5.83,0.0,120.56,35.97,196.24,216.48,66.55,0.0,0.0,0.0,0.0,0.0,0.0,0.0,0.0,648.56,0.0
39.1573,4.62,3.85,0.0,109.34,33.88,196.24,220.66,68.64,3.41,0.0,0.0,0.0,0.0,0.0,0.0,0.0,637.23,3.41
39.1673,4.62,3.85,0.0,96.14,29.59,196.24,227.04,72.6,12.21,0.0,0.0,0.0,0.0,0.0,0.0,0.0,630.08,12.21
39.1773,0.0,3.85,0.0,85.03,25.41,194.04,229.24,78.65,40.37,6.93,0.0,0.0,0.0,0.0,0.0,0.0,616.22,47.3
39.1873,0.0,3.85,0.0,71.83,21.12,194.04,231.44,82.72,170.72,39.82,7.15,0.0,0.0,0.0,0.0,0.0,605.0,217.69
39.1973,0.0,0.0,0.0,55.11,16.94,185.13,231.44,88.77,189.2,56.21,16.72,16.94,0.0,0.0,0.0,0.0,577.39,279.07
39.2073,0.0,0.0,0.0,41.36,12.65,174.13,231.44,92.84,186.89,82.28,31.13,42.35,0.0,0.0,5.06,0.0,552.42,347.71
39.2173,0.0,0.0,0.0,29.26,8.47,156.86,229.24,96.91,198.55,103.51,43.12,68.75,0.0,14.19,7.7,0.0,520.74,435.82
39.2273,0.0,0.0,0.0,18.92,4.18,133.54,222.75,98.89,203.17,115.5,50.27,90.75,0.0,45.1,12.76,4.18,478.28,521.73
39.2373,0.0,0.0,0.0,13.75,4.18,103.4,214.39,100.87,203.17,128.04,52.69,103.29,0.0,62.04,17.93,8.47,436.59,575.63
39.2473,0.0,0.0,0.0,11.99,4.18,67.54,193.71,96.91,200.86,133.1,55.11,109.56,5.5,72.93,25.63,10.56,374.33,613.25
39.2573,0.0,0.0,0.0,10.34,4.18,39.05,154.77,88.77,203.17,138.05,57.75,115.94,8.25,81.07,38.5,14.74,297.11,657.47
39.2673,0.0,0.0,0.0,8.58,4.18,25.3,103.62,76.67,212.41,148.06,63.25,122.21,8.25,86.46,46.2,19.03,218.35,705.87
39.2773,0.0,0.0,0.0,6.82,0.0,19.47,56.54,58.52,224.07,155.65,68.75,125.4,11.0,91.96,51.37,21.12,141.35,749.32
39.2872,0.0,0.0,0.0,5.17,0.0,15.62,38.17,42.35,236.28,165.66,74.14,134.86,11.0,100.1,56.54,23.21,101.31,801.79
39.2972,0.0,0.0,0.0,3.41,0.0,11.66,27.5,28.27,243.76,173.03,76.89,141.13,13.75,105.49,62.48,25.41,70.84,841.94
39.3072,0.0,0.0,0.0,0.0,0.0,9.68,21.34,17.6,246.18,177.87,79.64,150.59,13.75,110.99,68.42,27.5,48.62,874.94
39.3172,0.0,0.0,0.0,0.0,0.0,7.81,15.18,8.8,243.76,180.29,79.64,163.24,16.5,116.38,68.42,27.5,31.79,895.73
39.3272,0.0,0.0,0.0,0.0,0.0,5.83,12.21,3.52,236.28,182.71,79.64,179.19,16.5,124.52,71.39,29.59,21.56,919.82
39.3372,0.0,0.0,0.0,0.0,0.0,3.85,10.67,3.52,228.91,182.71,76.89,191.95,16.5,130.02,74.36,31.79,18.04,933.13
39.3472,0.0,0.0,0.0,0.0,0.0,3.85,9.13,3.52,219.34,182.71,74.14,204.82,16.5,138.16,77.33,31.79,16.5,944.79
39.3572,0.0,0.0,0.0,0.0,0.0,0.0,7.59,3.52,207.79,177.87,74.14,217.58,16.5,146.3,80.3,33.88,11.11,954.36
39.3672,0.0,0.0,0.0,0.0,0.0,0.0,7.59,0.0,198.55,173.03,71.39,226.93,19.25,149.05,83.27,35.97,7.59,957.44
39.3772,0.0,0.0,0.0,0.0,0.0,0.0,6.05,0.0,186.89,165.66,68.75,232.76,19.25,154.55,86.35,35.97,6.05,950.18
39.3872,0.0,0.0,0.0,0.0,0.0,0.0,4.51,0.0,175.34,160.6,66.0,241.45,19.25,159.94,89.32,38.06,4.51,949.96
39.3972,0.0,0.0,0.0,0.0,0.0,0.0,4.51,0.0,161.81,150.59,60.5,244.42,22.0,162.69,92.29,38.06,4.51,932.36
39.4072,0.0,0.0,0.0,0.0,0.0,0.0,4.51,0.0,151.25,143.11,57.75,253.11,22.0,165.44,92.29,38.06,4.51,923.01
39.4172,0.0,0.0,0.0,0.0,0.0,0.0,2.97,0.0,138.49,135.52,52.69,258.94,22.0,170.83,95.26,40.26,2.97,913.99
39.4272,0.0,0.0,0.0,0.0,0.0,0.0,2.97,0.0,127.93,125.51,50.27,264.77,22.0,173.47,95.26,40.26,2.97,899.47
39.4372,0.0,0.0,0.0,0.0,0.0,0.0,0.0,0.0,115.28,118.03,47.85,270.6,22.0,178.86,98.23,40.26,0.0,891.11
39.4472,0.0,0.0,0.0,0.0,0.0,0.0,0.0,0.0,107.58,110.66,45.43,276.43,22.0,181.61,101.2,42.35,0.0,887.26
39.4572,0.0,0.0,0.0,0.0,0.0,0.0,0.0,0.0,99.99,103.51,43.12,282.7,24.75,187.0,101.2,42.35,0.0,884.62
39.4672,0.0,0.0,0.0,0.0,0.0,0.0,0.0,0.0,92.29,98.78,40.7,288.97,24.75,189.64,104.17,44.44,0.0,883.74
39.4772,0.0,0.0,0.0,0.0,0.0,0.0,0.0,0.0,82.72,91.74,38.28,295.35,24.75,195.03,107.14,44.44,0.0,879.45
39.4872,0.0,0.0,0.0,0.0,0.0,0.0,0.0,0.0,77.0,87.01,35.86,301.62,24.75,200.42,107.14,44.44,0.0,878.24
39.4972,0.0,0.0,0.0,0.0,0.0,0.0,0.0,0.0,71.28,79.86,33.44,308.0,24.75,203.06,110.22,46.53,0.0,877.14
39.5072,0.0,0.0,0.0,0.0,0.0,0.0,0.0,0.0,65.56,75.13,31.13,311.08,24.75,208.45,113.08,46.53,0.0,875.71
39.5172,0.0,0.0,0.0,0.0,0.0,0.0,0.0,0.0,59.84,70.4,31.13,317.46,24.75,213.84,113.08,48.73,0.0,879.23
39.5272,0.0,0.0,0.0,0.0,0.0,0.0,0.0,0.0,54.45,65.67,28.71,320.54,24.75,219.23,115.94,48.73,0.0,878.02
39.5372,0.0,0.0,0.0,0.0,0.0,0.0,0.0,0.0,50.93,63.36,26.29,323.73,24.75,224.73,118.91,50.82,0.0,883.52
39.5472,0.0,0.0,0.0,0.0,0.0,0.0,0.0,0.0,45.65,58.63,23.87,326.92,24.75,230.34,121.77,52.91,0.0,884.84
39.5572,0.0,0.0,0.0,0.0,0.0,0.0,0.0,0.0,42.13,53.9,23.87,326.92,24.75,233.09,127.6,55.11,0.0,887.37
39.5672,0.0,0.0,0.0,0.0,0.0,0.0,0.0,0.0,38.61,51.59,21.56,330.11,27.5,238.7,133.32,59.95,0.0,901.34
39.5772,0.0,0.0,0.0,0.0,0.0,0.0,0.0,0.0,35.09,46.86,19.14,330.11,27.5,244.31,139.15,62.37,0.0,904.53
39.5872,0.0,0.0,0.0,0.0,0.0,0.0,0.0,0.0,29.81,44.55,16.72,326.92,27.5,249.92,144.98,67.32,0.0,907.72
39.5972,0.0,0.0,0.0,0.0,0.0,0.0,0.0,0.0,26.29,39.82,14.3,326.92,30.25,252.67,150.81,69.74,0.0,910.8
39.6072,0.0,0.0,0.0,0.0,0.0,0.0,0.0,0.0,21.01,35.09,14.3,323.73,30.25,255.42,159.5,72.16,0.0,911.46
39.6172,0.0,0.0,0.0,0.0,0.0,0.0,0.0,0.0,19.25,28.05,11.88,320.54,30.25,261.03,165.33,77.11,0.0,913.44
39.6272,4.62,0.0,0.0,0.0,0.0,0.0,0.0,0.0,15.73,23.43,9.57,314.27,30.25,263.89,174.24,79.53,4.62,910.91
39.6372,4.62,0.0,0.0,0.0,0.0,0.0,0.0,0.0,12.21,16.39,9.57,304.81,30.25,266.64,183.15,81.95,4.62,904.97
39.6472,6.93,0.0,0.0,0.0,0.0,0.0,0.0,0.0,10.45,13.97,7.15,288.97,30.25,266.64,189.09,86.9,6.93,893.42
39.6572,9.24,0.0,0.0,0.0,0.0,0.0,0.0,0.0,8.69,9.35,4.73,273.46,27.5,269.39,195.14,91.74,9.24,880.0
39.6672,16.17,5.83,0.0,0.0,0.0,0.0,0.0,0.0,6.93,6.93,4.73,253.11,27.5,272.25,204.05,96.69,22.0,872.19
39.6772,34.76,7.7,0.0,0.0,0.0,0.0,0.0,0.0,5.17,6.93,0.0,232.76,24.75,272.25,207.02,104.06,42.46,852.94
39.6872,88.88,25.3,0.0,0.0,0.0,0.0,0.0,0.0,5.17,4.62,0.0,208.01,22.0,269.39,212.96,108.9,114.18,831.05
39.6972,184.47,56.54,21.78,0.0,0.0,0.0,0.0,0.0,5.17,4.62,0.0,182.38,19.25,269.39,215.93,116.05,262.79,812.79
39.7072,196.68,74.14,36.3,15.51,0.0,0.0,0.0,0.0,3.41,0.0,0.0,153.78,13.75,261.03,215.93,122.76,322.63,770.66
39.7172,196.68,91.74,48.4,20.68,0.0,5.83,0.0,0.0,3.41,0.0,0.0,119.02,11.0,252.67,215.93,127.16,363.33,729.19
39.7272,201.52,109.34,58.08,29.26,0.0,7.81,0.0,0.0,0.0,0.0,0.0,87.56,8.25,233.09,215.93,131.67,406.01,676.5
39.7372,203.94,122.21,65.12,37.84,0.0,17.49,2.97,3.52,0.0,0.0,0.0,53.68,5.5,208.45,215.93,138.38,453.09,621.94
39.7472,206.36,134.75,67.54,43.01,0.0,29.26,4.51,7.04,0.0,0.0,0.0,31.02,0.0,170.83,209.99,140.58,492.47,552.42
39.7572,208.78,141.02,72.27,48.18,0.0,39.05,12.21,10.56,0.0,0.0,0.0,22.55,0.0,119.13,198.11,138.38,532.07,478.17
39.7672,213.62,151.47,79.31,51.7,0.0,48.84,19.8,14.08,0.0,0.0,0.0,16.94,5.5,70.18,168.3,131.67,578.82,392.59
39.7772,223.41,159.83,86.35,55.11,6.27,56.65,30.47,17.6,0.0,0.0,0.0,14.08,5.5,42.68,127.6,118.25,635.69,308.11
39.7872,233.75,170.61,93.5,58.63,8.47,63.03,38.17,19.36,0.0,0.0,0.0,14.08,5.5,30.8,80.3,104.06,685.52,234.74
39.7972,246.73,181.94,102.96,65.23,12.65,69.74,44.22,22.88,0.0,0.0,0.0,8.47,0.0,21.34,51.37,89.32,746.35,170.5
39.8072,259.6,193.27,110.0,69.63,14.74,76.56,50.38,24.64,0.0,0.0,0.0,8.47,0.0,16.61,35.97,52.91,798.82,113.96
39.8172,264.88,200.09,114.84,76.23,19.03,83.27,55.0,26.4,0.0,0.0,0.0,5.61,0.0,11.88,23.1,29.59,839.74,70.18
39.8272,264.88,204.6,117.37,85.03,19.03,89.98,58.3,28.27,0.0,0.0,0.0,0.0,0.0,7.04,17.93,8.47,867.46,33.44
39.8372,262.24,209.11,114.84,91.74,21.12,94.49,63.69,28.27,0.0,0.0,0.0,0.0,0.0,4.73,12.76,0.0,885.5,17.49
39.8472,257.07,209.11,114.84,98.34,23.21,101.2,67.32,30.03,0.0,0.0,0.0,0.0,0.0,4.73,10.23,0.0,901.12,14.96
39.8572,251.9,206.91,112.42,102.74,23.21,105.6,69.19,30.03,0.0,0.0,0.0,0.0,0.0,0.0,10.23,0.0,902.0,10.23
39.8672,244.09,202.4,110.0,107.14,25.41,107.91,72.82,31.79,0.0,0.0,0.0,0.0,0.0,0.0,7.7,0.0,901.56,7.7
39.8772,236.28,195.58,107.69,109.34,27.5,112.42,76.45,31.79,0.0,0.0,0.0,0.0,0.0,0.0,5.06,0.0,897.05,5.06
39.8872,231.11,186.45,105.27,109.34,29.59,114.51,80.08,31.79,0.0,0.0,0.0,0.0,0.0,0.0,5.06,0.0,888.14,5.06
39.8972,223.41,177.43,102.96,109.34,29.59,114.51,83.71,33.55,0.0,0.0,0.0,0.0,0.0,0.0,0.0,0.0,874.5,0.0
39.9072,213.62,168.3,98.23,109.34,31.68,116.6,87.23,33.55,0.0,0.0,0.0,0.0,0.0,0.0,0.0,0.0,858.55,0.0
39.9172,203.94,159.83,95.81,111.54,33.88,118.69,90.86,33.55,0.0,0.0,0.0,0.0,0.0,0.0,0.0,0.0,848.1,0.0
39.9272,194.15,151.47,91.08,111.54,33.88,120.78,94.49,35.31,0.0,0.0,0.0,0.0,0.0,0.0,0.0,0.0,832.7,0.0
39.9372,184.47,143.11,86.35,113.85,35.97,122.98,96.36,35.31,0.0,0.0,0.0,0.0,0.0,0.0,0.0,0.0,818.4,0.0
39.9472,177.21,134.75,84.04,113.85,35.97,122.98,99.99,35.31,0.0,0.0,0.0,0.0,0.0,0.0,0.0,0.0,804.1,0.0
39.9572,167.53,126.39,79.31,116.05,38.06,125.07,103.62,37.07,0.0,0.0,0.0,0.0,0.0,0.0,0.0,0.0,793.1,0.0
39.9672,157.63,120.12,74.58,118.25,40.15,129.25,107.25,37.07,0.0,0.0,0.0,0.0,0.0,0.0,0.0,0.0,784.3,0.0
39.9772,150.26,111.54,72.27,120.56,40.15,133.54,110.88,38.83,0.0,0.0,0.0,0.0,0.0,0.0,0.0,0.0,778.03,0.0
39.9872,140.47,102.74,67.54,122.76,42.35,135.63,114.51,40.59,0.0,0.0,0.0,0.0,0.0,0.0,0.0,0.0,766.59,0.0
39.9972,130.57,96.14,65.12,124.96,42.35,139.92,120.45,42.35,0.0,0.0,0.0,0.0,0.0,0.0,0.0,0.0,761.86,0.0
40.0072,120.78,87.34,60.39,127.27,44.44,144.1,128.59,44.11,0.0,0.0,0.0,0.0,0.0,0.0,0.0,0.0,757.02,0.0
40.0172,110.99,80.74,55.77,129.47,46.53,148.39,134.64,45.87,0.0,0.0,0.0,0.0,0.0,0.0,0.0,0.0,752.4,0.0
40.0272,102.08,71.94,50.82,131.67,48.62,154.66,142.67,47.63,0.0,0.0,0.0,0.0,0.0,0.0,0.0,0.0,750.09,0.0
40.0372,93.28,63.14,48.4,133.98,48.62,158.95,150.7,49.39,0.0,0.0,0.0,0.0,0.0,0.0,0.0,0.0,746.46,0.0
40.0472,84.48,56.54,43.56,133.98,50.82,163.13,158.84,52.91,0.0,0.0,0.0,0.0,0.0,0.0,0.0,0.0,744.26,0.0
40.0572,75.57,50.6,38.72,136.18,50.82,167.53,166.87,54.67,0.0,0.0,0.0,0.0,0.0,0.0,0.0,0.0,740.96,0.0
40.0672,64.57,44.77,33.88,136.18,52.91,171.93,175.12,56.54,0.0,0.0,0.0,0.0,0.0,0.0,0.0,0.0,735.9,0.0
40.0772,51.04,38.94,29.04,138.38,55.0,176.33,183.37,58.52,0.0,0.0,0.0,0.0,0.0,0.0,0.0,0.0,730.62,0.0
40.0872,41.8,33.11,24.2,138.38,55.0,180.73,193.71,60.5,0.0,0.0,0.0,0.0,0.0,0.0,0.0,0.0,727.43,0.0
40.0972,34.76,29.15,19.36,136.18,57.2,182.93,204.05,60.5,0.0,0.0,0.0,0.0,0.0,0.0,0.0,0.0,724.13,0.0
40.1072,27.83,23.32,16.94,133.98,57.2,185.13,216.48,62.59,0.0,0.0,0.0,0.0,0.0,0.0,0.0,0.0,723.47,0.0
40.1172,20.9,17.49,12.1,129.47,59.4,187.33,227.04,64.57,0.0,0.0,0.0,0.0,0.0,0.0,0.0,0.0,718.3,0.0
40.1272,18.59,13.64,9.68,124.96,57.2,187.33,235.84,66.55,0.0,0.0,0.0,0.0,0.0,0.0,0.0,0.0,713.79,0.0
40.1372,13.86,9.68,7.26,116.05,57.2,189.53,246.84,68.64,0.0,0.0,0.0,0.0,0.0,0.0,0.0,0.0,709.06,0.0
40.1472,11.55,7.7,7.26,107.14,55.0,187.33,255.75,70.62,0.0,0.0,0.0,0.0,0.0,0.0,0.0,0.0,702.35,0.0
40.1572,9.24,5.83,4.84,98.34,50.82,187.33,262.35,74.69,0.0,0.0,0.0,0.0,0.0,0.0,0.0,0.0,693.44,0.0
40.1672,6.93,3.85,0.0,87.34,48.62,187.33,264.55,78.65,0.0,0.0,0.0,0.0,0.0,0.0,0.0,0.0,677.27,0.0
40.1772,6.93,3.85,0.0,76.23,42.35,187.33,266.75,82.72,3.41,0.0,0.0,0.0,0.0,0.0,0.0,0.0,666.16,3.41
40.1872,4.62,3.85,0.0,63.03,35.97,187.33,266.75,86.79,19.25,0.0,0.0,0.0,0.0,0.0,0.0,0.0,648.34,19.25
40.1972,4.62,3.85,0.0,53.35,29.59,182.93,264.55,90.86,80.85,16.39,0.0,0.0,0.0,0.0,0.0,0.0,629.75,97.24
40.2072,0.0,0.0,0.0,41.36,21.12,176.33,257.95,94.82,217.03,46.86,9.57,0.0,0.0,0.0,0.0,0.0,591.58,273.46
40.2172,0.0,0.0,0.0,29.26,14.74,165.33,251.35,96.91,203.17,65.67,16.72,14.08,0.0,0.0,0.0,0.0,557.59,299.64
40.2272,0.0,0.0,0.0,20.68,10.56,146.19,244.64,98.89,205.48,96.47,28.71,33.88,0.0,0.0,0.0,0.0,520.96,364.54
40.2372,0.0,0.0,0.0,13.75,6.27,122.98,235.84,100.87,205.48,113.08,38.28,56.54,0.0,0.0,0.0,0.0,479.71,413.38
40.2472,0.0,0.0,0.0,10.34,4.18,94.49,220.66,100.87,207.79,128.04,40.7,84.48,0.0,4.73,5.06,0.0,430.54,470.8
40.2572,0.0,0.0,0.0,8.58,6.27,60.83,195.8,96.91,200.86,133.1,40.7,100.21,0.0,14.19,5.06,0.0,368.39,494.12
40.2672,0.0,0.0,0.0,8.58,6.27,37.07,154.77,88.77,193.82,135.52,43.12,112.75,0.0,33.22,5.06,0.0,295.46,523.49
40.2772,0.0,0.0,0.0,6.82,4.18,25.3,103.62,74.69,198.55,145.64,47.85,128.48,0.0,54.56,10.23,4.18,214.61,589.49
40.2872,0.0,0.0,0.0,5.17,4.18,19.47,58.3,58.52,207.79,155.65,52.69,137.94,0.0,72.93,15.4,8.47,145.64,650.87
40.2972,0.0,0.0,0.0,3.41,0.0,15.62,39.71,44.11,217.03,163.13,60.5,147.51,5.5,83.82,25.63,12.65,102.85,715.77
40.3072,0.0,0.0,0.0,0.0,0.0,11.66,30.47,30.03,226.49,170.61,66.0,156.97,8.25,94.6,35.97,16.94,72.16,775.83
40.3172,0.0,0.0,0.0,0.0,0.0,7.81,24.42,17.6,233.86,175.45,71.39,166.43,11.0,105.49,43.67,21.12,49.83,828.41
40.3272,0.0,0.0,0.0,0.0,0.0,5.83,18.26,12.32,233.86,177.87,76.89,176.0,13.75,113.63,53.9,23.21,36.41,869.11
40.3372,0.0,0.0,0.0,0.0,0.0,3.85,13.75,5.28,228.91,180.29,76.89,185.57,13.75,121.88,62.48,25.41,22.88,895.18
40.3472,0.0,0.0,0.0,0.0,0.0,3.85,10.67,3.52,221.65,180.29,76.89,198.44,16.5,132.77,68.42,27.5,18.04,922.46
40.3572,0.0,0.0,0.0,0.0,0.0,0.0,9.13,0.0,212.41,177.87,76.89,208.01,16.5,140.91,74.36,29.59,9.13,936.54
40.3672,0.0,0.0,0.0,0.0,0.0,0.0,7.59,0.0,205.48,175.45,76.89,217.58,19.25,149.05,80.3,31.79,7.59,955.79
40.3772,0.0,0.0,0.0,0.0,0.0,0.0,6.05,0.0,196.24,170.61,74.14,226.93,19.25,154.55,86.35,33.88,6.05,961.95
40.3872,0.0,0.0,0.0,0.0,0.0,0.0,4.51,0.0,184.58,163.13,71.39,232.76,22.0,162.69,92.29,35.97,4.51,964.81
40.3972,0.0,0.0,0.0,0.0,0.0,0.0,2.97,0.0,173.03,155.65,68.75,235.62,22.0,168.19,98.23,38.06,2.97,959.53
40.4072,0.0,0.0,0.0,0.0,0.0,0.0,0.0,0.0,161.81,145.64,66.0,238.59,24.75,173.47,104.17,38.06,0.0,952.49
40.4172,0.0,0.0,0.0,0.0,0.0,0.0,0.0,0.0,149.16,135.52,63.25,238.59,24.75,176.22,107.14,40.26,0.0,934.89
40.4272,0.0,0.0,0.0,0.0,0.0,0.0,0.0,0.0,140.69,128.04,60.5,241.45,24.75,181.61,110.22,40.26,0.0,927.52
40.4372,0.0,0.0,0.0,0.0,0.0,0.0,0.0,0.0,130.02,118.03,57.75,241.45,24.75,184.25,113.08,42.35,0.0,911.68
40.4472,0.0,0.0,0.0,0.0,0.0,0.0,0.0,0.0,119.46,110.66,55.11,241.45,27.5,187.0,118.91,44.44,0.0,904.53
40.4572,0.0,0.0,0.0,0.0,0.0,0.0,0.0,0.0,111.43,103.51,52.69,241.45,27.5,192.39,121.77,46.53,0.0,897.27
40.4672,0.0,0.0,0.0,0.0,0.0,0.0,0.0,0.0,103.73,96.47,50.27,244.42,27.5,195.03,124.63,48.73,0.0,890.78
40.4772,0.0,0.0,0.0,0.0,0.0,0.0,0.0,0.0,96.14,89.32,47.85,244.42,30.25,197.67,127.6,48.73,0.0,881.98
40.4872,0.0,0.0,0.0,0.0,0.0,0.0,0.0,0.0,88.44,84.59,45.43,244.42,30.25,203.06,130.46,50.82,0.0,877.47
40.4972,0.0,0.0,0.0,0.0,0.0,0.0,0.0,0.0,82.72,77.55,43.12,247.28,30.25,205.81,136.29,52.91,0.0,875.93
40.5072,0.0,0.0,0.0,0.0,0.0,0.0,0.0,0.0,75.13,72.82,40.7,247.28,30.25,208.45,139.15,55.11,0.0,868.89
40.5172,0.0,0.0,0.0,0.0,0.0,0.0,0.0,0.0,69.41,68.09,38.28,247.28,30.25,211.2,142.12,57.53,0.0,864.16
40.5272,0.0,0.0,0.0,0.0,0.0,0.0,0.0,0.0,63.69,63.36,35.86,247.28,33.0,216.59,147.84,59.95,0.0,867.57
40.5372,0.0,0.0,0.0,0.0,0.0,0.0,0.0,0.0,57.97,58.63,35.86,247.28,33.0,219.23,153.67,62.37,0.0,868.01
40.5472,0.0,0.0,0.0,0.0,0.0,0.0,0.0,0.0,52.69,53.9,31.13,250.14,33.0,224.73,156.53,64.9,0.0,867.02
40.5572,0.0,0.0,0.0,0.0,0.0,0.0,0.0,0.0,45.65,49.17,28.71,247.28,33.0,227.48,165.33,67.32,0.0,863.94
40.5672,0.0,0.0,0.0,0.0,0.0,0.0,6.05,3.52,40.37,44.55,28.71,247.28,35.75,230.34,174.24,69.74,9.57,870.98
40.5772,0.0,0.0,0.0,0.0,0.0,0.0,0.0,0.0,35.09,39.82,26.29,244.42,35.75,235.95,180.18,74.69,0.0,872.19
40.5872,0.0,0.0,0.0,0.0,0.0,0.0,0.0,0.0,29.81,35.09,21.56,244.42,35.75,241.45,189.09,77.11,0.0,874.28
40.5972,0.0,0.0,0.0,0.0,0.0,0.0,0.0,0.0,22.77,30.47,19.14,241.45,35.75,244.31,198.11,79.53,0.0,871.53
40.6072,0.0,0.0,0.0,0.0,0.0,0.0,0.0,0.0,19.25,23.43,14.3,238.59,35.75,247.06,209.99,81.95,0.0,870.32
40.6172,0.0,0.0,0.0,0.0,0.0,0.0,0.0,0.0,15.73,18.7,11.88,235.62,38.5,252.67,215.93,86.9,0.0,875.93
40.6272,4.62,0.0,0.0,0.0,0.0,0.0,0.0,0.0,13.97,13.97,9.57,226.93,38.5,255.42,224.73,89.32,4.62,872.41
40.6372,4.62,0.0,0.0,0.0,0.0,0.0,0.0,0.0,10.45,11.66,9.57,220.77,38.5,255.42,233.2,91.74,4.62,871.31
40.6472,4.62,0.0,0.0,0.0,0.0,0.0,0.0,0.0,8.69,9.35,7.15,208.01,35.75,255.42,238.92,94.27,4.62,857.56
40.6572,9.24,0.0,0.0,0.0,0.0,0.0,0.0,0.0,6.93,6.93,4.73,191.95,35.75,255.42,244.53,96.69,9.24,842.93
40.6672,16.17,3.85,0.0,0.0,0.0,0.0,0.0,0.0,6.93,4.62,0.0,176.0,33.0,255.42,247.39,99.11,20.02,822.47
40.6772,34.76,7.7,0.0,0.0,0.0,0.0,0.0,0.0,5.17,0.0,0.0,156.97,27.5,252.67,250.14,101.53,42.46,793.98
40.6872,106.48,33.11,0.0,0.0,0.0,0.0,0.0,0.0,5.17,0.0,0.0,137.94,24.75,249.92,253.0,106.48,139.59,777.26
40.6972,213.62,78.54,19.36,3.41,0.0,0.0,0.0,0.0,3.41,0.0,0.0,115.94,19.25,244.31,253.0,108.9,314.93,744.81
40.7072,223.41,107.14,31.46,20.68,0.0,0.0,0.0,0.0,3.41,0.0,0.0,90.75,16.5,235.95,253.0,113.85,382.69,713.46
40.7171,231.11,136.84,45.98,29.26,0.0,7.81,0.0,0.0,0.0,0.0,0.0,65.67,11.0,216.59,250.14,118.25,451.0,661.65
40.7271,228.58,151.47,50.82,41.36,0.0,11.66,0.0,3.52,0.0,0.0,0.0,42.35,8.25,189.64,244.53,122.76,487.41,607.53
40.7371,225.94,161.92,53.24,51.7,0.0,21.45,0.0,3.52,0.0,0.0,0.0,25.41,5.5,151.8,238.92,127.16,517.77,548.79
40.7471,223.41,168.3,55.77,58.63,0.0,31.24,0.0,7.04,0.0,0.0,0.0,16.94,0.0,97.35,227.59,124.96,544.39,466.84
40.7571,225.94,177.43,60.39,67.43,0.0,44.88,4.51,10.56,0.0,0.0,0.0,14.08,5.5,54.56,195.14,118.25,591.14,387.53
40.7671,231.11,188.76,67.54,76.23,0.0,58.63,10.67,14.08,0.0,0.0,0.0,11.22,5.5,33.22,147.84,106.48,647.02,304.26
40.7771,238.92,197.78,72.27,82.83,0.0,67.54,18.26,17.6,0.0,0.0,0.0,8.47,5.5,26.07,92.29,89.32,695.2,221.65
40.7871,249.26,209.11,81.73,89.54,4.18,76.56,27.5,19.36,0.0,0.0,0.0,8.47,5.5,21.34,56.54,72.16,757.24,164.01
40.7971,259.6,218.24,88.77,96.14,8.47,85.47,38.17,22.88,0.0,0.0,0.0,5.61,0.0,16.61,38.5,42.35,817.74,103.07
40.8071,264.88,222.75,93.5,102.74,12.65,94.49,45.76,26.4,0.0,0.0,0.0,0.0,0.0,11.88,28.27,23.21,863.17,63.36
40.8171,259.6,224.95,93.5,111.54,14.74,101.2,50.38,26.4,0.0,0.0,0.0,0.0,0.0,7.04,17.93,6.27,882.31,31.24
40.8271,254.43,222.75,93.5,118.25,16.94,107.91,55.0,28.27,0.0,0.0,0.0,0.0,0.0,4.73,15.4,4.18,897.05,24.31
40.8371,246.73,218.24,91.08,127.27,19.03,116.6,60.06,30.03,0.0,0.0,0.0,0.0,0.0,4.73,15.4,0.0,909.04,20.13
40.8471,236.28,211.42,88.77,133.98,21.12,120.78,63.69,31.79,0.0,0.0,0.0,0.0,0.0,0.0,12.76,0.0,907.83,12.76
40.8571,223.41,200.09,84.04,140.69,23.21,127.16,67.32,31.79,0.0,0.0,0.0,0.0,0.0,0.0,10.23,0.0,897.71,10.23
40.8671,211.2,188.76,81.73,145.09,25.41,133.54,72.82,33.55,0.0,0.0,0.0,0.0,0.0,0.0,7.7,0.0,892.1,7.7
40.8771,199.1,177.43,77.0,149.6,27.5,137.72,78.21,35.31,0.0,0.0,0.0,0.0,0.0,0.0,7.7,0.0,881.87,7.7
40.8871,186.89,164.01,74.58,151.8,29.59,142.01,81.84,35.31,0.0,0.0,0.0,0.0,0.0,0.0,7.7,0.0,866.03,7.7
40.8971,174.79,153.56,69.85,156.31,29.59,144.1,85.47,37.07,0.0,0.0,0.0,0.0,0.0,0.0,5.06,0.0,850.74,5.06
40.9071,160.05,141.02,62.81,160.82,31.68,146.19,89.1,38.83,0.0,0.0,0.0,0.0,0.0,0.0,5.06,0.0,830.5,5.06
40.9171,145.31,128.48,58.08,165.33,31.68,150.48,90.86,38.83,0.0,0.0,0.0,0.0,0.0,0.0,5.06,0.0,809.05,5.06
40.9271,133.1,115.94,53.24,167.64,33.88,152.57,94.49,40.59,0.0,0.0,0.0,0.0,0.0,0.0,0.0,0.0,791.45,0.0
40.9371,118.36,104.94,45.98,172.37,33.88,156.86,94.49,40.59,0.0,0.0,0.0,0.0,0.0,0.0,0.0,0.0,767.47,0.0
40.9471,106.48,96.14,41.14,177.1,33.88,158.95,96.36,42.35,0.0,0.0,0.0,0.0,0.0,0.0,0.0,0.0,752.4,0.0
40.9571,97.68,85.14,36.3,184.14,33.88,161.04,98.12,42.35,0.0,0.0,0.0,0.0,0.0,0.0,0.0,0.0,738.65,0.0
40.9671,88.88,76.34,33.88,186.56,33.88,165.33,98.12,44.11,0.0,0.0,0.0,0.0,0.0,0.0,0.0,0.0,727.1,0.0
40.9771,79.97,69.74,29.04,191.29,33.88,167.53,99.99,44.11,0.0,0.0,0.0,0.0,0.0,0.0,0.0,0.0,715.55,0.0
40.9871,73.37,63.14,26.62,195.91,33.88,171.93,101.75,45.87,0.0,0.0,0.0,0.0,0.0,0.0,0.0,0.0,712.47,0.0
40.9971,64.57,56.54,24.2,200.64,33.88,174.13,103.62,45.87,0.0,0.0,0.0,0.0,0.0,0.0,0.0,0.0,703.45,0.0
41.0071,57.97,50.6,19.36,205.37,33.88,176.33,105.38,47.63,0.0,0.0,0.0,0.0,0.0,0.0,0.0,0.0,696.52,0.0
41.0171,48.73,44.77,16.94,210.1,33.88,180.73,107.25,47.63,0.0,0.0,0.0,0.0,0.0,0.0,0.0,0.0,690.03,0.0
41.0271,37.18,40.92,14.52,212.52,33.88,185.13,110.88,49.39,0.0,0.0,0.0,0.0,0.0,0.0,0.0,0.0,684.42,0.0
41.0371,30.14,35.09,12.1,212.52,33.88,187.33,114.51,51.15,0.0,0.0,0.0,0.0,0.0,0.0,0.0,0.0,676.72,0.0
41.0471,25.52,29.15,12.1,212.52,33.88,189.53,120.45,52.91,0.0,0.0,0.0,0.0,0.0,0.0,0.0,0.0,676.06,0.0
41.0571,23.21,27.28,9.68,210.1,35.97,194.04,124.52,54.67,0.0,0.0,0.0,0.0,0.0,0.0,0.0,0.0,679.47,0.0
41.0671,18.59,23.32,9.68,207.79,35.97,196.24,130.57,56.54,0.0,0.0,0.0,0.0,0.0,0.0,0.0,0.0,678.7,0.0
41.0771,16.17,19.47,9.68,205.37,35.97,198.44,138.6,56.54,0.0,0.0,0.0,0.0,0.0,0.0,0.0,0.0,680.24,0.0
41.0871,13.86,17.49,7.26,203.06,35.97,202.84,146.74,58.52,0.0,0.0,0.0,0.0,0.0,0.0,0.0,0.0,685.74,0.0
41.0971,11.55,13.64,7.26,198.33,35.97,205.04,152.79,60.5,0.0,0.0,0.0,0.0,0.0,0.0,0.0,0.0,685.08,0.0
41.1071,11.55,11.66,4.84,193.6,38.06,207.24,162.8,64.57,0.0,0.0,0.0,0.0,0.0,0.0,0.0,0.0,694.32,0.0
41.1171,9.24,9.68,4.84,188.87,38.06,209.44,170.94,66.55,0.0,0.0,0.0,0.0,0.0,0.0,0.0,0.0,697.62,0.0
41.1271,9.24,7.7,0.0,181.83,38.06,209.44,179.3,68.64,0.0,0.0,0.0,0.0,0.0,0.0,0.0,0.0,694.21,0.0
41.1371,6.93,7.7,0.0,172.37,38.06,211.64,185.46,70.62,0.0,0.0,0.0,0.0,0.0,0.0,0.0,0.0,692.78,0.0
41.1471,6.93,5.83,0.0,160.82,35.97,211.64,193.71,72.6,0.0,0.0,0.0,0.0,0.0,0.0,0.0,0.0,687.5,0.0
41.1571,4.62,5.83,0.0,147.4,33.88,209.44,199.98,76.67,0.0,0.0,0.0,0.0,0.0,0.0,0.0,0.0,677.82,0.0
41.1671,4.62,3.85,0.0,133.98,31.68,211.64,204.05,78.65,0.0,0.0,0.0,0.0,0.0,0.0,0.0,0.0,668.47,0.0
41.1771,4.62,3.85,0.0,120.56,27.5,209.44,206.14,80.74,0.0,0.0,0.0,0.0,0.0,0.0,0.0,0.0,652.85,0.0
41.1871,0.0,3.85,0.0,107.14,23.21,209.44,208.23,84.81,0.0,0.0,0.0,0.0,0.0,0.0,0.0,0.0,636.68,0.0
41.1971,0.0,3.85,0.0,93.94,19.03,207.24,206.14,88.77,12.21,0.0,0.0,0.0,0.0,0.0,0.0,0.0,618.97,12.21
41.2071,0.0,3.85,0.0,78.43,14.74,205.04,206.14,92.84,56.21,11.66,0.0,0.0,0.0,0.0,0.0,0.0,601.04,67.87
41.2171,0.0,0.0,0.0,65.23,12.65,200.64,204.05,96.91,217.03,42.13,7.15,0.0,0.0,0.0,0.0,0.0,579.48,266.31
41.2271,0.0,0.0,0.0,49.94,8.47,187.33,202.07,100.87,226.49,60.94,14.3,8.47,0.0,0.0,0.0,0.0,548.68,310.2
41.2371,0.0,0.0,0.0,36.19,6.27,171.93,202.07,102.96,221.65,89.32,31.13,25.41,0.0,0.0,0.0,0.0,519.42,367.51
41.2471,0.0,0.0,0.0,24.09,6.27,150.48,197.89,104.94,214.72,110.66,38.28,48.07,0.0,0.0,5.06,0.0,483.67,416.79
41.2571,0.0,0.0,0.0,17.16,4.18,122.98,189.64,104.94,221.65,128.04,45.43,75.02,0.0,4.73,5.06,0.0,438.9,479.93
41.2671,0.0,0.0,0.0,15.51,4.18,87.67,181.28,102.96,212.41,135.52,45.43,93.94,0.0,18.92,7.7,0.0,391.6,513.92
41.2771,0.0,0.0,0.0,13.75,4.18,54.67,142.67,96.91,205.48,140.58,47.85,112.75,0.0,45.1,12.76,0.0,312.18,564.52
41.2871,0.0,0.0,0.0,10.34,4.18,35.09,98.12,86.79,205.48,148.06,52.69,125.4,0.0,67.54,17.93,8.47,234.52,625.57
41.2971,0.0,0.0,0.0,8.58,4.18,23.43,55.0,74.69,212.41,158.07,57.75,137.94,5.5,81.07,28.27,12.65,165.88,693.66
41.3071,0.0,0.0,0.0,5.17,0.0,19.47,35.09,52.91,221.65,165.66,66.0,147.51,8.25,91.96,41.03,16.94,112.64,759.0
41.3171,0.0,0.0,0.0,3.41,0.0,13.64,27.5,37.07,231.44,173.03,71.39,156.97,11.0,102.74,53.9,23.21,81.62,823.68
41.3271,0.0,0.0,0.0,3.41,0.0,11.66,24.42,24.64,238.81,177.87,76.89,163.24,13.75,110.99,65.45,25.41,64.13,872.41
41.3371,0.0,0.0,0.0,0.0,0.0,7.81,15.18,15.84,238.81,180.29,79.64,172.81,16.5,119.13,74.36,27.5,38.83,909.04
41.3471,0.0,0.0,0.0,0.0,0.0,5.83,10.67,5.28,233.86,182.71,79.64,182.38,16.5,130.02,77.33,29.59,21.78,932.03
41.3571,0.0,0.0,0.0,0.0,0.0,3.85,6.05,3.52,226.49,182.71,79.64,195.14,19.25,135.41,83.27,31.79,13.42,953.7
41.3671,0.0,0.0,0.0,0.0,0.0,3.85,6.05,0.0,217.03,180.29,76.89,208.01,19.25,143.66,86.35,33.88,9.9,965.36
41.3771,0.0,0.0,0.0,0.0,0.0,0.0,4.51,0.0,207.79,177.87,76.89,220.77,22.0,151.8,92.29,35.97,4.51,985.38
41.3871,0.0,0.0,0.0,0.0,0.0,0.0,2.97,0.0,196.24,170.61,74.14,229.79,22.0,159.94,98.23,38.06,2.97,989.01
41.3971,0.0,0.0,0.0,0.0,0.0,0.0,0.0,0.0,182.27,163.13,71.39,235.62,22.0,165.44,101.2,40.26,0.0,981.31
41.4071,0.0,0.0,0.0,0.0,0.0,0.0,0.0,0.0,168.41,153.12,66.0,244.42,24.75,173.47,107.14,40.26,0.0,977.57
41.4171,0.0,0.0,0.0,0.0,0.0,0.0,0.0,0.0,153.34,143.11,63.25,250.14,24.75,178.86,110.22,42.35,0.0,966.02
41.4271,0.0,0.0,0.0,0.0,0.0,0.0,0.0,0.0,138.49,133.1,57.75,258.94,24.75,184.25,113.08,44.44,0.0,954.8
41.4371,0.0,0.0,0.0,0.0,0.0,0.0,0.0,0.0,123.75,120.56,52.69,264.77,27.5,189.64,115.94,44.44,0.0,939.29
41.4471,0.0,0.0,0.0,0.0,0.0,0.0,0.0,0.0,109.45,108.24,47.85,273.46,27.5,195.03,118.91,46.53,0.0,926.97
41.4571,0.0,0.0,0.0,0.0,0.0,0.0,0.0,0.0,96.14,98.78,40.7,279.51,27.5,200.42,121.77,48.73,0.0,913.55
41.4671,0.0,0.0,0.0,0.0,0.0,0.0,0.0,0.0,82.72,87.01,38.28,285.89,27.5,205.81,124.63,48.73,0.0,900.57
41.4771,0.0,0.0,0.0,0.0,0.0,0.0,0.0,0.0,69.41,77.55,31.13,292.16,27.5,208.45,124.63,50.82,0.0,881.65
41.4871,0.0,0.0,0.0,0.0,0.0,0.0,0.0,0.0,59.84,68.09,26.29,298.43,27.5,213.84,127.6,52.91,0.0,874.5
41.4971,0.0,0.0,0.0,0.0,0.0,0.0,0.0,0.0,49.17,60.94,21.56,304.81,27.5,219.23,127.6,55.11,0.0,865.92
41.5071,0.0,0.0,0.0,0.0,0.0,0.0,0.0,0.0,40.37,53.9,19.14,308.0,27.5,224.73,127.6,57.53,0.0,858.77
41.5171,0.0,0.0,0.0,0.0,0.0,0.0,0.0,0.0,31.57,46.86,14.3,314.27,24.75,227.48,127.6,59.95,0.0,846.78
41.5271,0.0,0.0,0.0,0.0,0.0,0.0,0.0,0.0,24.53,39.82,11.88,317.46,24.75,233.09,130.46,62.37,0.0,844.36
41.5371,0.0,0.0,0.0,0.0,0.0,0.0,0.0,0.0,19.25,30.47,9.57,320.54,24.75,235.95,130.46,64.9,0.0,835.89
41.5471,0.0,0.0,0.0,0.0,0.0,0.0,0.0,0.0,15.73,25.74,9.57,320.54,24.75,238.7,130.46,67.32,0.0,832.81
41.5571,0.0,0.0,0.0,0.0,0.0,0.0,0.0,0.0,12.21,18.7,7.15,320.54,22.0,244.31,133.32,69.74,0.0,827.97
41.5671,0.0,0.0,0.0,0.0,0.0,0.0,0.0,0.0,10.45,16.39,7.15,317.46,22.0,247.06,136.29,72.16,0.0,828.96
41.5771,0.0,0.0,0.0,0.0,0.0,0.0,0.0,0.0,8.69,11.66,4.73,314.27,22.0,249.92,136.29,77.11,0.0,824.67
41.5871,0.0,0.0,0.0,0.0,0.0,0.0,0.0,0.0,8.69,9.35,4.73,311.08,19.25,255.42,139.15,79.53,0.0,827.2
41.5971,0.0,0.0,0.0,0.0,0.0,0.0,0.0,0.0,6.93,9.35,4.73,304.81,19.25,258.28,142.12,81.95,0.0,827.42
41.6071,0.0,0.0,0.0,0.0,0.0,0.0,0.0,0.0,6.93,9.35,0.0,298.43,19.25,263.89,144.98,86.9,0.0,829.73
41.6171,0.0,0.0,0.0,0.0,0.0,0.0,0.0,0.0,6.93,6.93,0.0,292.16,16.5,266.64,147.84,89.32,0.0,826.32
41.6271,0.0,0.0,0.0,0.0,0.0,0.0,0.0,0.0,5.17,6.93,0.0,282.7,16.5,269.39,150.81,94.27,0.0,825.77
41.6371,0.0,0.0,0.0,0.0,0.0,0.0,0.0,0.0,5.17,4.62,0.0,270.6,16.5,272.25,156.53,99.11,0.0,824.78
41.6471,0.0,0.0,0.0,0.0,0.0,0.0,0.0,0.0,5.17,4.62,0.0,258.94,13.75,275.0,162.36,104.06,0.0,823.9
41.6571,0.0,0.0,0.0,0.0,0.0,0.0,0.0,0.0,5.17,4.62,0.0,244.42,13.75,277.86,168.3,108.9,0.0,823.02
41.6671,0.0,0.0,0.0,0.0,0.0,0.0,0.0,0.0,3.41,4.62,0.0,229.79,13.75,277.86,174.24,113.85,0.0,817.52
41.6771,0.0,0.0,0.0,0.0,0.0,0.0,0.0,0.0,3.41,4.62,0.0,211.2,11.0,280.61,177.21,118.25,0.0,806.3
41.6871,0.0,0.0,0.0,0.0,0.0,0.0,0.0,0.0,3.41,0.0,0.0,191.95,11.0,280.61,183.15,124.96,0.0,795.08
41.6971,4.62,0.0,0.0,0.0,0.0,0.0,0.0,0.0,0.0,0.0,0.0,172.81,8.25,277.86,186.12,129.47,4.62,774.51
41.7071,11.55,3.85,0.0,0.0,0.0,0.0,0.0,0.0,0.0,0.0,0.0,153.78,8.25,277.86,189.09,133.87,15.4,762.85
41.7171,39.49,9.68,0.0,0.0,0.0,0.0,0.0,0.0,0.0,0.0,0.0,131.67,5.5,275.0,189.09,138.38,49.17,739.64
41.7271,174.79,46.75,0.0,0.0,0.0,0.0,0.0,0.0,0.0,0.0,0.0,112.75,5.5,269.39,189.09,145.09,221.54,721.82
41.7371,275.22,82.94,21.78,5.17,0.0,0.0,0.0,0.0,0.0,0.0,0.0,90.75,0.0,261.03,186.12,147.29,385.11,685.19
41.7471,254.43,109.34,41.14,20.68,0.0,3.85,0.0,0.0,0.0,0.0,0.0,62.48,5.5,241.45,186.12,151.8,429.44,647.35
41.7571,249.26,138.93,55.77,31.02,0.0,9.68,0.0,3.52,0.0,0.0,0.0,39.6,5.5,211.2,180.18,151.8,488.18,588.28
41.7671,249.26,157.74,65.12,49.94,0.0,17.49,0.0,5.28,0.0,0.0,0.0,28.27,5.5,170.83,177.21,149.6,544.83,531.41
41.7771,249.26,175.12,69.85,60.83,0.0,33.22,4.51,8.8,0.0,0.0,0.0,25.41,8.25,110.99,156.53,140.58,601.59,441.76
41.7871,244.09,184.25,72.27,74.03,0.0,52.69,10.67,12.32,0.0,0.0,0.0,19.8,8.25,67.54,118.91,127.16,650.32,341.66
41.7971,246.73,195.58,81.73,85.03,4.18,67.54,24.42,17.6,0.0,0.0,0.0,16.94,8.25,40.37,77.33,113.85,722.81,256.74
41.8071,254.43,204.6,88.77,91.74,8.47,80.96,39.71,21.12,0.0,0.0,0.0,14.08,5.5,26.07,53.9,91.74,789.8,191.29
41.8171,259.6,209.11,98.23,96.14,12.65,92.18,51.92,26.4,0.0,0.0,0.0,8.47,0.0,18.92,43.67,59.95,846.23,131.01
41.8271,264.88,211.42,107.69,98.34,21.12,103.4,65.56,30.03,0.0,0.0,0.0,5.61,0.0,14.19,30.8,38.06,902.44,88.66
41.8371,264.88,209.11,112.42,102.74,25.41,110.11,78.21,31.79,0.0,0.0,0.0,0.0,0.0,9.46,23.1,12.65,934.67,45.21
41.8471,259.6,204.6,114.84,107.14,27.5,118.69,87.23,33.55,0.0,0.0,0.0,0.0,0.0,7.04,17.93,4.18,953.15,29.15
41.8571,249.26,197.78,112.42,113.85,29.59,125.07,96.36,37.07,0.0,0.0,0.0,0.0,0.0,4.73,12.76,0.0,961.4,17.49
41.8671,233.75,188.76,107.69,118.25,33.88,131.45,103.62,40.59,0.0,0.0,0.0,0.0,0.0,0.0,10.23,0.0,957.99,10.23
41.8771,220.88,175.12,102.96,120.56,35.97,137.72,112.64,42.35,0.0,0.0,0.0,0.0,0.0,0.0,7.7,0.0,948.2,7.7
41.8871,206.36,161.92,98.23,124.96,38.06,144.1,120.45,45.87,0.0,0.0,0.0,0.0,0.0,0.0,5.06,0.0,939.95,5.06
41.8971,191.73,149.38,91.08,127.27,40.15,148.39,132.55,47.63,0.0,0.0,0.0,0.0,0.0,0.0,0.0,0.0,928.18,0.0
41.9071,177.21,136.84,86.35,127.27,44.44,152.57,140.69,51.15,0.0,0.0,0.0,0.0,0.0,0.0,0.0,0.0,916.52,0.0
41.9171,162.58,122.21,79.31,127.27,44.44,154.66,148.72,52.91,0.0,0.0,0.0,0.0,0.0,0.0,0.0,0.0,892.1,0.0
41.9271,147.84,109.34,72.27,129.47,46.53,156.86,154.77,54.67,0.0,0.0,0.0,0.0,0.0,0.0,0.0,0.0,871.75,0.0
41.9371,128.15,93.94,62.81,129.47,46.53,161.04,160.82,54.67,0.0,0.0,0.0,0.0,0.0,0.0,0.0,0.0,837.43,0.0
41.9471,108.68,80.74,53.24,129.47,48.62,163.13,162.8,56.54,0.0,0.0,0.0,0.0,0.0,0.0,0.0,0.0,803.22,0.0
41.9571,93.28,67.54,43.56,129.47,48.62,165.33,166.87,56.54,0.0,0.0,0.0,0.0,0.0,0.0,0.0,0.0,771.21,0.0
41.9671,79.97,56.54,36.3,129.47,46.53,167.53,168.96,58.52,0.0,0.0,0.0,0.0,0.0,0.0,0.0,0.0,743.82,0.0
41.9771,66.77,48.73,29.04,127.27,46.53,167.53,170.94,58.52,0.0,0.0,0.0,0.0,0.0,0.0,0.0,0.0,715.33,0.0
41.9871,55.77,40.92,24.2,127.27,46.53,167.53,170.94,58.52,0.0,0.0,0.0,0.0,0.0,0.0,0.0,0.0,691.68,0.0
41.9971,41.8,35.09,16.94,124.96,44.44,169.73,173.03,58.52,0.0,0.0,0.0,0.0,0.0,0.0,0.0,0.0,664.51,0.0
42.0071,30.14,27.28,14.52,122.76,44.44,169.73,173.03,58.52,0.0,0.0,0.0,0.0,0.0,0.0,0.0,0.0,640.42,0.0
42.0171,23.21,21.34,9.68,120.56,42.35,169.73,173.03,58.52,0.0,0.0,0.0,0.0,0.0,0.0,0.0,0.0,618.42,0.0
42.0271,18.59,17.49,9.68,116.05,40.15,169.73,175.12,58.52,0.0,0.0,0.0,0.0,0.0,0.0,0.0,0.0,605.33,0.0
42.0371,13.86,13.64,7.26,113.85,38.06,169.73,177.21,56.54,0.0,0.0,0.0,0.0,0.0,0.0,0.0,0.0,590.15,0.0
42.0471,11.55,11.66,4.84,109.34,35.97,169.73,179.3,58.52,0.0,0.0,0.0,0.0,0.0,0.0,0.0,0.0,580.91,0.0
42.0571,9.24,7.7,4.84,107.14,35.97,171.93,181.28,58.52,0.0,0.0,0.0,0.0,0.0,0.0,0.0,0.0,576.62,0.0
42.0671,6.93,7.7,0.0,102.74,33.88,171.93,185.46,58.52,0.0,0.0,0.0,0.0,0.0,0.0,0.0,0.0,567.16,0.0
42.0771,6.93,5.83,0.0,100.54,33.88,174.13,191.62,60.5,0.0,0.0,0.0,0.0,0.0,0.0,0.0,0.0,573.43,0.0
42.0871,6.93,5.83,0.0,96.14,31.68,176.33,197.89,60.5,0.0,0.0,0.0,0.0,0.0,0.0,0.0,0.0,575.3,0.0
42.0971,4.62,5.83,0.0,93.94,31.68,178.53,204.05,62.59,0.0,0.0,0.0,0.0,0.0,0.0,0.0,0.0,581.24,0.0
42.1071,4.62,5.83,0.0,89.54,31.68,180.73,212.41,64.57,0.0,0.0,0.0,0.0,0.0,0.0,0.0,0.0,589.38,0.0
42.1171,4.62,3.85,0.0,87.34,31.68,180.73,220.66,64.57,0.0,0.0,0.0,0.0,0.0,0.0,0.0,0.0,593.45,0.0
42.1271,4.62,3.85,0.0,82.83,31.68,182.93,229.24,66.55,0.0,0.0,0.0,0.0,0.0,0.0,0.0,0.0,601.7,0.0
42.1371,4.62,3.85,0.0,78.43,29.59,182.93,238.04,68.64,0.0,0.0,0.0,0.0,0.0,0.0,0.0,0.0,606.1,0.0
42.147,0.0,3.85,0.0,71.83,29.59,182.93,246.84,70.62,0.0,0.0,0.0,0.0,0.0,0.0,0.0,0.0,605.66,0.0
42.157,0.0,0.0,0.0,65.23,27.5,185.13,255.75,74.69,0.0,0.0,0.0,0.0,0.0,0.0,0.0,0.0,608.3,0.0
42.167,0.0,3.85,0.0,58.63,25.41,182.93,260.15,78.65,0.0,0.0,0.0,0.0,0.0,0.0,0.0,0.0,609.62,0.0
42.177,0.0,0.0,0.0,53.35,23.21,180.73,264.55,80.74,0.0,0.0,0.0,0.0,0.0,0.0,0.0,0.0,602.58,0.0
42.187,0.0,0.0,0.0,48.18,19.03,180.73,266.75,86.79,8.69,0.0,0.0,0.0,0.0,0.0,0.0,0.0,601.48,8.69
42.197,0.0,0.0,0.0,41.36,16.94,178.53,264.55,90.86,38.61,4.62,0.0,0.0,0.0,0.0,0.0,0.0,592.24,43.23
42.207,0.0,0.0,0.0,34.43,12.65,171.93,264.55,92.84,210.1,37.51,7.15,0.0,0.0,0.0,0.0,0.0,576.4,254.76
42.217,0.0,0.0,0.0,27.5,8.47,163.13,260.15,96.91,236.28,60.94,21.56,5.61,0.0,0.0,0.0,0.0,556.16,324.39
42.227,0.0,0.0,0.0,18.92,6.27,146.19,253.55,100.87,224.07,96.47,38.28,42.35,0.0,0.0,5.06,0.0,525.8,406.23
42.237,0.0,0.0,0.0,13.75,4.18,125.07,246.84,102.96,228.91,123.09,50.27,81.29,0.0,9.46,7.7,0.0,492.8,500.72
42.247,0.0,0.0,0.0,11.99,4.18,96.69,231.44,100.87,233.86,140.58,60.5,106.48,0.0,35.64,12.76,0.0,445.17,589.82
42.257,0.0,0.0,0.0,11.99,6.27,63.03,204.05,96.91,224.07,145.64,60.5,122.21,0.0,56.98,15.4,4.18,382.25,628.98
42.267,0.0,0.0,0.0,10.34,6.27,39.05,158.84,86.79,219.34,148.06,63.25,128.48,5.5,72.93,23.1,8.47,301.29,669.13
42.277,0.0,0.0,0.0,6.82,6.27,27.28,98.12,76.67,224.07,155.65,71.39,134.86,8.25,86.46,38.5,14.74,215.16,733.92
42.287,0.0,0.0,0.0,5.17,4.18,21.45,51.92,58.52,231.44,165.66,76.89,141.13,11.0,94.6,48.73,19.03,141.24,788.48
42.297,0.0,0.0,0.0,3.41,0.0,15.62,35.09,42.35,243.76,173.03,85.03,147.51,11.0,102.74,59.51,21.12,96.47,843.7
42.307,0.0,0.0,0.0,0.0,0.0,11.66,28.93,28.27,253.55,180.29,90.53,153.78,16.5,110.99,68.42,25.41,68.86,899.47
42.317,0.0,0.0,0.0,0.0,0.0,9.68,22.88,19.36,256.08,182.71,96.03,160.05,16.5,119.13,77.33,27.5,51.92,935.33
42.327,0.0,0.0,0.0,0.0,0.0,5.83,16.72,10.56,253.55,185.13,96.03,169.62,19.25,124.52,83.27,29.59,33.11,960.96
42.337,0.0,0.0,0.0,0.0,0.0,3.85,10.67,3.52,246.18,185.13,96.03,179.19,19.25,132.77,86.35,31.79,18.04,976.69
42.347,0.0,0.0,0.0,0.0,0.0,3.85,9.13,3.52,233.86,182.71,93.28,191.95,19.25,140.91,89.32,33.88,16.5,985.16
42.357,0.0,0.0,0.0,0.0,0.0,0.0,7.59,3.52,221.65,180.29,90.53,201.63,22.0,149.05,95.26,35.97,11.11,996.38
42.367,0.0,0.0,0.0,0.0,0.0,0.0,6.05,0.0,210.1,175.45,87.78,211.2,22.0,154.55,101.2,38.06,6.05,1000.34
42.377,0.0,0.0,0.0,0.0,0.0,0.0,4.51,0.0,198.55,168.19,85.03,220.77,22.0,159.94,104.17,38.06,4.51,996.71
42.387,0.0,0.0,0.0,0.0,0.0,0.0,0.0,0.0,184.58,158.07,79.64,226.93,24.75,165.44,107.14,40.26,0.0,986.81
42.397,0.0,0.0,0.0,0.0,0.0,0.0,0.0,0.0,170.72,150.59,74.14,232.76,24.75,170.83,110.22,40.26,0.0,974.27
42.407,0.0,0.0,0.0,0.0,0.0,0.0,0.0,0.0,155.43,140.58,71.39,238.59,27.5,176.22,113.08,42.35,0.0,965.14
42.417,0.0,0.0,0.0,0.0,0.0,0.0,0.0,0.0,140.69,128.04,66.0,244.42,24.75,178.86,115.94,42.35,0.0,941.05
42.427,0.0,0.0,0.0,0.0,0.0,0.0,0.0,0.0,125.84,118.03,57.75,250.14,27.5,181.61,115.94,44.44,0.0,921.25
42.437,0.0,0.0,0.0,0.0,0.0,0.0,0.0,0.0,113.3,108.24,55.11,253.11,27.5,187.0,118.91,44.44,0.0,907.61
42.447,0.0,0.0,0.0,0.0,0.0,0.0,0.0,0.0,99.99,98.78,47.85,255.97,27.5,189.64,118.91,44.44,0.0,883.08
42.457,0.0,0.0,0.0,0.0,0.0,0.0,0.0,0.0,88.44,89.32,45.43,258.94,27.5,192.39,121.77,46.53,0.0,870.32
42.467,0.0,0.0,0.0,0.0,0.0,0.0,0.0,0.0,77.0,79.86,40.7,261.8,27.5,195.03,124.63,46.53,0.0,853.05
42.477,0.0,0.0,0.0,0.0,0.0,0.0,0.0,0.0,67.43,70.4,35.86,264.77,27.5,200.42,127.6,48.73,0.0,842.71
42.487,0.0,0.0,0.0,0.0,0.0,0.0,0.0,0.0,57.97,65.67,33.44,267.63,27.5,203.06,130.46,48.73,0.0,834.46
42.497,0.0,0.0,0.0,0.0,0.0,0.0,0.0,0.0,50.93,58.63,31.13,270.6,27.5,208.45,133.32,50.82,0.0,831.38
42.507,0.0,0.0,0.0,0.0,0.0,0.0,0.0,0.0,45.65,53.9,26.29,270.6,27.5,211.2,136.29,52.91,0.0,824.34
42.517,0.0,0.0,0.0,0.0,0.0,0.0,0.0,0.0,38.61,49.17,23.87,273.46,27.5,216.59,139.15,55.11,0.0,823.46
42.527,0.0,0.0,0.0,0.0,0.0,0.0,0.0,0.0,33.33,44.55,19.14,273.46,27.5,221.98,142.12,57.53,0.0,819.61
42.537,0.0,0.0,0.0,0.0,0.0,0.0,0.0,0.0,28.05,39.82,16.72,276.43,27.5,224.73,144.98,62.37,0.0,820.6
42.547,0.0,0.0,0.0,0.0,0.0,0.0,0.0,0.0,22.77,35.09,14.3,276.43,27.5,230.34,150.81,64.9,0.0,822.14
42.557,0.0,0.0,0.0,0.0,0.0,0.0,0.0,0.0,21.01,30.47,11.88,273.46,27.5,233.09,156.53,69.74,0.0,823.68
42.567,0.0,0.0,0.0,0.0,0.0,0.0,0.0,0.0,17.49,25.74,9.57,273.46,30.25,238.7,162.36,72.16,0.0,829.73
42.577,0.0,0.0,0.0,0.0,0.0,0.0,0.0,0.0,13.97,21.01,9.57,270.6,27.5,244.31,171.27,77.11,0.0,835.34
42.587,0.0,0.0,0.0,0.0,0.0,0.0,0.0,0.0,12.21,16.39,9.57,267.63,30.25,249.92,180.18,79.53,0.0,845.68
42.597,0.0,0.0,0.0,0.0,0.0,0.0,0.0,0.0,10.45,13.97,7.15,264.77,30.25,252.67,189.09,84.48,0.0,852.83
42.607,0.0,0.0,0.0,0.0,0.0,0.0,0.0,0.0,10.45,11.66,7.15,258.94,30.25,258.28,198.11,89.32,0.0,864.16
42.617,0.0,0.0,0.0,0.0,0.0,0.0,0.0,0.0,8.69,9.35,4.73,250.14,30.25,261.03,207.02,94.27,0.0,865.48
42.627,0.0,0.0,0.0,0.0,0.0,0.0,0.0,0.0,6.93,6.93,4.73,241.45,30.25,263.89,215.93,101.53,0.0,871.64
42.637,0.0,0.0,0.0,0.0,0.0,0.0,0.0,0.0,6.93,6.93,0.0,229.79,27.5,266.64,224.73,106.48,0.0,869.0
42.647,0.0,0.0,0.0,0.0,0.0,0.0,0.0,0.0,5.17,4.62,0.0,217.58,27.5,266.64,230.45,111.32,0.0,863.28
42.657,0.0,0.0,0.0,0.0,0.0,0.0,0.0,0.0,5.17,4.62,0.0,201.63,24.75,269.39,233.2,116.05,0.0,854.81
42.667,0.0,0.0,0.0,0.0,0.0,0.0,0.0,0.0,5.17,0.0,0.0,185.57,22.0,266.64,236.06,122.76,0.0,838.2
42.677,0.0,0.0,0.0,0.0,0.0,0.0,0.0,0.0,3.41,0.0,0.0,166.43,19.25,266.64,238.92,127.16,0.0,821.81
42.687,4.62,0.0,0.0,0.0,0.0,0.0,0.0,0.0,3.41,0.0,0.0,144.32,16.5,263.89,238.92,133.87,4.62,800.91
42.697,18.59,3.85,0.0,0.0,0.0,0.0,0.0,0.0,0.0,0.0,0.0,122.21,13.75,258.28,238.92,138.38,22.44,771.54
42.707,73.37,15.51,0.0,0.0,0.0,0.0,0.0,0.0,0.0,0.0,0.0,100.21,11.0,252.67,238.92,145.09,88.88,747.89
42.717,233.75,63.14,12.1,0.0,0.0,0.0,0.0,0.0,0.0,0.0,0.0,75.02,8.25,241.45,241.67,149.6,308.99,715.99
42.727,246.73,85.14,29.04,11.99,0.0,0.0,0.0,0.0,0.0,0.0,0.0,53.68,5.5,221.98,238.92,151.8,372.9,671.88
42.737,236.28,113.85,48.4,22.33,0.0,5.83,0.0,0.0,0.0,0.0,0.0,33.88,0.0,189.64,236.06,156.31,426.69,615.89
42.747,236.28,138.93,60.39,36.19,0.0,11.66,0.0,3.52,0.0,0.0,0.0,22.55,5.5,143.66,227.59,156.31,486.97,555.61
42.757,241.45,157.74,69.85,48.18,0.0,29.26,0.0,8.8,0.0,0.0,0.0,19.8,5.5,86.46,207.02,147.29,555.28,466.07
42.767,244.09,170.61,77.0,58.63,0.0,46.86,6.05,14.08,0.0,0.0,0.0,16.94,8.25,52.25,162.36,131.67,617.32,371.47
42.777,241.45,179.63,81.73,69.63,0.0,60.83,19.8,17.6,0.0,0.0,0.0,14.08,8.25,35.64,104.17,118.25,670.67,280.39
42.787,249.26,193.27,93.5,76.23,4.18,74.25,33.55,22.88,0.0,0.0,0.0,11.22,5.5,26.07,65.45,96.69,747.12,204.93
42.797,257.07,202.4,98.23,85.03,10.56,85.47,45.76,26.4,0.0,0.0,0.0,8.47,5.5,21.34,46.2,69.74,810.92,151.25
42.807,262.24,206.91,105.27,89.54,14.74,98.89,58.3,30.03,0.0,0.0,0.0,5.61,0.0,14.19,33.33,38.06,865.92,91.19
42.817,262.24,209.11,112.42,96.14,19.03,107.91,69.19,33.55,0.0,0.0,0.0,0.0,0.0,9.46,23.1,12.65,909.59,45.21
42.827,259.6,209.11,114.84,104.94,21.12,116.6,80.08,37.07,0.0,0.0,0.0,0.0,0.0,7.04,17.93,4.18,943.36,29.15
42.837,251.9,204.6,114.84,111.54,25.41,125.07,87.23,38.83,0.0,0.0,0.0,0.0,0.0,4.73,15.4,0.0,959.42,20.13
42.847,238.92,193.27,110.0,120.56,27.5,131.45,92.73,42.35,0.0,0.0,0.0,0.0,0.0,0.0,12.76,0.0,956.78,12.76
42.857,223.41,184.25,102.96,129.47,27.5,137.72,98.12,44.11,0.0,0.0,0.0,0.0,0.0,0.0,10.23,0.0,947.54,10.23
42.867,206.36,168.3,95.81,136.18,29.59,146.19,103.62,45.87,0.0,0.0,0.0,0.0,0.0,0.0,10.23,0.0,931.92,10.23
42.877,186.89,153.56,86.35,140.69,29.59,150.48,110.88,49.39,0.0,0.0,0.0,0.0,0.0,0.0,7.7,0.0,907.83,7.7
42.887,172.37,138.93,79.31,147.4,31.68,154.66,114.51,51.15,0.0,0.0,0.0,0.0,0.0,0.0,7.7,0.0,890.01,7.7
42.897,155.21,128.48,72.27,151.8,33.88,158.95,118.47,52.91,0.0,0.0,0.0,0.0,0.0,0.0,5.06,0.0,871.97,5.06
42.907,140.47,113.85,65.12,154.11,33.88,163.13,122.54,54.67,0.0,0.0,0.0,0.0,0.0,0.0,0.0,0.0,847.77,0.0
42.917,125.73,102.74,58.08,158.51,33.88,165.33,124.52,54.67,0.0,0.0,0.0,0.0,0.0,0.0,0.0,0.0,823.46,0.0
42.927,108.68,87.34,50.82,158.51,35.97,167.53,128.59,54.67,0.0,0.0,0.0,0.0,0.0,0.0,0.0,0.0,792.11,0.0
42.937,95.48,76.34,43.56,158.51,35.97,169.73,132.55,56.54,0.0,0.0,0.0,0.0,0.0,0.0,0.0,0.0,768.68,0.0
42.947,82.17,65.34,36.3,156.31,35.97,169.73,134.64,56.54,0.0,0.0,0.0,0.0,0.0,0.0,0.0,0.0,737.0,0.0
42.957,71.17,54.56,31.46,154.11,35.97,169.73,136.62,56.54,0.0,0.0,0.0,0.0,0.0,0.0,0.0,0.0,710.16,0.0
42.967,62.37,46.75,24.2,151.8,35.97,169.73,138.6,54.67,0.0,0.0,0.0,0.0,0.0,0.0,0.0,0.0,684.09,0.0
42.977,51.04,40.92,19.36,149.6,33.88,169.73,140.69,54.67,0.0,0.0,0.0,0.0,0.0,0.0,0.0,0.0,659.89,0.0
42.987,39.49,35.09,16.94,147.4,33.88,169.73,142.67,54.67,0.0,0.0,0.0,0.0,0.0,0.0,0.0,0.0,639.87,0.0
42.997,30.14,29.15,12.1,145.09,33.88,169.73,144.65,54.67,0.0,0.0,0.0,0.0,0.0,0.0,0.0,0.0,619.41,0.0
43.007,23.21,23.32,12.1,142.89,33.88,169.73,146.74,54.67,0.0,0.0,0.0,0.0,0.0,0.0,0.0,0.0,606.54,0.0
43.017,18.59,21.34,9.68,140.69,33.88,169.73,148.72,54.67,0.0,0.0,0.0,0.0,0.0,0.0,0.0,0.0,597.3,0.0
43.027,16.17,17.49,7.26,138.38,31.68,169.73,150.7,54.67,0.0,0.0,0.0,0.0,0.0,0.0,0.0,0.0,586.08,0.0
43.037,13.86,13.64,7.26,138.38,31.68,171.93,154.77,54.67,0.0,0.0,0.0,0.0,0.0,0.0,0.0,0.0,586.19,0.0
43.047,11.55,11.66,7.26,138.38,31.68,176.33,158.84,56.54,0.0,0.0,0.0,0.0,0.0,0.0,0.0,0.0,592.24,0.0
43.057,9.24,9.68,4.84,136.18,31.68,176.33,164.89,58.52,0.0,0.0,0.0,0.0,0.0,0.0,0.0,0.0,591.36,0.0
43.067,9.24,9.68,4.84,136.18,31.68,180.73,170.94,58.52,0.0,0.0,0.0,0.0,0.0,0.0,0.0,0.0,601.81,0.0
43.077,9.24,7.7,4.84,136.18,31.68,185.13,177.21,60.5,0.0,0.0,0.0,0.0,0.0,0.0,0.0,0.0,612.48,0.0
43.087,6.93,7.7,0.0,138.38,33.88,187.33,183.37,62.59,0.0,0.0,0.0,0.0,0.0,0.0,0.0,0.0,620.18,0.0
43.097,6.93,5.83,0.0,140.69,33.88,191.73,191.62,64.57,0.0,0.0,0.0,0.0,0.0,0.0,0.0,0.0,635.25,0.0
43.107,6.93,5.83,0.0,142.89,33.88,194.04,197.89,66.55,0.0,0.0,0.0,0.0,0.0,0.0,0.0,0.0,648.01,0.0
43.117,4.62,5.83,0.0,142.89,33.88,198.44,204.05,68.64,0.0,0.0,0.0,0.0,0.0,0.0,0.0,0.0,658.35,0.0
43.127,4.62,5.83,0.0,142.89,33.88,202.84,210.32,72.6,0.0,0.0,0.0,0.0,0.0,0.0,0.0,0.0,672.98,0.0
43.137,4.62,3.85,0.0,136.18,31.68,205.04,216.48,74.69,0.0,0.0,0.0,0.0,0.0,0.0,0.0,0.0,672.54,0.0
43.147,4.62,3.85,0.0,129.47,29.59,205.04,222.75,78.65,0.0,0.0,0.0,0.0,0.0,0.0,0.0,0.0,673.97,0.0
43.157,0.0,3.85,0.0,120.56,27.5,207.24,224.84,84.81,0.0,0.0,0.0,0.0,0.0,0.0,0.0,0.0,668.8,0.0
43.167,0.0,0.0,0.0,109.34,25.41,207.24,227.04,88.77,0.0,0.0,0.0,0.0,0.0,0.0,0.0,0.0,657.8,0.0
43.177,0.0,0.0,0.0,100.54,21.12,207.24,224.84,92.84,0.0,0.0,0.0,0.0,0.0,0.0,0.0,0.0,646.58,0.0
43.187,0.0,0.0,0.0,89.54,16.94,207.24,220.66,94.82,10.45,0.0,0.0,0.0,0.0,0.0,0.0,0.0,629.2,10.45
43.197,0.0,0.0,0.0,76.23,14.74,205.04,218.57,98.89,38.61,6.93,0.0,0.0,0.0,0.0,0.0,0.0,613.47,45.54
43.207,0.0,0.0,0.0,63.03,10.56,200.64,214.39,100.87,182.27,37.51,7.15,0.0,0.0,0.0,0.0,0.0,589.49,226.93
43.217,0.0,0.0,0.0,49.94,8.47,189.53,210.32,104.94,217.03,53.9,11.88,5.61,0.0,0.0,0.0,0.0,563.2,288.42
43.227,0.0,0.0,0.0,36.19,6.27,174.13,204.05,106.92,205.48,82.28,26.29,22.55,0.0,0.0,0.0,0.0,527.56,336.6
43.237,0.0,0.0,0.0,24.09,4.18,150.48,197.89,106.92,200.86,101.2,35.86,45.21,0.0,0.0,0.0,0.0,483.56,383.13
43.247,0.0,0.0,0.0,18.92,4.18,120.78,187.55,104.94,205.48,118.03,43.12,81.29,0.0,7.04,7.7,0.0,436.37,462.66
43.257,0.0,0.0,0.0,15.51,6.27,83.27,162.8,98.89,207.79,133.1,47.85,103.29,0.0,23.65,10.23,0.0,366.74,525.91
43.267,0.0,0.0,0.0,13.75,6.27,50.71,120.45,92.84,198.55,138.05,50.27,119.02,0.0,49.83,12.76,0.0,284.02,568.48
43.277,0.0,0.0,0.0,10.34,6.27,35.09,72.82,80.74,203.17,145.64,55.11,134.86,0.0,72.93,23.1,8.47,205.26,643.28
43.287,0.0,0.0,0.0,8.58,0.0,23.43,42.68,64.57,212.41,158.07,63.25,141.13,5.5,83.82,38.5,14.74,139.26,717.42
43.297,0.0,0.0,0.0,5.17,0.0,17.49,33.55,45.87,224.07,165.66,71.39,153.78,8.25,97.35,51.37,19.03,102.08,790.9
43.307,0.0,0.0,0.0,3.41,0.0,13.64,27.5,31.79,233.86,173.03,79.64,160.05,11.0,108.24,65.45,23.21,76.34,854.48
43.317,0.0,0.0,0.0,0.0,0.0,9.68,21.34,22.88,238.81,177.87,85.03,166.43,13.75,119.13,77.33,27.5,53.9,905.85
43.327,0.0,0.0,0.0,0.0,0.0,7.81,15.18,14.08,238.81,177.87,87.78,172.81,16.5,130.02,89.32,31.79,37.07,944.9
43.337,0.0,0.0,0.0,0.0,0.0,5.83,9.13,5.28,231.44,177.87,90.53,182.38,19.25,138.16,95.26,33.88,20.24,968.77
43.347,0.0,0.0,0.0,0.0,0.0,3.85,6.05,0.0,221.65,173.03,87.78,188.76,19.25,146.3,104.17,35.97,9.9,976.91
43.357,0.0,0.0,0.0,0.0,0.0,3.85,6.05,0.0,212.41,170.61,87.78,198.44,22.0,157.19,113.08,38.06,9.9,999.57
43.367,0.0,0.0,0.0,0.0,0.0,0.0,0.0,0.0,198.55,163.13,85.03,204.82,24.75,165.44,118.91,40.26,0.0,1000.89
43.377,0.0,0.0,0.0,0.0,0.0,0.0,0.0,0.0,184.58,153.12,82.39,211.2,24.75,170.83,124.63,42.35,0.0,993.85
43.387,0.0,0.0,0.0,0.0,0.0,0.0,0.0,0.0,168.41,143.11,76.89,217.58,27.5,178.86,133.32,46.53,0.0,992.2
43.397,0.0,0.0,0.0,0.0,0.0,0.0,0.0,0.0,153.34,133.1,71.39,220.77,27.5,184.25,139.15,48.73,0.0,978.23
43.407,0.0,0.0,0.0,0.0,0.0,0.0,0.0,0.0,136.4,120.56,66.0,226.93,27.5,189.64,142.12,50.82,0.0,959.97
43.417,0.0,0.0,0.0,0.0,0.0,0.0,0.0,0.0,121.55,110.66,60.5,229.79,30.25,195.03,144.98,52.91,0.0,945.67
43.427,0.0,0.0,0.0,0.0,0.0,0.0,0.0,0.0,107.58,98.78,52.69,235.62,30.25,200.42,147.84,55.11,0.0,928.29
43.437,0.0,0.0,0.0,0.0,0.0,0.0,0.0,0.0,94.16,89.32,47.85,238.59,30.25,203.06,153.67,57.53,0.0,914.43
43.447,0.0,0.0,0.0,0.0,0.0,0.0,0.0,0.0,78.98,77.55,43.12,241.45,30.25,208.45,153.67,59.95,0.0,893.42
43.457,0.0,0.0,0.0,0.0,0.0,0.0,0.0,0.0,67.43,70.4,38.28,244.42,30.25,211.2,156.53,62.37,0.0,880.88
43.467,0.0,0.0,0.0,0.0,0.0,0.0,0.0,0.0,56.21,60.94,33.44,247.28,30.25,216.59,159.5,64.9,0.0,869.11
43.477,0.0,0.0,0.0,0.0,0.0,0.0,0.0,0.0,47.41,53.9,28.71,247.28,30.25,219.23,159.5,67.32,0.0,853.6
43.487,0.0,0.0,0.0,0.0,0.0,0.0,0.0,0.0,38.61,46.86,23.87,247.28,27.5,221.98,162.36,69.74,0.0,838.2
43.497,0.0,0.0,0.0,0.0,0.0,0.0,0.0,0.0,31.57,39.82,19.14,247.28,27.5,224.73,165.33,72.16,0.0,827.53
43.507,0.0,0.0,0.0,0.0,0.0,0.0,0.0,0.0,24.53,32.78,14.3,241.45,27.5,227.48,168.3,72.16,0.0,808.5
43.517,0.0,0.0,0.0,0.0,0.0,0.0,0.0,0.0,19.25,25.74,11.88,238.59,24.75,230.34,171.27,74.69,0.0,796.51
43.527,0.0,0.0,0.0,0.0,0.0,0.0,0.0,0.0,15.73,18.7,9.57,232.76,24.75,230.34,174.24,77.11,0.0,783.2
43.537,0.0,0.0,0.0,0.0,0.0,0.0,0.0,0.0,12.21,13.97,7.15,226.93,24.75,233.09,180.18,79.53,0.0,777.81
43.547,0.0,0.0,0.0,0.0,0.0,0.0,0.0,0.0,10.45,11.66,7.15,224.07,24.75,235.95,183.15,81.95,0.0,779.13
43.557,0.0,0.0,0.0,0.0,0.0,0.0,0.0,0.0,8.69,9.35,4.73,217.58,24.75,235.95,189.09,84.48,0.0,774.62
43.567,0.0,0.0,0.0,0.0,0.0,0.0,0.0,0.0,8.69,9.35,4.73,211.2,24.75,238.7,195.14,86.9,0.0,779.46
43.5769,0.0,0.0,0.0,0.0,0.0,0.0,0.0,0.0,6.93,6.93,4.73,204.82,22.0,244.31,201.08,89.32,0.0,780.12
43.5869,0.0,0.0,0.0,0.0,0.0,0.0,0.0,0.0,6.93,4.62,0.0,198.44,22.0,247.06,209.99,94.27,0.0,783.31
43.5969,0.0,0.0,0.0,0.0,0.0,0.0,0.0,0.0,5.17,4.62,0.0,191.95,22.0,249.92,215.93,96.69,0.0,786.28
43.6069,0.0,0.0,0.0,0.0,0.0,0.0,0.0,0.0,5.17,4.62,0.0,185.57,22.0,252.67,224.73,101.53,0.0,796.29
43.6169,0.0,0.0,0.0,0.0,0.0,0.0,0.0,0.0,5.17,4.62,0.0,176.0,19.25,255.42,230.45,104.06,0.0,794.97
43.6269,0.0,0.0,0.0,0.0,0.0,0.0,0.0,0.0,5.17,4.62,0.0,166.43,19.25,258.28,236.06,108.9,0.0,798.71
43.6369,0.0,0.0,0.0,0.0,0.0,0.0,0.0,0.0,3.41,0.0,0.0,153.78,19.25,258.28,241.67,113.85,0.0,790.24
43.6469,0.0,0.0,0.0,0.0,0.0,0.0,0.0,0.0,3.41,0.0,0.0,141.13,16.5,255.42,247.39,118.25,0.0,782.1
43.6569,0.0,0.0,0.0,0.0,0.0,0.0,0.0,0.0,3.41,0.0,0.0,128.48,13.75,255.42,253.0,120.45,0.0,774.51
43.6669,13.86,0.0,0.0,0.0,0.0,0.0,0.0,0.0,3.41,0.0,0.0,112.75,11.0,249.92,253.0,124.96,13.86,755.04
43.6769,46.42,9.68,0.0,0.0,0.0,0.0,0.0,0.0,0.0,0.0,0.0,97.02,8.25,247.06,253.0,129.47,56.1,734.8
43.6869,189.31,48.73,9.68,0.0,0.0,0.0,0.0,0.0,0.0,0.0,0.0,78.21,8.25,238.7,253.0,133.87,247.72,712.03
43.6969,262.24,89.54,33.88,15.51,0.0,0.0,0.0,0.0,0.0,0.0,0.0,59.4,0.0,227.48,250.14,136.18,401.17,673.2
43.7069,246.73,122.21,50.82,31.02,0.0,9.68,0.0,3.52,0.0,0.0,0.0,39.6,0.0,203.06,247.39,138.38,463.98,628.43
43.7169,241.45,147.29,65.12,48.18,0.0,21.45,0.0,7.04,0.0,0.0,0.0,25.41,0.0,165.44,241.67,140.58,530.53,573.1
43.7269,244.09,164.01,69.85,58.63,0.0,41.03,7.59,12.32,0.0,0.0,0.0,19.8,0.0,113.63,230.45,138.38,597.52,502.26
43.7369,238.92,172.81,72.27,74.03,0.0,54.67,15.18,15.84,0.0,0.0,0.0,14.08,5.5,67.54,198.11,129.47,643.72,414.7
43.7469,231.11,181.94,77.0,87.34,4.18,74.25,28.93,21.12,0.0,0.0,0.0,11.22,5.5,40.37,147.84,116.05,705.87,320.98
43.7569,233.75,190.96,81.73,98.34,8.47,89.98,41.25,24.64,0.0,0.0,0.0,11.22,5.5,28.49,89.32,99.11,769.12,233.64
43.7669,233.75,195.58,86.35,111.54,14.74,103.4,53.46,28.27,0.0,0.0,0.0,8.47,5.5,23.65,56.54,77.11,827.09,171.27
43.7769,236.28,197.78,93.5,120.56,19.03,116.6,65.56,31.79,0.0,0.0,0.0,5.61,0.0,16.61,38.5,44.44,881.1,105.16
43.7869,236.28,197.78,98.23,129.47,23.21,127.16,76.45,35.31,0.0,0.0,0.0,0.0,0.0,11.88,25.63,19.03,923.89,56.54
43.7969,228.58,190.96,98.23,138.38,25.41,135.63,87.23,38.83,0.0,0.0,0.0,0.0,0.0,7.04,17.93,6.27,943.25,31.24
43.8069,218.46,184.25,95.81,147.4,27.5,146.19,94.49,42.35,0.0,0.0,0.0,0.0,0.0,7.04,15.4,4.18,956.45,26.62
43.8169,203.94,172.81,91.08,158.51,29.59,154.66,99.99,45.87,0.0,0.0,0.0,0.0,0.0,4.73,15.4,4.18,956.45,24.31
43.8269,189.31,159.83,84.04,167.64,31.68,161.04,105.38,47.63,0.0,0.0,0.0,0.0,0.0,4.73,12.76,0.0,946.55,17.49
43.8369,169.95,145.2,77.0,177.1,31.68,167.53,109.01,51.15,0.0,0.0,0.0,0.0,0.0,0.0,10.23,0.0,928.62,10.23
43.8469,152.68,130.57,67.54,184.14,33.88,174.13,112.64,52.91,0.0,0.0,0.0,0.0,0.0,0.0,10.23,0.0,908.49,10.23
43.8569,137.94,115.94,62.81,188.87,33.88,176.33,116.49,54.67,0.0,0.0,0.0,0.0,0.0,0.0,10.23,0.0,886.93,10.23
43.8669,123.2,104.94,55.77,193.6,33.88,180.73,118.47,56.54,0.0,0.0,0.0,0.0,0.0,0.0,7.7,0.0,867.13,7.7
43.8769,108.68,91.74,48.4,198.33,33.88,182.93,118.47,58.52,0.0,0.0,0.0,0.0,0.0,0.0,7.7,0.0,840.95,7.7
43.8869,95.48,80.74,41.14,203.06,33.88,185.13,118.47,58.52,0.0,0.0,0.0,0.0,0.0,0.0,7.7,0.0,816.42,7.7
43.8969,79.97,67.54,33.88,205.37,33.88,185.13,116.49,58.52,0.0,0.0,0.0,0.0,0.0,0.0,7.7,0.0,780.78,7.7
43.9069,68.97,56.54,26.62,205.37,31.68,185.13,116.49,58.52,0.0,0.0,0.0,0.0,0.0,0.0,5.06,0.0,749.32,5.06
43.9169,55.77,48.73,21.78,205.37,31.68,185.13,116.49,58.52,0.0,0.0,0.0,0.0,0.0,0.0,5.06,0.0,723.47,5.06
43.9269,39.49,38.94,14.52,203.06,29.59,185.13,116.49,56.54,0.0,0.0,0.0,0.0,0.0,0.0,5.06,0.0,683.76,5.06
43.9369,30.14,31.13,12.1,198.33,29.59,185.13,116.49,56.54,0.0,0.0,0.0,0.0,0.0,0.0,0.0,0.0,659.45,0.0
43.9469,23.21,25.3,9.68,191.29,27.5,185.13,118.47,54.67,0.0,0.0,0.0,0.0,0.0,0.0,0.0,0.0,635.25,0.0
43.9569,16.17,21.34,7.26,184.14,27.5,182.93,122.54,54.67,0.0,0.0,0.0,0.0,0.0,0.0,0.0,0.0,616.55,0.0
43.9669,13.86,15.51,7.26,177.1,27.5,182.93,124.52,52.91,0.0,0.0,0.0,0.0,0.0,0.0,0.0,0.0,601.59,0.0
43.9769,11.55,13.64,4.84,167.64,27.5,180.73,128.59,52.91,0.0,0.0,0.0,0.0,0.0,0.0,0.0,0.0,587.4,0.0
43.9869,9.24,9.68,4.84,160.82,27.5,180.73,134.64,54.67,0.0,0.0,0.0,0.0,0.0,0.0,0.0,0.0,582.12,0.0
43.9969,9.24,7.7,4.84,154.11,27.5,180.73,140.69,54.67,0.0,0.0,0.0,0.0,0.0,0.0,0.0,0.0,579.48,0.0
44.0069,6.93,7.7,0.0,145.09,27.5,182.93,148.72,56.54,0.0,0.0,0.0,0.0,0.0,0.0,0.0,0.0,575.41,0.0
44.0169,6.93,5.83,0.0,138.38,27.5,182.93,154.77,56.54,0.0,0.0,0.0,0.0,0.0,0.0,0.0,0.0,572.88,0.0
44.0269,4.62,5.83,0.0,129.47,27.5,182.93,164.89,58.52,0.0,0.0,0.0,0.0,0.0,0.0,0.0,0.0,573.76,0.0
44.0369,4.62,5.83,0.0,124.96,27.5,185.13,173.03,60.5,0.0,0.0,0.0,0.0,0.0,0.0,0.0,0.0,581.57,0.0
44.0469,4.62,3.85,0.0,118.25,27.5,187.33,181.28,62.59,0.0,0.0,0.0,0.0,0.0,0.0,0.0,0.0,585.42,0.0
44.0569,0.0,3.85,0.0,113.85,27.5,187.33,191.62,64.57,0.0,0.0,0.0,0.0,0.0,0.0,0.0,0.0,588.72,0.0
44.0669,0.0,3.85,0.0,109.34,27.5,189.53,202.07,66.55,0.0,0.0,0.0,0.0,0.0,0.0,0.0,0.0,598.84,0.0
44.0769,0.0,3.85,0.0,104.94,29.59,191.73,212.41,68.64,0.0,0.0,0.0,0.0,0.0,0.0,0.0,0.0,611.16,0.0
44.0869,0.0,3.85,0.0,100.54,27.5,191.73,220.66,68.64,0.0,0.0,0.0,0.0,0.0,0.0,0.0,0.0,612.92,0.0
44.0969,0.0,0.0,0.0,96.14,27.5,194.04,227.04,72.6,0.0,0.0,0.0,0.0,0.0,0.0,0.0,0.0,617.32,0.0
44.1069,0.0,0.0,0.0,91.74,27.5,194.04,235.84,74.69,0.0,0.0,0.0,0.0,0.0,0.0,0.0,0.0,623.81,0.0
44.1169,0.0,0.0,0.0,82.83,25.41,194.04,242.44,78.65,0.0,0.0,0.0,0.0,0.0,0.0,0.0,0.0,623.37,0.0
44.1269,0.0,0.0,0.0,76.23,25.41,194.04,249.04,82.72,0.0,0.0,0.0,0.0,0.0,0.0,0.0,0.0,627.44,0.0
44.1369,0.0,0.0,0.0,67.43,21.12,191.73,255.75,86.79,0.0,0.0,0.0,0.0,0.0,0.0,0.0,0.0,622.82,0.0
44.1469,0.0,0.0,0.0,58.63,19.03,189.53,257.95,90.86,0.0,0.0,0.0,0.0,0.0,0.0,0.0,0.0,616.0,0.0
44.1569,0.0,0.0,0.0,51.7,16.94,187.33,260.15,94.82,6.93,0.0,0.0,0.0,0.0,0.0,0.0,0.0,610.94,6.93
44.1669,0.0,0.0,0.0,43.01,12.65,180.73,260.15,98.89,35.09,4.62,0.0,0.0,0.0,0.0,0.0,0.0,595.43,39.71
44.1769,0.0,0.0,0.0,36.19,10.56,171.93,257.95,102.96,184.58,37.51,7.15,0.0,0.0,0.0,0.0,0.0,579.59,229.24
44.1869,0.0,0.0,0.0,27.5,6.27,156.86,257.95,104.94,228.91,60.94,21.56,8.47,0.0,0.0,0.0,0.0,553.52,319.88
44.1969,0.0,0.0,0.0,18.92,6.27,135.63,253.55,106.92,217.03,94.05,38.28,42.35,0.0,0.0,7.7,0.0,521.29,399.41
44.2069,0.0,0.0,0.0,15.51,4.18,107.91,244.64,109.01,219.34,115.5,50.27,78.21,0.0,14.19,12.76,0.0,481.25,490.27
44.2169,0.0,0.0,0.0,13.75,4.18,76.56,227.04,104.94,226.49,135.52,57.75,106.48,0.0,47.52,17.93,4.18,426.47,595.87
44.2269,0.0,0.0,0.0,11.99,6.27,44.88,189.64,96.91,221.65,140.58,60.5,115.94,0.0,64.79,25.63,10.56,349.69,639.65
44.2369,0.0,0.0,0.0,10.34,6.27,29.26,130.57,86.79,217.03,145.64,66.0,122.21,5.5,81.07,41.03,14.74,263.23,693.22
44.2469,0.0,0.0,0.0,6.82,4.18,21.45,72.82,68.64,221.65,155.65,71.39,131.67,8.25,91.96,51.37,19.03,173.91,750.97
44.2569,0.0,0.0,0.0,5.17,0.0,17.49,42.68,51.15,231.44,165.66,79.64,137.94,8.25,102.74,62.48,23.21,116.49,811.36
44.2669,0.0,0.0,0.0,3.41,0.0,13.64,32.01,35.31,243.76,175.45,85.03,147.51,11.0,110.99,71.39,25.41,84.37,870.54
44.2769,0.0,0.0,0.0,0.0,0.0,9.68,24.42,22.88,248.6,180.29,90.53,156.97,13.75,119.13,80.3,29.59,56.98,919.16
44.2869,0.0,0.0,0.0,0.0,0.0,7.81,16.72,14.08,251.13,185.13,93.28,166.43,16.5,124.52,83.27,31.79,38.61,952.05
44.2969,0.0,0.0,0.0,0.0,0.0,5.83,10.67,5.28,248.6,187.55,93.28,179.19,16.5,132.77,86.35,31.79,21.78,976.03
44.3069,0.0,0.0,0.0,0.0,0.0,3.85,7.59,0.0,241.23,185.13,90.53,191.95,16.5,138.16,89.32,33.88,11.44,986.7
44.3169,0.0,0.0,0.0,0.0,0.0,3.85,6.05,0.0,228.91,185.13,87.78,204.82,16.5,146.3,92.29,35.97,9.9,997.7
44.3269,0.0,0.0,0.0,0.0,0.0,0.0,4.51,0.0,217.03,180.29,85.03,217.58,16.5,151.8,95.26,35.97,4.51,999.46
44.3369,0.0,0.0,0.0,0.0,0.0,0.0,2.97,0.0,205.48,173.03,82.39,229.79,19.25,159.94,98.23,38.06,2.97,1006.17
44.3469,0.0,0.0,0.0,0.0,0.0,0.0,0.0,0.0,189.2,165.66,76.89,238.59,19.25,165.44,101.2,40.26,0.0,996.49
44.3569,0.0,0.0,0.0,0.0,0.0,0.0,0.0,0.0,175.34,155.65,74.14,247.28,19.25,170.83,104.17,40.26,0.0,986.92
44.3669,0.0,0.0,0.0,0.0,0.0,0.0,0.0,0.0,159.72,145.64,68.75,253.11,19.25,176.22,107.14,42.35,0.0,972.18
44.3769,0.0,0.0,0.0,0.0,0.0,0.0,0.0,0.0,144.87,135.52,63.25,261.8,22.0,181.61,110.22,42.35,0.0,961.62
44.3869,0.0,0.0,0.0,0.0,0.0,0.0,0.0,0.0,132.22,125.51,57.75,267.63,22.0,184.25,110.22,44.44,0.0,944.02
44.3969,0.0,0.0,0.0,0.0,0.0,0.0,0.0,0.0,115.28,115.5,52.69,273.46,22.0,189.64,110.22,44.44,0.0,923.23
44.4069,0.0,0.0,0.0,0.0,0.0,0.0,0.0,0.0,101.86,103.51,47.85,279.51,22.0,192.39,113.08,44.44,0.0,904.64
44.4169,0.0,0.0,0.0,0.0,0.0,0.0,0.0,0.0,88.44,91.74,43.12,285.89,22.0,195.03,113.08,46.53,0.0,885.83
44.4269,0.0,0.0,0.0,0.0,0.0,0.0,0.0,0.0,77.0,82.28,38.28,288.97,22.0,197.67,115.94,46.53,0.0,868.67
44.4369,0.0,0.0,0.0,0.0,0.0,0.0,0.0,0.0,65.56,75.13,33.44,292.16,22.0,203.06,115.94,46.53,0.0,853.82
44.4469,0.0,0.0,0.0,0.0,0.0,0.0,0.0,0.0,57.97,68.09,31.13,295.35,22.0,205.81,115.94,48.73,0.0,845.02
44.4569,0.0,0.0,0.0,0.0,0.0,0.0,0.0,0.0,50.93,60.94,26.29,298.43,22.0,208.45,118.91,48.73,0.0,834.68
44.4669,0.0,0.0,0.0,0.0,0.0,0.0,0.0,0.0,43.89,53.9,23.87,301.62,22.0,211.2,118.91,50.82,0.0,826.21
44.4769,0.0,0.0,0.0,0.0,0.0,0.0,0.0,0.0,36.85,49.17,19.14,301.62,22.0,216.59,121.77,50.82,0.0,817.96
44.4869,0.0,0.0,0.0,0.0,0.0,0.0,0.0,0.0,31.57,44.55,16.72,304.81,22.0,219.23,121.77,52.91,0.0,813.56
44.4969,0.0,0.0,0.0,0.0,0.0,0.0,0.0,0.0,24.53,39.82,11.88,304.81,22.0,224.73,124.63,55.11,0.0,807.51
44.5069,0.0,0.0,0.0,0.0,0.0,0.0,0.0,0.0,21.01,32.78,11.88,304.81,22.0,230.34,127.6,57.53,0.0,807.95
44.5169,0.0,0.0,0.0,0.0,0.0,0.0,0.0,0.0,17.49,25.74,9.57,301.62,22.0,233.09,133.32,62.37,0.0,805.2
44.5269,0.0,0.0,0.0,0.0,0.0,0.0,0.0,0.0,13.97,23.43,9.57,301.62,22.0,238.7,139.15,64.9,0.0,813.34
44.5369,0.0,0.0,0.0,0.0,0.0,0.0,0.0,0.0,12.21,18.7,9.57,301.62,22.0,244.31,144.98,69.74,0.0,823.13
44.5469,0.0,0.0,0.0,0.0,0.0,0.0,0.0,0.0,10.45,16.39,7.15,298.43,22.0,249.92,150.81,72.16,0.0,827.31
44.5569,0.0,0.0,0.0,0.0,0.0,0.0,0.0,0.0,8.69,13.97,7.15,298.43,22.0,255.42,159.5,79.53,0.0,844.69
44.5669,0.0,0.0,0.0,0.0,0.0,0.0,0.0,0.0,8.69,11.66,4.73,292.16,22.0,261.03,168.3,84.48,0.0,853.05
44.5769,0.0,0.0,0.0,0.0,0.0,0.0,0.0,0.0,6.93,9.35,4.73,285.89,22.0,263.89,177.21,89.32,0.0,859.32
44.5869,0.0,0.0,0.0,0.0,0.0,0.0,0.0,0.0,6.93,6.93,0.0,276.43,22.0,269.39,186.12,94.27,0.0,862.07
44.5969,4.62,0.0,0.0,0.0,0.0,0.0,0.0,0.0,5.17,6.93,0.0,264.77,19.25,272.25,195.14,101.53,4.62,865.04
44.6069,4.62,0.0,0.0,0.0,0.0,0.0,0.0,0.0,5.17,4.62,0.0,250.14,19.25,275.0,201.08,106.48,4.62,861.74
44.6169,4.62,0.0,0.0,0.0,0.0,0.0,0.0,0.0,5.17,4.62,0.0,232.76,19.25,275.0,207.02,113.85,4.62,857.67
44.6269,9.24,0.0,0.0,0.0,0.0,0.0,0.0,0.0,3.41,4.62,0.0,214.39,16.5,272.25,212.96,118.25,9.24,842.38
44.6369,20.9,3.85,0.0,0.0,0.0,0.0,0.0,0.0,3.41,0.0,0.0,191.95,13.75,272.25,215.93,120.45,24.75,817.74
44.6469,55.77,11.66,0.0,0.0,0.0,0.0,0.0,0.0,3.41,0.0,0.0,172.81,11.0,272.25,215.93,124.96,67.43,800.36
44.6569,179.63,46.75,7.26,0.0,0.0,0.0,0.0,0.0,0.0,0.0,0.0,147.51,8.25,266.64,215.93,131.67,233.64,770.0
44.6669,246.73,76.34,26.62,5.17,0.0,0.0,0.0,0.0,0.0,0.0,0.0,115.94,5.5,258.28,215.93,136.18,354.86,731.83
44.6769,233.75,96.14,43.56,20.68,0.0,3.85,0.0,0.0,0.0,0.0,0.0,87.56,0.0,244.31,215.93,142.89,397.98,690.69
44.6869,231.11,120.12,55.77,27.5,0.0,7.81,0.0,3.52,0.0,0.0,0.0,53.68,0.0,216.59,212.96,147.29,445.83,630.52
44.6969,228.58,134.75,62.81,39.6,0.0,17.49,0.0,5.28,0.0,0.0,0.0,33.88,0.0,178.86,209.99,154.0,488.51,576.73
44.7069,231.11,147.29,67.54,48.18,0.0,33.22,4.51,8.8,0.0,0.0,0.0,25.41,5.5,127.27,195.14,151.8,540.65,505.12
44.7169,225.94,155.65,72.27,56.87,0.0,50.71,15.18,14.08,0.0,0.0,0.0,19.8,5.5,75.68,165.33,140.58,590.7,406.89
44.7269,231.11,168.3,79.31,63.03,4.18,63.03,28.93,17.6,0.0,0.0,0.0,16.94,5.5,47.52,121.77,127.16,655.49,318.89
44.7369,238.92,175.12,88.77,69.63,8.47,72.05,41.25,21.12,0.0,0.0,0.0,14.08,5.5,33.22,77.33,111.32,715.33,241.45
44.7469,246.73,181.94,98.23,71.83,14.74,83.27,53.46,24.64,0.0,0.0,0.0,11.22,5.5,23.65,53.9,91.74,774.84,186.01
44.7569,257.07,188.76,107.69,76.23,21.12,92.18,65.56,28.27,0.0,0.0,0.0,8.47,0.0,18.92,41.03,62.37,836.88,130.79
44.7669,259.6,188.76,114.84,78.43,25.41,98.89,78.21,30.03,0.0,0.0,0.0,5.61,0.0,14.19,30.8,35.97,874.17,86.57
44.7769,254.43,186.45,114.84,82.83,29.59,105.6,89.1,31.79,0.0,0.0,0.0,5.61,0.0,9.46,23.1,10.56,894.63,48.73
44.7869,244.09,179.63,114.84,87.34,31.68,114.51,99.99,35.31,0.0,0.0,0.0,0.0,0.0,7.04,15.4,4.18,907.39,26.62
44.7969,233.75,172.81,112.42,93.94,35.97,122.98,110.88,38.83,0.0,0.0,0.0,0.0,0.0,4.73,12.76,0.0,921.58,17.49
44.8069,218.46,161.92,107.69,98.34,38.06,129.25,124.52,40.59,0.0,0.0,0.0,0.0,0.0,4.73,10.23,0.0,918.83,14.96
44.8169,203.94,149.38,102.96,98.34,40.15,135.63,136.62,44.11,0.0,0.0,0.0,0.0,0.0,0.0,10.23,0.0,911.13,10.23
44.8269,189.31,136.84,95.81,100.54,42.35,142.01,148.72,47.63,0.0,0.0,0.0,0.0,0.0,0.0,7.7,0.0,903.21,7.7
44.8369,177.21,124.3,91.08,100.54,44.44,144.1,160.82,49.39,0.0,0.0,0.0,0.0,0.0,0.0,7.7,0.0,891.88,7.7
44.8469,162.58,113.85,84.04,98.34,46.53,148.39,168.96,51.15,0.0,0.0,0.0,0.0,0.0,0.0,5.06,0.0,873.84,5.06
44.8569,145.31,100.54,77.0,100.54,48.62,150.48,175.12,52.91,0.0,0.0,0.0,0.0,0.0,0.0,5.06,0.0,850.52,5.06
44.8669,128.15,87.34,67.54,98.34,48.62,152.57,183.37,54.67,0.0,0.0,0.0,0.0,0.0,0.0,0.0,0.0,820.6,0.0
44.8769,108.68,74.14,58.08,98.34,50.82,154.66,189.64,54.67,0.0,0.0,0.0,0.0,0.0,0.0,0.0,0.0,789.03,0.0
44.8869,93.28,60.94,48.4,96.14,50.82,156.86,193.71,56.54,0.0,0.0,0.0,0.0,0.0,0.0,0.0,0.0,756.69,0.0
44.8969,77.77,50.6,41.14,96.14,48.62,158.95,197.89,56.54,0.0,0.0,0.0,0.0,0.0,0.0,0.0,0.0,727.65,0.0
44.9069,64.57,42.79,33.88,93.94,48.62,158.95,202.07,58.52,0.0,0.0,0.0,0.0,0.0,0.0,0.0,0.0,703.34,0.0
44.9169,51.04,35.09,26.62,91.74,48.62,161.04,206.14,56.54,0.0,0.0,0.0,0.0,0.0,0.0,0.0,0.0,676.83,0.0
44.9269,37.18,27.28,19.36,87.34,48.62,161.04,208.23,58.52,0.0,0.0,0.0,0.0,0.0,0.0,0.0,0.0,647.57,0.0
44.9369,27.83,21.34,14.52,85.03,48.62,161.04,212.41,56.54,0.0,0.0,0.0,0.0,0.0,0.0,0.0,0.0,627.33,0.0
44.9469,20.9,15.51,12.1,78.43,46.53,161.04,216.48,56.54,0.0,0.0,0.0,0.0,0.0,0.0,0.0,0.0,607.53,0.0
44.9569,16.17,11.66,9.68,74.03,46.53,158.95,222.75,56.54,0.0,0.0,0.0,0.0,0.0,0.0,0.0,0.0,596.31,0.0
44.9669,11.55,9.68,7.26,69.63,44.44,158.95,229.24,56.54,0.0,0.0,0.0,0.0,0.0,0.0,0.0,0.0,587.29,0.0
44.9769,9.24,7.7,4.84,63.03,42.35,158.95,233.64,58.52,0.0,0.0,0.0,0.0,0.0,0.0,0.0,0.0,578.27,0.0
44.9869,9.24,5.83,4.84,58.63,42.35,158.95,240.24,58.52,0.0,0.0,0.0,0.0,0.0,0.0,0.0,0.0,578.6,0.0
44.9969,6.93,5.83,0.0,55.11,40.15,158.95,246.84,60.5,0.0,0.0,0.0,0.0,0.0,0.0,0.0,0.0,574.31,0.0
45.0068,6.93,3.85,0.0,51.7,40.15,156.86,253.55,60.5,0.0,0.0,0.0,0.0,0.0,0.0,0.0,0.0,573.54,0.0
45.0168,4.62,3.85,0.0,48.18,38.06,158.95,260.15,62.59,0.0,0.0,0.0,0.0,0.0,0.0,0.0,0.0,576.4,0.0
45.0268,4.62,3.85,0.0,44.77,35.97,158.95,266.75,64.57,0.0,0.0,0.0,0.0,0.0,0.0,0.0,0.0,579.48,0.0
45.0368,0.0,3.85,0.0,43.01,33.88,158.95,275.66,66.55,0.0,0.0,0.0,0.0,0.0,0.0,0.0,0.0,581.9,0.0
45.0468,0.0,0.0,0.0,39.6,33.88,156.86,282.37,68.64,0.0,0.0,0.0,0.0,0.0,0.0,0.0,0.0,581.35,0.0
45.0568,0.0,0.0,0.0,36.19,31.68,156.86,289.19,68.64,0.0,0.0,0.0,0.0,0.0,0.0,0.0,0.0,582.56,0.0
45.0668,0.0,0.0,0.0,32.67,29.59,154.66,295.9,72.6,0.0,0.0,0.0,0.0,0.0,0.0,0.0,0.0,585.42,0.0
45.0768,0.0,0.0,0.0,29.26,27.5,150.48,302.72,74.69,0.0,0.0,0.0,0.0,0.0,0.0,0.0,0.0,584.65,0.0
45.0868,0.0,0.0,0.0,25.85,23.21,146.19,304.92,78.65,0.0,0.0,0.0,0.0,0.0,0.0,0.0,0.0,578.82,0.0
45.0968,0.0,0.0,0.0,20.68,19.03,139.92,307.23,82.72,3.41,0.0,0.0,0.0,0.0,0.0,0.0,0.0,569.58,3.41
45.1068,0.0,0.0,0.0,17.16,14.74,133.54,304.92,84.81,19.25,0.0,0.0,0.0,0.0,0.0,0.0,0.0,555.17,19.25
45.1168,0.0,0.0,0.0,13.75,10.56,122.98,300.41,90.86,134.31,35.09,7.15,0.0,0.0,0.0,0.0,0.0,538.56,176.55
45.1268,0.0,0.0,0.0,10.34,6.27,107.91,293.7,92.84,283.25,79.86,33.44,22.55,0.0,0.0,7.7,0.0,511.06,426.8
45.1368,0.0,0.0,0.0,8.58,4.18,85.47,280.17,94.82,260.92,128.04,55.11,87.56,0.0,14.19,12.76,0.0,473.22,558.58
45.1468,0.0,0.0,0.0,8.58,4.18,56.65,257.95,94.82,260.92,155.65,71.39,119.02,0.0,56.98,17.93,6.27,422.18,688.16
45.1568,0.0,0.0,0.0,6.82,4.18,37.07,218.57,88.77,251.13,163.13,76.89,134.86,0.0,78.32,28.27,12.65,355.41,745.25
45.1668,0.0,0.0,0.0,6.82,6.27,25.3,158.84,76.67,236.28,165.66,74.14,144.32,5.5,89.21,41.03,16.94,273.9,773.08
45.1768,0.0,0.0,0.0,3.41,6.27,19.47,94.49,58.52,231.44,170.61,76.89,153.78,8.25,102.74,53.9,23.21,182.16,820.82
45.1868,0.0,0.0,0.0,0.0,0.0,15.62,48.84,44.11,231.44,180.29,82.39,166.43,11.0,116.38,62.48,25.41,108.57,875.82
45.1968,0.0,0.0,0.0,0.0,0.0,11.66,35.09,31.79,233.86,187.55,87.78,176.0,11.0,124.52,71.39,29.59,78.54,921.69
45.2068,0.0,0.0,0.0,0.0,0.0,7.81,25.96,19.36,238.81,189.97,93.28,185.57,13.75,135.41,83.27,33.88,53.13,973.94
45.2168,0.0,0.0,0.0,0.0,0.0,5.83,18.26,10.56,238.81,189.97,98.67,191.95,16.5,143.66,92.29,35.97,34.65,1007.82
45.2268,0.0,0.0,0.0,0.0,0.0,3.85,12.21,3.52,233.86,189.97,98.67,201.63,16.5,151.8,95.26,38.06,19.58,1025.75
45.2368,0.0,0.0,0.0,0.0,0.0,0.0,9.13,0.0,226.49,185.13,96.03,208.01,19.25,154.55,98.23,40.26,9.13,1027.95
45.2468,0.0,0.0,0.0,0.0,0.0,0.0,9.13,0.0,214.72,182.71,93.28,214.39,19.25,159.94,104.17,40.26,9.13,1028.72
45.2568,0.0,0.0,0.0,0.0,0.0,0.0,7.59,0.0,203.17,175.45,87.78,220.77,19.25,162.69,104.17,40.26,7.59,1013.54
45.2668,0.0,0.0,0.0,0.0,0.0,0.0,6.05,0.0,191.51,168.19,82.39,226.93,19.25,168.19,107.14,42.35,6.05,1005.95
45.2768,0.0,0.0,0.0,0.0,0.0,0.0,4.51,0.0,179.96,158.07,79.64,229.79,19.25,170.83,110.22,42.35,4.51,990.11
45.2868,0.0,0.0,0.0,0.0,0.0,0.0,2.97,0.0,166.1,148.06,74.14,235.62,22.0,173.47,113.08,42.35,2.97,974.82
45.2968,0.0,0.0,0.0,0.0,0.0,0.0,0.0,0.0,153.34,140.58,68.75,238.59,22.0,176.22,115.94,42.35,0.0,957.77
45.3068,0.0,0.0,0.0,0.0,0.0,0.0,0.0,0.0,142.78,128.04,66.0,238.59,22.0,178.86,121.77,44.44,0.0,942.48
45.3168,0.0,0.0,0.0,0.0,0.0,0.0,0.0,0.0,130.02,118.03,60.5,241.45,22.0,181.61,124.63,44.44,0.0,922.68
45.3268,0.0,0.0,0.0,0.0,0.0,0.0,0.0,0.0,117.37,110.66,57.75,241.45,24.75,184.25,127.6,46.53,0.0,910.36
45.3368,0.0,0.0,0.0,0.0,0.0,0.0,0.0,0.0,107.58,101.2,52.69,241.45,24.75,187.0,130.46,46.53,0.0,891.66
45.3468,0.0,0.0,0.0,0.0,0.0,0.0,0.0,0.0,96.14,91.74,50.27,241.45,24.75,192.39,133.32,48.73,0.0,878.79
45.3568,0.0,0.0,0.0,0.0,0.0,0.0,0.0,0.0,88.44,84.59,45.43,241.45,24.75,195.03,136.29,48.73,0.0,864.71
45.3668,0.0,0.0,0.0,0.0,0.0,0.0,0.0,0.0,78.98,77.55,43.12,244.42,24.75,197.67,139.15,50.82,0.0,856.46
45.3768,0.0,0.0,0.0,0.0,0.0,0.0,0.0,0.0,71.28,70.4,40.7,244.42,24.75,203.06,142.12,52.91,0.0,849.64
45.3868,0.0,0.0,0.0,0.0,0.0,0.0,0.0,0.0,63.69,65.67,38.28,244.42,24.75,205.81,144.98,55.11,0.0,842.71
45.3968,0.0,0.0,0.0,0.0,0.0,0.0,0.0,0.0,57.97,60.94,35.86,247.28,27.5,208.45,147.84,55.11,0.0,840.95
45.4068,0.0,0.0,0.0,0.0,0.0,0.0,0.0,0.0,50.93,56.21,33.44,247.28,24.75,213.84,150.81,57.53,0.0,834.79
45.4168,0.0,0.0,0.0,0.0,0.0,0.0,0.0,0.0,45.65,51.59,31.13,247.28,27.5,216.59,153.67,62.37,0.0,835.78
45.4268,0.0,0.0,0.0,0.0,0.0,0.0,0.0,0.0,40.37,46.86,28.71,247.28,27.5,221.98,159.5,64.9,0.0,837.1
45.4368,0.0,0.0,0.0,0.0,0.0,0.0,0.0,0.0,35.09,42.13,26.29,244.42,27.5,227.48,165.33,67.32,0.0,835.56
45.4468,0.0,0.0,0.0,0.0,0.0,0.0,0.0,0.0,29.81,37.51,23.87,244.42,27.5,230.34,174.24,69.74,0.0,837.43
45.4568,0.0,0.0,0.0,0.0,0.0,0.0,0.0,0.0,24.53,32.78,19.14,241.45,27.5,235.95,180.18,74.69,0.0,836.22
45.4668,0.0,0.0,0.0,0.0,0.0,0.0,0.0,0.0,21.01,25.74,14.3,238.59,27.5,238.7,189.09,77.11,0.0,832.04
45.4768,0.0,0.0,0.0,0.0,0.0,0.0,0.0,0.0,17.49,21.01,11.88,238.59,27.5,244.31,201.08,81.95,0.0,843.81
45.4868,0.0,0.0,0.0,0.0,0.0,0.0,0.0,0.0,13.97,16.39,9.57,232.76,30.25,249.92,209.99,86.9,0.0,849.75
45.4968,0.0,0.0,0.0,0.0,0.0,0.0,0.0,0.0,10.45,11.66,9.57,226.93,30.25,252.67,218.9,89.32,0.0,849.75
45.5068,0.0,0.0,0.0,0.0,0.0,0.0,0.0,0.0,8.69,9.35,7.15,220.77,30.25,258.28,227.59,94.27,0.0,856.35
45.5168,0.0,0.0,0.0,0.0,0.0,0.0,0.0,0.0,8.69,6.93,4.73,208.01,27.5,261.03,238.92,99.11,0.0,854.92
45.5268,0.0,0.0,0.0,0.0,0.0,0.0,0.0,0.0,6.93,4.62,4.73,195.14,27.5,263.89,247.39,104.06,0.0,854.26
45.5368,0.0,0.0,0.0,0.0,0.0,0.0,0.0,0.0,5.17,4.62,0.0,182.38,27.5,263.89,253.0,108.9,0.0,845.46
45.5468,4.62,0.0,0.0,0.0,0.0,0.0,0.0,0.0,5.17,0.0,0.0,166.43,24.75,263.89,258.72,113.85,4.62,832.81
45.5568,6.93,0.0,0.0,0.0,0.0,0.0,0.0,0.0,3.41,0.0,0.0,147.51,22.0,261.03,261.47,118.25,6.93,813.67
45.5668,18.59,3.85,0.0,0.0,0.0,0.0,0.0,0.0,3.41,0.0,0.0,128.48,16.5,255.42,264.33,122.76,22.44,790.9
45.5768,60.17,15.51,0.0,0.0,0.0,0.0,0.0,0.0,3.41,0.0,0.0,106.48,13.75,249.92,264.33,127.16,75.68,765.05
45.5868,199.1,56.54,12.1,0.0,0.0,0.0,0.0,0.0,0.0,0.0,0.0,84.48,8.25,241.45,264.33,131.67,267.74,730.18
45.5968,233.75,89.54,33.88,17.16,0.0,0.0,0.0,0.0,0.0,0.0,0.0,62.48,5.5,224.73,261.47,138.38,374.33,692.56
45.6068,231.11,124.3,50.82,29.26,0.0,9.68,0.0,3.52,0.0,0.0,0.0,39.6,0.0,197.67,258.72,142.89,448.69,638.88
45.6168,231.11,145.2,60.39,46.53,0.0,17.49,0.0,5.28,0.0,0.0,0.0,22.55,0.0,157.19,253.0,145.09,506.0,577.83
45.6268,228.58,159.83,62.81,58.63,0.0,33.22,4.51,10.56,0.0,0.0,0.0,16.94,0.0,100.1,241.67,142.89,558.14,501.6
45.6368,220.88,168.3,65.12,71.83,0.0,50.71,9.13,14.08,0.0,0.0,0.0,14.08,5.5,56.98,207.02,131.67,600.05,415.25
45.6468,218.46,177.43,69.85,85.03,0.0,67.54,19.8,17.6,0.0,0.0,0.0,14.08,5.5,35.64,150.81,116.05,655.71,322.08
45.6568,220.88,186.45,77.0,93.94,6.27,83.27,33.55,22.88,0.0,0.0,0.0,11.22,5.5,28.49,92.29,96.69,724.24,234.19
45.6668,228.58,190.96,84.04,100.54,12.65,94.49,47.3,26.4,0.0,0.0,0.0,8.47,5.5,23.65,56.54,77.11,784.96,171.27
45.6768,238.92,197.78,95.81,104.94,16.94,105.6,60.06,30.03,0.0,0.0,0.0,5.61,0.0,16.61,38.5,48.73,850.08,109.45
45.6868,241.45,200.09,102.96,109.34,21.12,114.51,72.82,33.55,0.0,0.0,0.0,0.0,0.0,11.88,25.63,23.21,895.84,60.72
45.6968,241.45,200.09,105.27,111.54,25.41,120.78,83.71,35.31,0.0,0.0,0.0,0.0,0.0,7.04,17.93,6.27,923.56,31.24
45.7068,233.75,195.58,105.27,118.25,27.5,127.16,90.86,38.83,0.0,0.0,0.0,0.0,0.0,4.73,12.76,0.0,937.2,17.49
45.7168,225.94,186.45,102.96,122.76,29.59,133.54,98.12,40.59,0.0,0.0,0.0,0.0,0.0,4.73,12.76,0.0,939.95,17.49
45.7268,213.62,177.43,98.23,127.27,31.68,139.92,105.38,44.11,0.0,0.0,0.0,0.0,0.0,0.0,10.23,0.0,937.64,10.23
45.7368,199.1,164.01,93.5,131.67,33.88,146.19,112.64,45.87,0.0,0.0,0.0,0.0,0.0,0.0,7.7,0.0,926.86,7.7
45.7468,186.89,151.47,88.77,136.18,35.97,150.48,120.45,47.63,0.0,0.0,0.0,0.0,0.0,0.0,7.7,0.0,917.84,7.7
45.7568,172.37,138.93,81.73,138.38,38.06,154.66,128.59,51.15,0.0,0.0,0.0,0.0,0.0,0.0,5.06,0.0,903.87,5.06
45.7668,157.63,126.39,77.0,140.69,40.15,158.95,134.64,52.91,0.0,0.0,0.0,0.0,0.0,0.0,5.06,0.0,888.36,5.06
45.7768,142.89,113.85,69.85,142.89,40.15,161.04,138.6,52.91,0.0,0.0,0.0,0.0,0.0,0.0,0.0,0.0,862.18,0.0
45.7868,125.73,98.34,60.39,145.09,42.35,163.13,142.67,54.67,0.0,0.0,0.0,0.0,0.0,0.0,0.0,0.0,832.37,0.0
45.7968,108.68,85.14,50.82,145.09,42.35,165.33,144.65,56.54,0.0,0.0,0.0,0.0,0.0,0.0,0.0,0.0,798.6,0.0
45.8068,93.28,71.94,43.56,147.4,42.35,167.53,146.74,56.54,0.0,0.0,0.0,0.0,0.0,0.0,0.0,0.0,769.34,0.0
45.8168,79.97,58.74,36.3,147.4,40.15,169.73,146.74,56.54,0.0,0.0,0.0,0.0,0.0,0.0,0.0,0.0,735.57,0.0
45.8268,66.77,50.6,29.04,151.8,40.15,171.93,146.74,56.54,0.0,0.0,0.0,0.0,0.0,0.0,0.0,0.0,713.57,0.0
45.8368,51.04,44.77,21.78,151.8,40.15,171.93,144.65,56.54,0.0,0.0,0.0,0.0,0.0,0.0,0.0,0.0,682.66,0.0
45.8468,39.49,36.96,16.94,151.8,38.06,174.13,144.65,56.54,0.0,0.0,0.0,0.0,0.0,0.0,0.0,0.0,658.57,0.0
45.8568,30.14,29.15,12.1,154.11,35.97,176.33,144.65,56.54,0.0,0.0,0.0,0.0,0.0,0.0,0.0,0.0,638.99,0.0
45.8668,23.21,23.32,9.68,151.8,35.97,176.33,146.74,56.54,0.0,0.0,0.0,0.0,0.0,0.0,0.0,0.0,623.59,0.0
45.8768,18.59,19.47,9.68,151.8,33.88,176.33,146.74,56.54,0.0,0.0,0.0,0.0,0.0,0.0,0.0,0.0,613.03,0.0
45.8868,13.86,13.64,7.26,149.6,33.88,178.53,148.72,56.54,0.0,0.0,0.0,0.0,0.0,0.0,0.0,0.0,602.03,0.0
45.8968,11.55,11.66,4.84,147.4,31.68,178.53,150.7,56.54,0.0,0.0,0.0,0.0,0.0,0.0,0.0,0.0,592.9,0.0
45.9068,9.24,9.68,4.84,145.09,31.68,182.93,154.77,58.52,0.0,0.0,0.0,0.0,0.0,0.0,0.0,0.0,596.75,0.0
45.9168,6.93,7.7,0.0,145.09,31.68,182.93,158.84,58.52,0.0,0.0,0.0,0.0,0.0,0.0,0.0,0.0,591.69,0.0
45.9268,6.93,7.7,0.0,142.89,29.59,185.13,162.8,60.5,0.0,0.0,0.0,0.0,0.0,0.0,0.0,0.0,595.54,0.0
45.9368,6.93,5.83,0.0,140.69,29.59,187.33,166.87,62.59,0.0,0.0,0.0,0.0,0.0,0.0,0.0,0.0,599.83,0.0
45.9468,4.62,5.83,0.0,138.38,29.59,191.73,173.03,64.57,0.0,0.0,0.0,0.0,0.0,0.0,0.0,0.0,607.75,0.0
45.9568,4.62,5.83,0.0,133.98,29.59,194.04,179.3,66.55,0.0,0.0,0.0,0.0,0.0,0.0,0.0,0.0,613.91,0.0
45.9668,4.62,3.85,0.0,131.67,29.59,196.24,187.55,68.64,0.0,0.0,0.0,0.0,0.0,0.0,0.0,0.0,622.16,0.0
45.9768,4.62,3.85,0.0,124.96,27.5,198.44,193.71,70.62,0.0,0.0,0.0,0.0,0.0,0.0,0.0,0.0,623.7,0.0
45.9868,0.0,3.85,0.0,120.56,27.5,200.64,202.07,72.6,0.0,0.0,0.0,0.0,0.0,0.0,0.0,0.0,627.22,0.0
45.9968,0.0,3.85,0.0,113.85,27.5,200.64,210.32,76.67,0.0,0.0,0.0,0.0,0.0,0.0,0.0,0.0,632.83,0.0
46.0068,0.0,3.85,0.0,104.94,25.41,202.84,216.48,80.74,0.0,0.0,0.0,0.0,0.0,0.0,0.0,0.0,634.26,0.0
46.0168,0.0,0.0,0.0,96.14,23.21,202.84,220.66,84.81,0.0,0.0,0.0,0.0,0.0,0.0,0.0,0.0,627.66,0.0
46.0268,0.0,0.0,0.0,85.03,23.21,200.64,224.84,90.86,0.0,0.0,0.0,0.0,0.0,0.0,0.0,0.0,624.58,0.0
46.0368,0.0,0.0,0.0,76.23,19.03,198.44,227.04,94.82,0.0,0.0,0.0,0.0,0.0,0.0,0.0,0.0,615.56,0.0
46.0468,0.0,0.0,0.0,67.43,16.94,198.44,227.04,96.91,0.0,0.0,0.0,0.0,0.0,0.0,0.0,0.0,606.76,0.0
46.0568,0.0,0.0,0.0,56.87,12.65,196.24,227.04,100.87,0.0,0.0,0.0,0.0,0.0,0.0,0.0,0.0,593.67,0.0
46.0668,0.0,0.0,0.0,49.94,10.56,191.73,224.84,104.94,0.0,0.0,0.0,0.0,0.0,0.0,0.0,0.0,582.01,0.0
46.0768,0.0,0.0,0.0,41.36,8.47,185.13,222.75,109.01,17.49,0.0,0.0,0.0,0.0,0.0,0.0,0.0,566.72,17.49
46.0868,0.0,0.0,0.0,32.67,6.27,176.33,220.66,113.08,117.37,23.43,4.73,0.0,0.0,0.0,0.0,0.0,549.01,145.53
46.0968,0.0,0.0,0.0,24.09,6.27,158.95,218.57,115.17,270.82,58.63,11.88,0.0,0.0,0.0,0.0,0.0,523.05,341.33
46.1068,0.0,0.0,0.0,18.92,4.18,135.63,210.32,115.17,246.18,91.74,33.44,31.02,0.0,0.0,5.06,0.0,484.22,407.44
46.1168,0.0,0.0,0.0,15.51,4.18,103.4,197.89,113.08,246.18,133.1,47.85,62.48,0.0,4.73,7.7,0.0,434.06,502.04
46.1268,0.0,0.0,0.0,13.75,6.27,67.54,168.96,106.92,251.13,155.65,60.5,112.75,0.0,28.49,12.76,0.0,363.44,621.28
46.1368,0.0,0.0,0.0,10.34,6.27,42.9,116.49,96.91,251.13,168.19,66.0,131.67,0.0,49.83,15.4,4.18,272.91,686.4
46.1468,0.0,0.0,0.0,8.58,4.18,29.26,63.69,84.81,238.81,168.19,68.75,144.32,0.0,72.93,23.1,10.56,190.52,726.66
46.1568,0.0,0.0,0.0,6.82,0.0,21.45,38.17,60.5,241.23,177.87,74.14,156.97,5.5,91.96,41.03,16.94,126.94,805.64
46.1668,0.0,0.0,0.0,3.41,0.0,15.62,30.47,42.35,248.6,187.55,82.39,166.43,8.25,102.74,48.73,21.12,91.85,865.81
46.1768,0.0,0.0,0.0,0.0,0.0,11.66,24.42,26.4,256.08,194.81,87.78,176.0,11.0,113.63,62.48,23.21,62.48,924.99
46.1868,0.0,0.0,0.0,0.0,0.0,9.68,19.8,19.36,258.5,197.23,93.28,188.76,13.75,124.52,71.39,27.5,48.84,974.93
46.1968,0.0,0.0,0.0,0.0,0.0,7.81,13.75,7.04,256.08,199.65,96.03,198.44,16.5,132.77,80.3,29.59,28.6,1009.36
46.2068,0.0,0.0,0.0,0.0,0.0,5.83,9.13,3.52,248.6,197.23,96.03,208.01,16.5,140.91,86.35,31.79,18.48,1025.42
46.2168,0.0,0.0,0.0,0.0,0.0,3.85,9.13,3.52,236.28,194.81,93.28,217.58,19.25,149.05,92.29,33.88,16.5,1036.42
46.2268,0.0,0.0,0.0,0.0,0.0,3.85,7.59,3.52,221.65,187.55,87.78,229.79,19.25,154.55,95.26,35.97,14.96,1031.8
46.2368,0.0,0.0,0.0,0.0,0.0,0.0,6.05,3.52,205.48,180.29,85.03,238.59,19.25,162.69,98.23,35.97,9.57,1025.53
46.2468,0.0,0.0,0.0,0.0,0.0,0.0,2.97,0.0,191.51,170.61,79.64,247.28,22.0,168.19,101.2,38.06,2.97,1018.49
46.2568,0.0,0.0,0.0,0.0,0.0,0.0,2.97,0.0,175.34,160.6,76.89,253.11,22.0,170.83,104.17,38.06,2.97,1001.0
46.2668,0.0,0.0,0.0,0.0,0.0,0.0,0.0,0.0,159.72,148.06,71.39,261.8,22.0,176.22,104.17,40.26,0.0,983.62
46.2768,0.0,0.0,0.0,0.0,0.0,0.0,0.0,0.0,144.87,138.05,66.0,267.63,22.0,181.61,107.14,40.26,0.0,967.56
46.2868,0.0,0.0,0.0,0.0,0.0,0.0,0.0,0.0,132.22,128.04,60.5,276.43,22.0,184.25,107.14,42.35,0.0,952.93
46.2968,0.0,0.0,0.0,0.0,0.0,0.0,0.0,0.0,117.37,115.5,52.69,282.7,22.0,187.0,110.22,42.35,0.0,929.83
46.3068,0.0,0.0,0.0,0.0,0.0,0.0,0.0,0.0,103.73,105.93,50.27,288.97,22.0,189.64,110.22,44.44,0.0,915.2
46.3168,0.0,0.0,0.0,0.0,0.0,0.0,0.0,0.0,90.42,96.47,45.43,295.35,22.0,195.03,110.22,44.44,0.0,899.36
46.3268,0.0,0.0,0.0,0.0,0.0,0.0,0.0,0.0,78.98,87.01,40.7,298.43,22.0,195.03,110.22,44.44,0.0,876.81
46.3368,0.0,0.0,0.0,0.0,0.0,0.0,0.0,0.0,67.43,77.55,35.86,304.81,22.0,200.42,110.22,44.44,0.0,862.73
46.3468,0.0,0.0,0.0,0.0,0.0,0.0,0.0,0.0,59.84,70.4,31.13,308.0,22.0,203.06,113.08,46.53,0.0,854.04
46.3568,0.0,0.0,0.0,0.0,0.0,0.0,0.0,0.0,52.69,65.67,28.71,311.08,22.0,205.81,113.08,46.53,0.0,845.57
46.3668,0.0,0.0,0.0,0.0,0.0,0.0,0.0,0.0,45.65,58.63,23.87,314.27,22.0,208.45,113.08,46.53,0.0,832.48
46.3768,0.0,0.0,0.0,0.0,0.0,0.0,0.0,0.0,40.37,53.9,21.56,314.27,22.0,211.2,113.08,46.53,0.0,822.91
46.3868,0.0,0.0,0.0,0.0,0.0,0.0,0.0,0.0,33.33,49.17,16.72,317.46,22.0,213.84,115.94,46.53,0.0,814.99
46.3968,0.0,0.0,0.0,0.0,0.0,0.0,0.0,0.0,28.05,44.55,14.3,320.54,22.0,219.23,115.94,48.73,0.0,813.34
46.4068,0.0,0.0,0.0,0.0,0.0,0.0,0.0,0.0,22.77,39.82,11.88,320.54,19.25,221.98,121.77,50.82,0.0,808.83
46.4168,0.0,0.0,0.0,0.0,0.0,0.0,0.0,0.0,19.25,32.78,11.88,320.54,19.25,227.48,121.77,52.91,0.0,805.86
46.4268,0.0,0.0,0.0,0.0,0.0,0.0,0.0,0.0,15.73,28.05,9.57,317.46,19.25,230.34,127.6,57.53,0.0,805.53
46.4367,0.0,0.0,0.0,0.0,0.0,0.0,0.0,0.0,13.97,23.43,9.57,317.46,19.25,235.95,130.46,59.95,0.0,810.04
46.4467,0.0,0.0,0.0,0.0,0.0,0.0,0.0,0.0,12.21,18.7,7.15,314.27,19.25,241.45,136.29,64.9,0.0,814.22
46.4567,0.0,0.0,0.0,0.0,0.0,0.0,0.0,0.0,10.45,16.39,7.15,311.08,19.25,247.06,144.98,69.74,0.0,826.1
46.4667,0.0,0.0,0.0,0.0,0.0,0.0,0.0,0.0,10.45,13.97,4.73,308.0,19.25,252.67,150.81,74.69,0.0,834.57
46.4767,0.0,0.0,0.0,0.0,0.0,0.0,0.0,0.0,8.69,11.66,4.73,304.81,19.25,258.28,159.5,79.53,0.0,846.45
46.4867,0.0,0.0,0.0,0.0,0.0,0.0,0.0,0.0,6.93,9.35,4.73,298.43,19.25,263.89,165.33,84.48,0.0,852.39
46.4967,0.0,0.0,0.0,0.0,0.0,0.0,0.0,0.0,6.93,6.93,0.0,288.97,19.25,269.39,174.24,91.74,0.0,857.45
46.5067,0.0,0.0,0.0,0.0,0.0,0.0,0.0,0.0,5.17,6.93,0.0,279.51,19.25,272.25,180.18,96.69,0.0,859.98
46.5167,0.0,0.0,0.0,0.0,0.0,0.0,0.0,0.0,5.17,6.93,0.0,264.77,16.5,275.0,189.09,101.53,0.0,858.99
46.5267,0.0,0.0,0.0,0.0,0.0,0.0,0.0,0.0,5.17,4.62,0.0,250.14,16.5,277.86,195.14,106.48,0.0,855.91
46.5367,0.0,0.0,0.0,0.0,0.0,0.0,0.0,0.0,5.17,4.62,0.0,232.76,13.75,277.86,198.11,111.32,0.0,843.59
46.5467,6.93,0.0,0.0,0.0,0.0,0.0,0.0,0.0,3.41,4.62,0.0,211.2,11.0,277.86,204.05,118.25,6.93,830.39
46.5567,27.83,5.83,0.0,0.0,0.0,0.0,0.0,0.0,3.41,0.0,0.0,188.76,8.25,277.86,204.05,122.76,33.66,805.09
46.5667,108.68,29.15,0.0,0.0,0.0,0.0,0.0,0.0,0.0,0.0,0.0,166.43,8.25,275.0,204.05,127.16,137.83,780.89
46.5767,236.28,74.14,19.36,3.41,0.0,0.0,0.0,0.0,0.0,0.0,0.0,137.94,5.5,266.64,207.02,131.67,333.19,748.77
46.5867,225.94,96.14,36.3,20.68,0.0,0.0,0.0,0.0,0.0,0.0,0.0,103.29,0.0,252.67,207.02,138.38,379.06,701.36
46.5967,225.94,126.39,53.24,31.02,0.0,9.68,0.0,3.52,0.0,0.0,0.0,65.67,0.0,224.73,204.05,142.89,449.79,637.34
46.6067,228.58,145.2,62.81,44.77,0.0,21.45,0.0,5.28,0.0,0.0,0.0,39.6,5.5,187.0,201.08,147.29,508.09,580.47
46.6167,233.75,159.83,67.54,51.7,0.0,37.07,6.05,10.56,0.0,0.0,0.0,28.27,8.25,130.02,189.09,142.89,566.5,498.52
46.6267,231.11,168.3,72.27,58.63,0.0,50.71,13.75,14.08,0.0,0.0,0.0,22.55,8.25,75.68,156.53,129.47,608.85,392.48
46.6367,238.92,179.63,81.73,65.23,0.0,65.34,27.5,17.6,0.0,0.0,0.0,16.94,8.25,45.1,107.14,116.05,675.95,293.48
46.6467,249.26,193.27,91.08,69.63,8.47,74.25,39.71,22.88,0.0,0.0,0.0,14.08,5.5,28.49,65.45,99.11,748.55,212.63
46.6567,259.6,200.09,100.54,74.03,12.65,85.47,50.38,26.4,0.0,0.0,0.0,11.22,5.5,18.92,43.67,74.69,809.16,154.0
46.6667,270.05,206.91,112.42,78.43,14.74,94.49,61.93,28.27,0.0,0.0,0.0,8.47,0.0,14.19,30.8,44.44,867.24,97.9
46.6767,275.22,211.42,119.79,80.63,21.12,101.2,72.82,31.79,0.0,0.0,0.0,5.61,0.0,11.88,23.1,16.94,913.99,57.53
46.6867,275.22,211.42,124.74,85.03,23.21,107.91,81.84,33.55,0.0,0.0,0.0,5.61,0.0,7.04,15.4,4.18,942.92,32.23
46.6967,270.05,206.91,124.74,89.54,25.41,114.51,87.23,37.07,0.0,0.0,0.0,0.0,0.0,4.73,12.76,0.0,955.46,17.49
46.7067,259.6,200.09,119.79,93.94,27.5,118.69,94.49,38.83,0.0,0.0,0.0,0.0,0.0,0.0,10.23,4.18,952.93,14.41
46.7167,246.73,190.96,117.37,96.14,29.59,125.07,101.75,40.59,0.0,0.0,0.0,0.0,0.0,0.0,7.7,0.0,948.2,7.7
46.7267,233.75,179.63,112.42,98.34,31.68,127.16,107.25,42.35,0.0,0.0,0.0,0.0,0.0,0.0,7.7,0.0,932.58,7.7
46.7367,220.88,168.3,107.69,100.54,33.88,131.45,114.51,44.11,0.0,0.0,0.0,0.0,0.0,0.0,5.06,0.0,921.36,5.06
46.7467,211.2,159.83,105.27,100.54,33.88,133.54,118.47,45.87,0.0,0.0,0.0,0.0,0.0,0.0,0.0,0.0,908.6,0.0
46.7567,201.52,149.38,100.54,100.54,35.97,133.54,124.52,45.87,0.0,0.0,0.0,0.0,0.0,0.0,0.0,0.0,891.88,0.0
46.7667,191.73,141.02,95.81,98.34,38.06,135.63,128.59,47.63,0.0,0.0,0.0,0.0,0.0,0.0,0.0,0.0,876.81,0.0
46.7767,182.05,130.57,91.08,98.34,38.06,135.63,132.55,47.63,0.0,0.0,0.0,0.0,0.0,0.0,0.0,0.0,855.91,0.0
46.7867,169.95,122.21,84.04,98.34,38.06,135.63,132.55,47.63,0.0,0.0,0.0,0.0,0.0,0.0,0.0,0.0,828.41,0.0
46.7967,157.63,111.54,77.0,98.34,38.06,137.72,134.64,49.39,0.0,0.0,0.0,0.0,0.0,0.0,0.0,0.0,804.32,0.0
46.8067,147.84,102.74,72.27,98.34,40.15,137.72,136.62,47.63,0.0,0.0,0.0,0.0,0.0,0.0,0.0,0.0,783.31,0.0
46.8167,137.94,93.94,67.54,100.54,40.15,137.72,136.62,49.39,0.0,0.0,0.0,0.0,0.0,0.0,0.0,0.0,763.84,0.0
46.8267,128.15,87.34,62.81,100.54,40.15,139.92,138.6,49.39,0.0,0.0,0.0,0.0,0.0,0.0,0.0,0.0,746.9,0.0
46.8367,120.78,80.74,58.08,100.54,40.15,139.92,140.69,47.63,0.0,0.0,0.0,0.0,0.0,0.0,0.0,0.0,728.53,0.0
46.8467,110.99,74.14,53.24,100.54,40.15,142.01,142.67,49.39,0.0,0.0,0.0,0.0,0.0,0.0,0.0,0.0,713.13,0.0
46.8567,104.28,67.54,50.82,102.74,42.35,144.1,144.65,49.39,0.0,0.0,0.0,0.0,0.0,0.0,0.0,0.0,705.87,0.0
46.8667,95.48,60.94,45.98,104.94,42.35,146.19,148.72,49.39,0.0,0.0,0.0,0.0,0.0,0.0,0.0,0.0,693.99,0.0
46.8767,86.68,56.54,43.56,107.14,42.35,150.48,152.79,51.15,0.0,0.0,0.0,0.0,0.0,0.0,0.0,0.0,690.69,0.0
46.8867,79.97,50.6,38.72,107.14,44.44,152.57,158.84,51.15,0.0,0.0,0.0,0.0,0.0,0.0,0.0,0.0,683.43,0.0
46.8967,71.17,46.75,36.3,111.54,44.44,156.86,164.89,52.91,0.0,0.0,0.0,0.0,0.0,0.0,0.0,0.0,684.86,0.0
46.9067,62.37,42.79,31.46,113.85,46.53,161.04,173.03,54.67,0.0,0.0,0.0,0.0,0.0,0.0,0.0,0.0,685.74,0.0
46.9167,55.77,38.94,29.04,116.05,48.62,165.33,183.37,56.54,0.0,0.0,0.0,0.0,0.0,0.0,0.0,0.0,693.66,0.0
46.9267,48.73,35.09,26.62,118.25,50.82,169.73,193.71,56.54,0.0,0.0,0.0,0.0,0.0,0.0,0.0,0.0,699.49,0.0
46.9367,39.49,33.11,21.78,118.25,50.82,171.93,202.07,58.52,0.0,0.0,0.0,0.0,0.0,0.0,0.0,0.0,695.97,0.0
46.9467,34.76,27.28,19.36,120.56,52.91,176.33,214.39,60.5,0.0,0.0,0.0,0.0,0.0,0.0,0.0,0.0,706.09,0.0
46.9567,27.83,21.34,16.94,120.56,55.0,180.73,224.84,62.59,0.0,0.0,0.0,0.0,0.0,0.0,0.0,0.0,709.83,0.0
46.9667,23.21,19.47,12.1,120.56,55.0,185.13,238.04,64.57,0.0,0.0,0.0,0.0,0.0,0.0,0.0,0.0,718.08,0.0
46.9767,18.59,15.51,12.1,118.25,55.0,187.33,249.04,66.55,0.0,0.0,0.0,0.0,0.0,0.0,0.0,0.0,722.37,0.0
46.9867,13.86,11.66,7.26,113.85,55.0,187.33,257.95,68.64,0.0,0.0,0.0,0.0,0.0,0.0,0.0,0.0,715.55,0.0
46.9967,11.55,7.7,4.84,107.14,52.91,189.53,266.75,70.62,0.0,0.0,0.0,0.0,0.0,0.0,0.0,0.0,711.04,0.0
47.0067,9.24,5.83,4.84,98.34,50.82,189.53,271.15,72.6,0.0,0.0,0.0,0.0,0.0,0.0,0.0,0.0,702.35,0.0
47.0167,4.62,5.83,0.0,87.34,46.53,189.53,275.66,74.69,0.0,0.0,0.0,0.0,0.0,0.0,0.0,0.0,684.2,0.0
47.0267,4.62,3.85,0.0,76.23,40.15,189.53,275.66,76.67,19.25,0.0,0.0,0.0,0.0,0.0,0.0,0.0,666.71,19.25
47.0367,0.0,3.85,0.0,65.23,33.88,187.33,273.35,80.74,98.01,13.97,0.0,0.0,0.0,0.0,0.0,0.0,644.38,111.98
47.0467,0.0,3.85,0.0,53.35,27.5,182.93,268.95,84.81,224.07,42.13,7.15,0.0,0.0,0.0,0.0,0.0,621.39,273.35
47.0567,0.0,0.0,0.0,39.6,19.03,174.13,260.15,86.79,203.17,60.94,19.14,14.08,0.0,0.0,0.0,0.0,579.7,297.33
47.0667,0.0,0.0,0.0,29.26,12.65,158.95,251.35,88.77,200.86,91.74,31.13,36.74,0.0,0.0,5.06,0.0,540.98,365.53
47.0767,0.0,0.0,0.0,18.92,6.27,137.72,242.44,90.86,203.17,110.66,40.7,71.94,0.0,4.73,7.7,0.0,496.21,438.9
47.0867,0.0,0.0,0.0,13.75,4.18,112.42,229.24,92.84,212.41,130.57,47.85,103.29,0.0,21.34,10.23,0.0,452.43,525.69
47.0967,0.0,0.0,0.0,10.34,4.18,78.76,210.32,90.86,200.86,135.52,45.43,115.94,0.0,35.64,12.76,0.0,394.46,546.15
47.1067,0.0,0.0,0.0,10.34,4.18,44.88,173.03,84.81,196.24,138.05,50.27,128.48,0.0,59.4,15.4,6.27,317.24,594.11
47.1167,0.0,0.0,0.0,6.82,4.18,29.26,124.52,72.6,198.55,145.64,52.69,137.94,0.0,72.93,30.8,10.56,237.38,649.11
47.1267,0.0,0.0,0.0,5.17,4.18,21.45,76.45,56.54,205.48,155.65,57.75,147.51,0.0,83.82,41.03,14.74,163.79,705.98
47.1367,0.0,0.0,0.0,3.41,0.0,17.49,45.76,42.35,214.72,163.13,63.25,156.97,8.25,91.96,51.37,19.03,109.01,768.68
47.1467,0.0,0.0,0.0,0.0,0.0,13.64,32.01,30.03,221.65,170.61,71.39,166.43,11.0,102.74,62.48,23.21,75.68,829.51
47.1567,0.0,0.0,0.0,0.0,0.0,9.68,25.96,17.6,226.49,175.45,76.89,176.0,11.0,110.99,71.39,27.5,53.24,875.71
47.1667,0.0,0.0,0.0,0.0,0.0,7.81,18.26,12.32,226.49,180.29,76.89,188.76,13.75,119.13,74.36,27.5,38.39,907.17
47.1767,0.0,0.0,0.0,0.0,0.0,5.83,13.75,5.28,219.34,180.29,76.89,201.63,13.75,127.27,80.3,29.59,24.86,929.06
47.1867,0.0,0.0,0.0,0.0,0.0,3.85,10.67,3.52,212.41,180.29,74.14,214.39,13.75,135.41,83.27,31.79,18.04,945.45
47.1967,0.0,0.0,0.0,0.0,0.0,3.85,9.13,3.52,203.17,177.87,74.14,226.93,13.75,143.66,86.35,33.88,16.5,959.75
47.2067,0.0,0.0,0.0,0.0,0.0,0.0,9.13,3.52,193.82,173.03,71.39,238.59,16.5,151.8,92.29,35.97,12.65,973.39
47.2167,0.0,0.0,0.0,0.0,0.0,0.0,7.59,3.52,182.27,165.66,68.75,247.28,16.5,157.19,95.26,35.97,11.11,968.88
47.2267,0.0,0.0,0.0,0.0,0.0,0.0,4.51,0.0,168.41,158.07,66.0,253.11,19.25,162.69,101.2,38.06,4.51,966.79
47.2367,0.0,0.0,0.0,0.0,0.0,0.0,4.51,0.0,155.43,148.06,63.25,258.94,19.25,168.19,104.17,40.26,4.51,957.55
47.2467,0.0,0.0,0.0,0.0,0.0,0.0,2.97,0.0,142.78,138.05,57.75,264.77,19.25,173.47,107.14,40.26,2.97,943.47
47.2567,0.0,0.0,0.0,0.0,0.0,0.0,0.0,0.0,130.02,128.04,55.11,270.6,19.25,178.86,110.22,42.35,0.0,934.45
47.2667,0.0,0.0,0.0,0.0,0.0,0.0,0.0,0.0,117.37,118.03,50.27,273.46,19.25,181.61,113.08,44.44,0.0,917.51
47.2767,0.0,0.0,0.0,0.0,0.0,0.0,0.0,0.0,105.71,108.24,47.85,276.43,19.25,187.0,113.08,44.44,0.0,902.0
47.2867,0.0,0.0,0.0,0.0,0.0,0.0,0.0,0.0,94.16,98.78,43.12,279.51,22.0,189.64,115.94,44.44,0.0,887.59
47.2967,0.0,0.0,0.0,0.0,0.0,0.0,0.0,0.0,84.7,89.32,40.7,282.7,22.0,195.03,118.91,46.53,0.0,879.89
47.3067,0.0,0.0,0.0,0.0,0.0,0.0,0.0,0.0,75.13,82.28,35.86,282.7,22.0,197.67,118.91,46.53,0.0,861.08
47.3167,0.0,0.0,0.0,0.0,0.0,0.0,0.0,0.0,65.56,75.13,33.44,285.89,22.0,200.42,121.77,48.73,0.0,852.94
47.3267,0.0,0.0,0.0,0.0,0.0,0.0,0.0,0.0,59.84,68.09,31.13,285.89,22.0,205.81,124.63,50.82,0.0,848.21
47.3367,0.0,0.0,0.0,0.0,0.0,0.0,0.0,0.0,52.69,63.36,28.71,285.89,22.0,208.45,127.6,52.91,0.0,841.61
47.3467,0.0,0.0,0.0,0.0,0.0,0.0,0.0,0.0,47.41,56.21,26.29,285.89,22.0,213.84,130.46,52.91,0.0,835.01
47.3567,0.0,0.0,0.0,0.0,0.0,0.0,0.0,0.0,42.13,51.59,23.87,282.7,22.0,216.59,133.32,57.53,0.0,829.73
47.3667,0.0,0.0,0.0,0.0,0.0,0.0,0.0,0.0,36.85,46.86,21.56,282.7,22.0,219.23,139.15,59.95,0.0,828.3
47.3767,0.0,0.0,0.0,0.0,0.0,0.0,0.0,0.0,33.33,44.55,19.14,282.7,22.0,224.73,142.12,62.37,0.0,830.94
47.3867,0.0,0.0,0.0,0.0,0.0,0.0,0.0,0.0,28.05,39.82,16.72,279.51,22.0,227.48,147.84,67.32,0.0,828.74
47.3967,0.0,0.0,0.0,0.0,0.0,0.0,0.0,0.0,24.53,35.09,14.3,279.51,22.0,233.09,156.53,69.74,0.0,834.79
47.4067,0.0,0.0,0.0,0.0,0.0,0.0,0.0,0.0,19.25,30.47,11.88,276.43,22.0,235.95,165.33,72.16,0.0,833.47
47.4167,0.0,0.0,0.0,0.0,0.0,0.0,0.0,0.0,17.49,25.74,9.57,270.6,22.0,238.7,174.24,77.11,0.0,835.45
47.4267,0.0,0.0,0.0,0.0,0.0,0.0,0.0,0.0,13.97,21.01,9.57,264.77,24.75,244.31,183.15,79.53,0.0,841.06
47.4367,0.0,0.0,0.0,0.0,0.0,0.0,0.0,0.0,12.21,13.97,7.15,255.97,24.75,247.06,195.14,84.48,0.0,840.73
47.4467,0.0,0.0,0.0,0.0,0.0,0.0,0.0,0.0,10.45,11.66,7.15,250.14,24.75,249.92,207.02,86.9,0.0,847.99
47.4567,0.0,0.0,0.0,0.0,0.0,0.0,0.0,0.0,8.69,9.35,7.15,241.45,24.75,252.67,215.93,91.74,0.0,851.73
47.4667,0.0,0.0,0.0,0.0,0.0,0.0,0.0,0.0,6.93,6.93,4.73,229.79,24.75,255.42,224.73,96.69,0.0,849.97
47.4767,0.0,0.0,0.0,0.0,0.0,0.0,0.0,0.0,6.93,6.93,0.0,217.58,24.75,255.42,236.06,101.53,0.0,849.2
47.4867,0.0,0.0,0.0,0.0,0.0,0.0,0.0,0.0,5.17,4.62,0.0,201.63,22.0,255.42,241.67,106.48,0.0,836.99
47.4967,0.0,0.0,0.0,0.0,0.0,0.0,0.0,0.0,5.17,4.62,0.0,182.38,19.25,258.28,247.39,113.85,0.0,830.94
47.5067,9.24,0.0,0.0,0.0,0.0,0.0,0.0,0.0,3.41,0.0,0.0,166.43,16.5,255.42,250.14,120.45,9.24,812.35
47.5167,23.21,3.85,0.0,0.0,0.0,0.0,0.0,0.0,3.41,0.0,0.0,147.51,13.75,252.67,253.0,127.16,27.06,797.5
47.5267,73.37,17.49,0.0,0.0,0.0,0.0,0.0,0.0,0.0,0.0,0.0,125.4,11.0,247.06,253.0,131.67,90.86,768.13
47.5367,208.78,54.56,16.94,0.0,0.0,0.0,0.0,0.0,0.0,0.0,0.0,100.21,8.25,238.7,253.0,138.38,280.28,738.54
47.5467,228.58,78.54,33.88,13.75,0.0,0.0,0.0,0.0,0.0,0.0,0.0,75.02,5.5,221.98,250.14,142.89,354.75,695.53
47.5567,225.94,104.94,50.82,24.09,0.0,7.81,0.0,0.0,0.0,0.0,0.0,50.82,0.0,197.67,250.14,145.09,413.6,643.72
47.5667,228.58,128.48,62.81,37.84,0.0,13.64,0.0,3.52,0.0,0.0,0.0,28.27,0.0,157.19,244.53,147.29,474.87,577.28
47.5767,233.75,145.2,69.85,48.18,0.0,27.28,2.97,8.8,0.0,0.0,0.0,19.8,0.0,102.74,230.45,145.09,536.03,498.08
47.5867,238.92,159.83,77.0,56.87,0.0,42.9,6.05,12.32,0.0,0.0,0.0,16.94,5.5,59.4,195.14,136.18,593.89,413.16
47.5967,238.92,170.61,81.73,65.23,0.0,54.67,16.72,15.84,0.0,0.0,0.0,14.08,5.5,37.95,142.12,118.25,643.72,317.9
47.6067,246.73,184.25,91.08,76.23,4.18,67.54,30.47,21.12,0.0,0.0,0.0,11.22,5.5,28.49,83.27,101.53,721.6,230.01
47.6167,254.43,193.27,95.81,85.03,8.47,78.76,41.25,22.88,0.0,0.0,0.0,8.47,5.5,23.65,53.9,79.53,779.9,171.05
47.6267,259.6,202.4,102.96,93.94,12.65,89.98,50.38,26.4,0.0,0.0,0.0,5.61,0.0,16.61,38.5,48.73,838.31,109.45
47.6367,262.24,206.91,110.0,100.54,14.74,98.89,60.06,30.03,0.0,0.0,0.0,0.0,0.0,11.88,25.63,21.12,883.41,58.63
47.6467,259.6,206.91,112.42,109.34,16.94,107.91,67.32,31.79,0.0,0.0,0.0,0.0,0.0,4.73,17.93,6.27,912.23,28.93
47.6567,254.43,202.4,112.42,118.25,19.03,116.6,74.58,33.55,0.0,0.0,0.0,0.0,0.0,4.73,15.4,4.18,931.26,24.31
47.6667,244.09,197.78,110.0,124.96,21.12,122.98,80.08,35.31,0.0,0.0,0.0,0.0,0.0,4.73,12.76,0.0,936.32,17.49
47.6767,233.75,188.76,105.27,131.67,21.12,129.25,83.71,37.07,0.0,0.0,0.0,0.0,0.0,0.0,10.23,0.0,930.6,10.23
47.6867,218.46,177.43,100.54,136.18,23.21,133.54,87.23,38.83,0.0,0.0,0.0,0.0,0.0,0.0,10.23,0.0,915.42,10.23
47.6967,206.36,166.1,95.81,140.69,23.21,139.92,92.73,40.59,0.0,0.0,0.0,0.0,0.0,0.0,7.7,0.0,905.41,7.7
47.7067,194.15,155.65,91.08,142.89,25.41,142.01,96.36,42.35,0.0,0.0,0.0,0.0,0.0,0.0,5.06,0.0,889.9,5.06
47.7167,184.47,147.29,86.35,145.09,25.41,142.01,98.12,44.11,0.0,0.0,0.0,0.0,0.0,0.0,5.06,0.0,872.85,5.06
47.7267,174.79,138.93,81.73,145.09,27.5,144.1,101.75,44.11,0.0,0.0,0.0,0.0,0.0,0.0,5.06,0.0,858.0,5.06
47.7367,165.0,130.57,77.0,145.09,27.5,146.19,101.75,44.11,0.0,0.0,0.0,0.0,0.0,0.0,5.06,0.0,837.21,5.06
47.7467,155.21,122.21,74.58,145.09,27.5,146.19,103.62,45.87,0.0,0.0,0.0,0.0,0.0,0.0,5.06,0.0,820.27,5.06
47.7567,145.31,113.85,67.54,145.09,29.59,146.19,103.62,44.11,0.0,0.0,0.0,0.0,0.0,0.0,0.0,0.0,795.3,0.0
47.7667,135.52,104.94,65.12,145.09,29.59,146.19,105.38,44.11,0.0,0.0,0.0,0.0,0.0,0.0,0.0,0.0,775.94,0.0
47.7767,128.15,96.14,60.39,145.09,29.59,146.19,105.38,45.87,0.0,0.0,0.0,0.0,0.0,0.0,0.0,0.0,756.8,0.0
47.7867,118.36,89.54,55.77,145.09,29.59,146.19,107.25,45.87,0.0,0.0,0.0,0.0,0.0,0.0,0.0,0.0,737.66,0.0
47.7967,110.99,82.94,53.24,145.09,29.59,148.39,107.25,45.87,0.0,0.0,0.0,0.0,0.0,0.0,0.0,0.0,723.36,0.0
47.8067,104.28,78.54,50.82,147.4,29.59,148.39,109.01,45.87,0.0,0.0,0.0,0.0,0.0,0.0,0.0,0.0,713.9,0.0
47.8167,97.68,71.94,48.4,147.4,29.59,150.48,110.88,45.87,0.0,0.0,0.0,0.0,0.0,0.0,0.0,0.0,702.24,0.0
47.8267,93.28,67.54,43.56,149.6,29.59,152.57,110.88,45.87,0.0,0.0,0.0,0.0,0.0,0.0,0.0,0.0,692.89,0.0
47.8367,88.88,63.14,41.14,151.8,31.68,154.66,114.51,47.63,0.0,0.0,0.0,0.0,0.0,0.0,0.0,0.0,693.44,0.0
47.8467,82.17,56.54,38.72,154.11,31.68,156.86,118.47,49.39,0.0,0.0,0.0,0.0,0.0,0.0,0.0,0.0,687.94,0.0
47.8567,75.57,52.58,36.3,156.31,33.88,161.04,122.54,49.39,0.0,0.0,0.0,0.0,0.0,0.0,0.0,0.0,687.61,0.0
47.8666,68.97,50.6,33.88,158.51,33.88,165.33,128.59,51.15,0.0,0.0,0.0,0.0,0.0,0.0,0.0,0.0,690.91,0.0
47.8766,62.37,46.75,29.04,160.82,33.88,167.53,134.64,52.91,0.0,0.0,0.0,0.0,0.0,0.0,0.0,0.0,687.94,0.0
47.8866,55.77,42.79,26.62,165.33,35.97,171.93,140.69,54.67,0.0,0.0,0.0,0.0,0.0,0.0,0.0,0.0,693.77,0.0
47.8966,51.04,38.94,24.2,167.64,38.06,178.53,148.72,56.54,0.0,0.0,0.0,0.0,0.0,0.0,0.0,0.0,703.67,0.0
47.9066,44.11,35.09,21.78,167.64,38.06,180.73,158.84,58.52,0.0,0.0,0.0,0.0,0.0,0.0,0.0,0.0,704.77,0.0
47.9166,39.49,31.13,19.36,169.95,40.15,185.13,168.96,60.5,0.0,0.0,0.0,0.0,0.0,0.0,0.0,0.0,714.67,0.0
47.9266,32.45,27.28,16.94,167.64,42.35,189.53,179.3,62.59,0.0,0.0,0.0,0.0,0.0,0.0,0.0,0.0,718.08,0.0
47.9366,25.52,23.32,14.52,167.64,42.35,191.73,189.64,64.57,0.0,0.0,0.0,0.0,0.0,0.0,0.0,0.0,719.29,0.0
47.9466,20.9,17.49,12.1,165.33,44.44,194.04,199.98,66.55,0.0,0.0,0.0,0.0,0.0,0.0,0.0,0.0,720.83,0.0
47.9566,16.17,13.64,9.68,158.51,44.44,196.24,210.32,68.64,0.0,0.0,0.0,0.0,0.0,0.0,0.0,0.0,717.64,0.0
47.9666,13.86,9.68,7.26,151.8,44.44,196.24,220.66,70.62,0.0,0.0,0.0,0.0,0.0,0.0,0.0,0.0,714.56,0.0
47.9766,9.24,7.7,4.84,140.69,42.35,198.44,229.24,74.69,0.0,0.0,0.0,0.0,0.0,0.0,0.0,0.0,707.19,0.0
47.9866,6.93,5.83,0.0,127.27,38.06,198.44,235.84,76.67,0.0,0.0,0.0,0.0,0.0,0.0,0.0,0.0,689.04,0.0
47.9966,4.62,3.85,0.0,113.85,35.97,196.24,238.04,82.72,13.97,0.0,0.0,0.0,0.0,0.0,0.0,0.0,675.29,13.97
48.0066,4.62,3.85,0.0,100.54,31.68,196.24,240.24,86.79,65.56,9.35,0.0,0.0,0.0,0.0,0.0,0.0,663.96,74.91
48.0166,0.0,3.85,0.0,82.83,25.41,191.73,240.24,90.86,210.1,35.09,7.15,0.0,0.0,0.0,0.0,0.0,634.92,252.34
48.0266,0.0,0.0,0.0,63.03,21.12,185.13,238.04,92.84,200.86,53.9,11.88,5.61,0.0,0.0,0.0,0.0,600.16,272.25
48.0366,0.0,0.0,0.0,44.77,14.74,171.93,235.84,94.82,198.55,82.28,26.29,22.55,0.0,0.0,0.0,0.0,562.1,329.67
48.0466,0.0,0.0,0.0,32.67,8.47,152.57,231.44,98.89,193.82,98.78,33.44,42.35,0.0,0.0,5.06,0.0,524.04,373.45
48.0566,0.0,0.0,0.0,20.68,6.27,131.45,224.84,98.89,198.55,115.5,38.28,68.75,0.0,0.0,7.7,0.0,482.13,428.78
48.0666,0.0,0.0,0.0,13.75,4.18,101.2,212.41,96.91,193.82,125.51,40.7,87.56,0.0,11.88,7.7,0.0,428.45,467.17
48.0766,0.0,0.0,0.0,11.99,4.18,65.34,189.64,92.84,189.2,130.57,43.12,100.21,0.0,30.8,7.7,0.0,363.99,501.6
48.0866,0.0,0.0,0.0,10.34,4.18,39.05,148.72,82.72,193.82,138.05,47.85,115.94,0.0,49.83,12.76,0.0,285.01,558.25
48.0966,0.0,0.0,0.0,8.58,4.18,25.3,96.36,70.62,205.48,150.59,52.69,125.4,0.0,67.54,17.93,8.47,205.04,628.1
48.1066,0.0,0.0,0.0,6.82,0.0,19.47,51.92,52.91,221.65,160.6,60.5,131.67,0.0,78.32,25.63,12.65,131.12,691.02
48.1166,0.0,0.0,0.0,5.17,0.0,15.62,36.63,38.83,236.28,170.61,66.0,137.94,5.5,83.82,38.5,14.74,96.25,753.39
48.1266,0.0,0.0,0.0,3.41,0.0,11.66,27.5,24.64,246.18,177.87,71.39,147.51,8.25,91.96,43.67,19.03,67.21,805.86
48.1366,0.0,0.0,0.0,0.0,0.0,9.68,21.34,15.84,248.6,182.71,74.14,156.97,8.25,100.1,51.37,21.12,46.86,843.26
48.1466,0.0,0.0,0.0,0.0,0.0,7.81,16.72,7.04,246.18,185.13,76.89,166.43,8.25,108.24,56.54,23.21,31.57,870.87
48.1566,0.0,0.0,0.0,0.0,0.0,5.83,12.21,3.52,241.23,187.55,76.89,179.19,11.0,116.38,59.51,25.41,21.56,897.16
48.1666,0.0,0.0,0.0,0.0,0.0,3.85,10.67,3.52,233.86,189.97,74.14,191.95,11.0,121.88,62.48,27.5,18.04,912.78
48.1766,0.0,0.0,0.0,0.0,0.0,3.85,9.13,0.0,226.49,187.55,74.14,204.82,13.75,127.27,68.42,27.5,12.98,929.94
48.1866,0.0,0.0,0.0,0.0,0.0,0.0,7.59,0.0,219.34,185.13,74.14,214.39,13.75,135.41,71.39,29.59,7.59,943.14
48.1966,0.0,0.0,0.0,0.0,0.0,0.0,4.51,0.0,210.1,180.29,71.39,220.77,16.5,140.91,77.33,31.79,4.51,949.08
48.2066,0.0,0.0,0.0,0.0,0.0,0.0,2.97,0.0,196.24,173.03,68.75,226.93,16.5,143.66,80.3,31.79,2.97,937.2
48.2166,0.0,0.0,0.0,0.0,0.0,0.0,0.0,0.0,184.58,165.66,66.0,232.76,16.5,149.05,83.27,33.88,0.0,931.7
48.2266,0.0,0.0,0.0,0.0,0.0,0.0,0.0,0.0,173.03,158.07,63.25,238.59,16.5,154.55,86.35,33.88,0.0,924.22
48.2366,0.0,0.0,0.0,0.0,0.0,0.0,0.0,0.0,159.72,148.06,57.75,244.42,19.25,159.94,89.32,35.97,0.0,914.43
48.2466,0.0,0.0,0.0,0.0,0.0,0.0,0.0,0.0,144.87,138.05,55.11,250.14,19.25,165.44,92.29,35.97,0.0,901.12
48.2566,0.0,0.0,0.0,0.0,0.0,0.0,0.0,0.0,132.22,128.04,50.27,258.94,19.25,170.83,95.26,38.06,0.0,892.87
48.2666,0.0,0.0,0.0,0.0,0.0,0.0,0.0,0.0,119.46,118.03,47.85,264.77,19.25,176.22,98.23,38.06,0.0,881.87
48.2766,0.0,0.0,0.0,0.0,0.0,0.0,0.0,0.0,107.58,108.24,45.43,270.6,22.0,181.61,101.2,40.26,0.0,876.92
48.2866,0.0,0.0,0.0,0.0,0.0,0.0,0.0,0.0,96.14,101.2,43.12,276.43,22.0,187.0,104.17,40.26,0.0,870.32
48.2966,0.0,0.0,0.0,0.0,0.0,0.0,0.0,0.0,86.57,91.74,38.28,279.51,22.0,192.39,107.14,42.35,0.0,859.98
48.3066,0.0,0.0,0.0,0.0,0.0,0.0,0.0,0.0,77.0,84.59,35.86,285.89,22.0,197.67,110.22,42.35,0.0,855.58
48.3166,0.0,0.0,0.0,0.0,0.0,0.0,0.0,0.0,69.41,77.55,33.44,288.97,22.0,203.06,113.08,44.44,0.0,851.95
48.3266,0.0,0.0,0.0,0.0,0.0,0.0,0.0,0.0,59.84,70.4,31.13,292.16,22.0,208.45,115.94,44.44,0.0,844.36
48.3366,0.0,0.0,0.0,0.0,0.0,0.0,0.0,0.0,54.45,63.36,28.71,295.35,22.0,213.84,118.91,46.53,0.0,843.15
48.3466,0.0,0.0,0.0,0.0,0.0,0.0,0.0,0.0,47.41,58.63,26.29,298.43,22.0,221.98,124.63,48.73,0.0,848.1
48.3566,0.0,0.0,0.0,0.0,0.0,0.0,0.0,0.0,42.13,51.59,23.87,298.43,22.0,227.48,127.6,52.91,0.0,846.01
48.3666,0.0,0.0,0.0,0.0,0.0,0.0,0.0,0.0,35.09,46.86,21.56,298.43,24.75,233.09,133.32,55.11,0.0,848.21
48.3766,0.0,0.0,0.0,0.0,0.0,0.0,0.0,0.0,29.81,42.13,16.72,298.43,24.75,238.7,142.12,59.95,0.0,852.61
48.3866,0.0,0.0,0.0,0.0,0.0,0.0,0.0,0.0,22.77,37.51,14.3,298.43,24.75,244.31,147.84,67.32,0.0,857.23
48.3966,0.0,0.0,0.0,0.0,0.0,0.0,0.0,0.0,19.25,30.47,11.88,298.43,24.75,249.92,153.67,72.16,0.0,860.53
48.4066,0.0,0.0,0.0,0.0,0.0,0.0,0.0,0.0,15.73,23.43,9.57,295.35,24.75,255.42,162.36,74.69,0.0,861.3
48.4166,0.0,0.0,0.0,0.0,0.0,0.0,0.0,0.0,12.21,18.7,9.57,292.16,24.75,261.03,171.27,79.53,0.0,869.22
48.4266,0.0,0.0,0.0,0.0,0.0,0.0,0.0,0.0,10.45,13.97,7.15,282.7,24.75,263.89,180.18,81.95,0.0,865.04
48.4366,0.0,0.0,0.0,0.0,0.0,0.0,0.0,0.0,8.69,11.66,4.73,276.43,24.75,266.64,189.09,86.9,0.0,868.89
48.4466,0.0,0.0,0.0,0.0,0.0,0.0,0.0,0.0,6.93,9.35,4.73,264.77,24.75,269.39,195.14,91.74,0.0,866.8
48.4566,0.0,0.0,0.0,0.0,0.0,0.0,0.0,0.0,6.93,6.93,0.0,247.28,24.75,272.25,204.05,96.69,0.0,858.88
48.4666,0.0,0.0,0.0,0.0,0.0,0.0,0.0,0.0,5.17,4.62,0.0,232.76,22.0,269.39,209.99,101.53,0.0,845.46
48.4766,0.0,0.0,0.0,0.0,0.0,0.0,0.0,0.0,5.17,4.62,0.0,211.2,19.25,272.25,215.93,108.9,0.0,837.32
48.4866,0.0,0.0,0.0,0.0,0.0,0.0,0.0,0.0,3.41,4.62,0.0,188.76,16.5,269.39,218.9,113.85,0.0,815.43
48.4966,6.93,0.0,0.0,0.0,0.0,0.0,0.0,0.0,3.41,0.0,0.0,166.43,13.75,266.64,218.9,118.25,6.93,787.38
48.5066,32.45,5.83,0.0,0.0,0.0,0.0,0.0,0.0,3.41,0.0,0.0,144.32,11.0,263.89,221.98,122.76,38.28,767.36
48.5166,140.47,33.11,0.0,0.0,0.0,0.0,0.0,0.0,0.0,0.0,0.0,115.94,5.5,255.42,221.98,129.47,173.58,728.31
48.5266,246.73,67.54,19.36,3.41,0.0,0.0,0.0,0.0,0.0,0.0,0.0,90.75,5.5,241.45,224.73,136.18,337.04,698.61
48.5366,233.75,91.74,38.72,17.16,0.0,0.0,0.0,0.0,0.0,0.0,0.0,59.4,0.0,216.59,221.98,142.89,381.37,640.86
48.5466,236.28,128.48,58.08,27.5,0.0,9.68,0.0,3.52,0.0,0.0,0.0,33.88,0.0,181.61,218.9,149.6,463.54,583.99
48.5566,244.09,153.56,69.85,44.77,0.0,21.45,2.97,7.04,0.0,0.0,0.0,22.55,5.5,127.27,207.02,149.6,543.73,511.94
48.5666,254.43,172.81,77.0,53.35,0.0,37.07,7.59,10.56,0.0,0.0,0.0,19.8,5.5,72.93,180.18,140.58,612.81,418.99
48.5766,251.9,181.94,84.04,58.63,0.0,52.69,16.72,14.08,0.0,0.0,0.0,16.94,8.25,42.68,130.46,124.96,660.0,323.29
48.5866,257.07,193.27,93.5,65.23,4.18,67.54,32.01,19.36,0.0,0.0,0.0,14.08,5.5,30.8,77.33,111.32,732.16,239.03
48.5966,262.24,204.6,100.54,69.63,8.47,78.76,44.22,22.88,0.0,0.0,0.0,11.22,5.5,23.65,53.9,89.32,791.34,183.59
48.6066,267.41,209.11,107.69,76.23,12.65,87.67,53.46,24.64,0.0,0.0,0.0,8.47,0.0,16.61,38.5,57.53,838.86,121.11
48.6166,270.05,213.73,117.37,82.83,16.94,96.69,65.56,28.27,0.0,0.0,0.0,0.0,0.0,11.88,25.63,27.5,891.44,65.01
48.6266,270.05,213.73,122.32,87.34,21.12,105.6,76.45,31.79,0.0,0.0,0.0,0.0,0.0,9.46,20.46,23.21,928.4,53.13
48.6366,267.41,211.42,122.32,93.94,23.21,114.51,83.71,33.55,0.0,0.0,0.0,0.0,0.0,4.73,15.4,0.0,950.07,20.13
48.6466,259.6,206.91,119.79,98.34,25.41,118.69,89.1,35.31,0.0,0.0,0.0,0.0,0.0,4.73,12.76,0.0,953.15,17.49
48.6566,246.73,197.78,114.84,102.74,25.41,122.98,92.73,37.07,0.0,0.0,0.0,0.0,0.0,0.0,10.23,0.0,940.28,10.23
48.6666,233.75,188.76,110.0,107.14,27.5,127.16,96.36,37.07,0.0,0.0,0.0,0.0,0.0,0.0,10.23,0.0,927.74,10.23
48.6766,220.88,177.43,105.27,111.54,27.5,131.45,98.12,38.83,0.0,0.0,0.0,0.0,0.0,0.0,7.7,0.0,911.02,7.7
48.6866,208.78,166.1,100.54,116.05,27.5,135.63,101.75,40.59,0.0,0.0,0.0,0.0,0.0,0.0,7.7,0.0,896.94,7.7
48.6966,196.68,155.65,95.81,116.05,29.59,137.72,105.38,42.35,0.0,0.0,0.0,0.0,0.0,0.0,7.7,0.0,879.23,7.7
48.7066,186.89,147.29,91.08,118.25,29.59,139.92,109.01,44.11,0.0,0.0,0.0,0.0,0.0,0.0,0.0,0.0,866.14,0.0
48.7166,177.21,136.84,88.77,120.56,31.68,142.01,114.51,44.11,0.0,0.0,0.0,0.0,0.0,0.0,0.0,0.0,855.69,0.0
48.7266,167.53,128.48,84.04,120.56,33.88,144.1,118.47,45.87,0.0,0.0,0.0,0.0,0.0,0.0,0.0,0.0,842.93,0.0
48.7366,155.21,118.03,79.31,120.56,33.88,146.19,122.54,47.63,0.0,0.0,0.0,0.0,0.0,0.0,0.0,0.0,823.35,0.0
48.7466,145.31,107.14,72.27,118.25,35.97,148.39,128.59,47.63,0.0,0.0,0.0,0.0,0.0,0.0,0.0,0.0,803.55,0.0
48.7566,133.1,96.14,67.54,118.25,35.97,148.39,132.55,49.39,0.0,0.0,0.0,0.0,0.0,0.0,0.0,0.0,781.33,0.0
48.7666,123.2,87.34,62.81,118.25,38.06,150.48,136.62,49.39,0.0,0.0,0.0,0.0,0.0,0.0,0.0,0.0,766.15,0.0
48.7766,110.99,78.54,58.08,118.25,38.06,152.57,140.69,51.15,0.0,0.0,0.0,0.0,0.0,0.0,0.0,0.0,748.33,0.0
48.7866,102.08,71.94,53.24,116.05,38.06,154.66,144.65,51.15,0.0,0.0,0.0,0.0,0.0,0.0,0.0,0.0,731.83,0.0
48.7966,91.08,63.14,48.4,116.05,38.06,156.86,148.72,52.91,0.0,0.0,0.0,0.0,0.0,0.0,0.0,0.0,715.22,0.0
48.8066,84.48,56.54,43.56,118.25,40.15,158.95,152.79,52.91,0.0,0.0,0.0,0.0,0.0,0.0,0.0,0.0,707.63,0.0
48.8166,75.57,50.6,38.72,116.05,40.15,161.04,158.84,54.67,0.0,0.0,0.0,0.0,0.0,0.0,0.0,0.0,695.64,0.0
48.8266,66.77,44.77,33.88,116.05,40.15,163.13,162.8,54.67,0.0,0.0,0.0,0.0,0.0,0.0,0.0,0.0,682.22,0.0
48.8366,57.97,40.92,29.04,116.05,40.15,165.33,168.96,54.67,0.0,0.0,0.0,0.0,0.0,0.0,0.0,0.0,673.09,0.0
48.8466,48.73,35.09,24.2,116.05,42.35,167.53,175.12,56.54,0.0,0.0,0.0,0.0,0.0,0.0,0.0,0.0,665.61,0.0
48.8566,39.49,29.15,21.78,116.05,42.35,169.73,183.37,58.52,0.0,0.0,0.0,0.0,0.0,0.0,0.0,0.0,660.44,0.0
48.8666,32.45,27.28,16.94,116.05,42.35,171.93,191.62,58.52,0.0,0.0,0.0,0.0,0.0,0.0,0.0,0.0,657.14,0.0
48.8766,27.83,23.32,14.52,116.05,44.44,174.13,202.07,60.5,0.0,0.0,0.0,0.0,0.0,0.0,0.0,0.0,662.86,0.0
48.8866,23.21,19.47,12.1,116.05,44.44,178.53,210.32,60.5,0.0,0.0,0.0,0.0,0.0,0.0,0.0,0.0,664.62,0.0
48.8966,18.59,15.51,12.1,113.85,46.53,180.73,218.57,62.59,0.0,0.0,0.0,0.0,0.0,0.0,0.0,0.0,668.47,0.0
48.9066,16.17,11.66,9.68,113.85,46.53,182.93,227.04,64.57,0.0,0.0,0.0,0.0,0.0,0.0,0.0,0.0,672.43,0.0
48.9166,13.86,9.68,7.26,111.54,46.53,182.93,235.84,64.57,0.0,0.0,0.0,0.0,0.0,0.0,0.0,0.0,672.21,0.0
48.9266,11.55,7.7,7.26,107.14,44.44,185.13,244.64,66.55,0.0,0.0,0.0,0.0,0.0,0.0,0.0,0.0,674.41,0.0
48.9366,9.24,7.7,4.84,102.74,44.44,185.13,251.35,68.64,0.0,0.0,0.0,0.0,0.0,0.0,0.0,0.0,674.08,0.0
48.9466,6.93,5.83,4.84,93.94,44.44,187.33,257.95,70.62,0.0,0.0,0.0,0.0,0.0,0.0,0.0,0.0,671.88,0.0
48.9566,4.62,3.85,0.0,85.03,40.15,187.33,264.55,72.6,0.0,0.0,0.0,0.0,0.0,0.0,0.0,0.0,658.13,0.0
48.9666,4.62,3.85,0.0,76.23,38.06,185.13,268.95,76.67,0.0,0.0,0.0,0.0,0.0,0.0,0.0,0.0,653.51,0.0
48.9766,0.0,3.85,0.0,67.43,33.88,185.13,273.35,78.65,5.17,0.0,0.0,0.0,0.0,0.0,0.0,0.0,642.29,5.17
48.9866,0.0,0.0,0.0,56.87,29.59,180.73,273.35,82.72,28.05,0.0,0.0,0.0,0.0,0.0,0.0,0.0,623.26,28.05
48.9966,0.0,3.85,0.0,48.18,23.21,176.33,271.15,86.79,161.81,23.43,4.73,0.0,0.0,0.0,0.0,0.0,609.51,189.97
49.0066,0.0,0.0,0.0,39.6,19.03,169.73,268.95,88.77,224.07,49.17,11.88,0.0,0.0,0.0,0.0,0.0,586.08,285.12
49.0166,0.0,0.0,0.0,27.5,12.65,154.66,262.35,90.86,214.72,82.28,28.71,25.41,0.0,0.0,5.06,0.0,548.02,356.18
49.0266,0.0,0.0,0.0,20.68,8.47,133.54,255.75,92.84,217.03,115.5,40.7,56.54,0.0,0.0,7.7,0.0,511.28,437.47
49.0366,0.0,0.0,0.0,13.75,6.27,110.11,246.84,94.82,228.91,138.05,52.69,97.02,0.0,21.34,10.23,0.0,471.79,548.24
49.0466,0.0,0.0,0.0,11.99,4.18,78.76,229.24,92.84,226.49,148.06,55.11,115.94,0.0,37.95,12.76,0.0,417.01,596.31
49.0566,0.0,0.0,0.0,10.34,4.18,48.84,197.89,86.79,217.03,150.59,55.11,125.4,0.0,56.98,15.4,4.18,348.04,624.69
49.0666,0.0,0.0,0.0,8.58,4.18,31.24,150.7,76.67,217.03,155.65,60.5,134.86,0.0,75.68,23.1,10.56,271.37,677.38
49.0766,0.0,0.0,0.0,6.82,4.18,21.45,98.12,62.59,224.07,160.6,66.0,137.94,5.5,86.46,38.5,14.74,193.16,733.81
49.0866,0.0,0.0,0.0,5.17,4.18,17.49,55.0,47.63,233.86,168.19,71.39,141.13,8.25,91.96,46.2,16.94,129.47,777.92
49.0966,0.0,0.0,0.0,0.0,0.0,13.64,38.17,37.07,243.76,175.45,79.64,147.51,11.0,97.35,56.54,21.12,88.88,832.37
49.1066,0.0,0.0,0.0,0.0,0.0,9.68,28.93,24.64,251.13,180.29,82.39,153.78,11.0,105.49,62.48,23.21,63.25,869.77
49.1166,0.0,0.0,0.0,0.0,0.0,7.81,22.88,15.84,253.55,182.71,85.03,160.05,13.75,110.99,68.42,25.41,46.53,899.91
49.1266,0.0,0.0,0.0,0.0,0.0,5.83,18.26,12.32,248.6,185.13,85.03,166.43,13.75,113.63,71.39,27.5,36.41,911.46
49.1366,0.0,0.0,0.0,0.0,0.0,3.85,12.21,5.28,243.76,185.13,85.03,176.0,16.5,119.13,74.36,27.5,21.34,927.41
49.1466,0.0,0.0,0.0,0.0,0.0,3.85,10.67,3.52,233.86,185.13,82.39,185.57,16.5,124.52,77.33,29.59,18.04,934.89
49.1566,0.0,0.0,0.0,0.0,0.0,0.0,9.13,0.0,224.07,182.71,79.64,195.14,16.5,132.77,80.3,31.79,9.13,942.92
49.1666,0.0,0.0,0.0,0.0,0.0,0.0,7.59,0.0,214.72,177.87,79.64,204.82,19.25,138.16,86.35,31.79,7.59,952.6
49.1766,0.0,0.0,0.0,0.0,0.0,0.0,6.05,0.0,205.48,173.03,76.89,211.2,19.25,143.66,92.29,33.88,6.05,955.68
49.1866,0.0,0.0,0.0,0.0,0.0,0.0,4.51,0.0,191.51,165.66,74.14,220.77,22.0,149.05,95.26,35.97,4.51,954.36
49.1966,0.0,0.0,0.0,0.0,0.0,0.0,2.97,0.0,177.65,155.65,71.39,224.07,22.0,154.55,98.23,35.97,2.97,939.51
49.2066,0.0,0.0,0.0,0.0,0.0,0.0,0.0,0.0,166.1,148.06,68.75,229.79,22.0,159.94,101.2,38.06,0.0,933.9
49.2166,0.0,0.0,0.0,0.0,0.0,0.0,0.0,0.0,153.34,140.58,66.0,232.76,22.0,165.44,107.14,38.06,0.0,925.32
49.2266,0.0,0.0,0.0,0.0,0.0,0.0,0.0,0.0,142.78,130.57,60.5,238.59,24.75,168.19,110.22,40.26,0.0,915.86
49.2366,0.0,0.0,0.0,0.0,0.0,0.0,0.0,0.0,130.02,120.56,57.75,241.45,24.75,173.47,113.08,42.35,0.0,903.43
49.2466,0.0,0.0,0.0,0.0,0.0,0.0,0.0,0.0,117.37,110.66,55.11,244.42,24.75,178.86,118.91,42.35,0.0,892.43
49.2566,0.0,0.0,0.0,0.0,0.0,0.0,0.0,0.0,107.58,101.2,50.27,247.28,27.5,184.25,121.77,44.44,0.0,884.29
49.2666,0.0,0.0,0.0,0.0,0.0,0.0,0.0,0.0,96.14,94.05,47.85,250.14,27.5,192.39,127.6,44.44,0.0,880.11
49.2766,0.0,0.0,0.0,0.0,0.0,0.0,0.0,0.0,84.7,84.59,43.12,253.11,27.5,195.03,133.32,46.53,0.0,867.9
49.2865,0.0,0.0,0.0,0.0,0.0,0.0,0.0,0.0,75.13,77.55,40.7,255.97,27.5,203.06,136.29,46.53,0.0,862.73
49.2965,0.0,0.0,0.0,0.0,0.0,0.0,0.0,0.0,63.69,68.09,35.86,258.94,27.5,208.45,142.12,48.73,0.0,853.38
49.3065,0.0,0.0,0.0,0.0,0.0,0.0,0.0,0.0,56.21,60.94,33.44,261.8,30.25,213.84,147.84,50.82,0.0,855.14
49.3165,0.0,0.0,0.0,0.0,0.0,0.0,0.0,0.0,49.17,56.21,31.13,264.77,30.25,219.23,153.67,55.11,0.0,859.54
49.3265,0.0,0.0,0.0,0.0,0.0,0.0,0.0,0.0,42.13,51.59,26.29,264.77,30.25,227.48,156.53,57.53,0.0,856.57
49.3365,0.0,0.0,0.0,0.0,0.0,0.0,0.0,0.0,35.09,44.55,23.87,264.77,30.25,233.09,162.36,62.37,0.0,856.35
49.3465,0.0,0.0,0.0,0.0,0.0,0.0,0.0,0.0,28.05,39.82,21.56,261.8,30.25,235.95,171.27,64.9,0.0,853.6
49.3565,0.0,0.0,0.0,0.0,0.0,0.0,0.0,0.0,22.77,32.78,16.72,261.8,30.25,241.45,177.21,69.74,0.0,852.72
49.3665,0.0,0.0,0.0,0.0,0.0,0.0,0.0,0.0,19.25,25.74,11.88,255.97,30.25,244.31,186.12,72.16,0.0,845.68
49.3765,0.0,0.0,0.0,0.0,0.0,0.0,0.0,0.0,15.73,21.01,9.57,253.11,30.25,249.92,195.14,77.11,0.0,851.84
49.3865,0.0,0.0,0.0,0.0,0.0,0.0,0.0,0.0,12.21,16.39,9.57,244.42,30.25,252.67,204.05,79.53,0.0,849.09
49.3965,0.0,0.0,0.0,0.0,0.0,0.0,0.0,0.0,10.45,11.66,7.15,235.62,30.25,255.42,212.96,84.48,0.0,847.99
49.4065,0.0,0.0,0.0,0.0,0.0,0.0,0.0,0.0,8.69,9.35,7.15,226.93,30.25,258.28,224.73,89.32,0.0,854.7
49.4165,0.0,0.0,0.0,0.0,0.0,0.0,0.0,0.0,8.69,6.93,4.73,214.39,30.25,261.03,233.2,91.74,0.0,850.96
49.4265,4.62,0.0,0.0,0.0,0.0,0.0,0.0,0.0,6.93,6.93,0.0,198.44,27.5,261.03,241.67,99.11,4.62,841.61
49.4365,4.62,0.0,0.0,0.0,0.0,0.0,0.0,0.0,5.17,4.62,0.0,182.38,24.75,261.03,247.39,101.53,4.62,826.87
49.4465,6.93,0.0,0.0,0.0,0.0,0.0,0.0,0.0,5.17,4.62,0.0,166.43,22.0,258.28,253.0,106.48,6.93,815.98
49.4565,13.86,0.0,0.0,0.0,0.0,0.0,0.0,0.0,3.41,0.0,0.0,147.51,19.25,255.42,258.72,111.32,13.86,795.63
49.4665,27.83,3.85,0.0,0.0,0.0,0.0,0.0,0.0,3.41,0.0,0.0,128.48,16.5,252.67,258.72,113.85,31.68,773.63
49.4765,66.77,15.51,0.0,0.0,0.0,0.0,0.0,0.0,3.41,0.0,0.0,106.48,13.75,247.06,261.47,118.25,82.28,750.42
49.4865,194.15,50.6,12.1,0.0,0.0,0.0,0.0,0.0,0.0,0.0,0.0,84.48,8.25,235.95,258.72,124.96,256.85,712.36
49.4965,228.58,80.74,33.88,8.58,0.0,0.0,0.0,0.0,0.0,0.0,0.0,59.4,5.5,219.23,258.72,129.47,351.78,672.32
49.5065,225.94,111.54,48.4,25.85,0.0,7.81,0.0,0.0,0.0,0.0,0.0,39.6,0.0,192.39,253.0,133.87,419.54,618.86
49.5165,225.94,134.75,62.81,41.36,0.0,13.64,0.0,3.52,0.0,0.0,0.0,22.55,0.0,151.8,250.14,138.38,482.02,562.87
49.5265,225.94,151.47,69.85,51.7,0.0,31.24,0.0,8.8,0.0,0.0,0.0,16.94,0.0,97.35,233.2,138.38,539.0,485.87
49.5365,228.58,164.01,74.58,60.83,0.0,46.86,7.59,12.32,0.0,0.0,0.0,14.08,5.5,54.56,195.14,129.47,594.77,398.75
49.5465,231.11,175.12,81.73,69.63,0.0,63.03,18.26,17.6,0.0,0.0,0.0,11.22,5.5,35.64,142.12,116.05,656.48,310.53
49.5565,238.92,188.76,93.5,74.03,6.27,76.56,33.55,21.12,0.0,0.0,0.0,11.22,5.5,28.49,83.27,99.11,732.71,227.59
49.5665,249.26,197.78,102.96,80.63,10.56,85.47,45.76,24.64,0.0,0.0,0.0,8.47,5.5,21.34,56.54,79.53,797.06,171.38
49.5765,257.07,204.6,110.0,82.83,14.74,94.49,56.54,28.27,0.0,0.0,0.0,5.61,0.0,16.61,38.5,50.82,848.54,111.54
49.5865,262.24,206.91,119.79,87.34,19.03,101.2,67.32,31.79,0.0,0.0,0.0,0.0,0.0,11.88,25.63,25.41,895.62,62.92
49.5965,262.24,204.6,122.32,89.54,23.21,107.91,76.45,33.55,0.0,0.0,0.0,0.0,0.0,7.04,17.93,6.27,919.82,31.24
49.6065,257.07,202.4,122.32,96.14,23.21,114.51,83.71,35.31,0.0,0.0,0.0,0.0,0.0,4.73,15.4,0.0,934.67,20.13
49.6165,249.26,195.58,122.32,98.34,27.5,118.69,92.73,38.83,0.0,0.0,0.0,0.0,0.0,4.73,12.76,0.0,943.25,17.49
49.6265,236.28,186.45,117.37,100.54,29.59,125.07,99.99,40.59,0.0,0.0,0.0,0.0,0.0,0.0,10.23,0.0,935.88,10.23
49.6365,223.41,175.12,114.84,102.74,31.68,129.25,107.25,44.11,0.0,0.0,0.0,0.0,0.0,0.0,10.23,0.0,928.4,10.23
49.6465,211.2,161.92,110.0,104.94,33.88,133.54,116.49,45.87,0.0,0.0,0.0,0.0,0.0,0.0,7.7,0.0,917.84,7.7
49.6565,196.68,151.47,105.27,107.14,35.97,137.72,124.52,47.63,0.0,0.0,0.0,0.0,0.0,0.0,7.7,0.0,906.4,7.7
49.6665,184.47,138.93,98.23,109.34,38.06,139.92,130.57,49.39,0.0,0.0,0.0,0.0,0.0,0.0,5.06,0.0,888.91,5.06
49.6765,172.37,130.57,93.5,109.34,38.06,144.1,136.62,51.15,0.0,0.0,0.0,0.0,0.0,0.0,5.06,0.0,875.71,5.06
49.6865,160.05,120.12,88.77,111.54,40.15,146.19,140.69,52.91,0.0,0.0,0.0,0.0,0.0,0.0,5.06,0.0,860.42,5.06
49.6965,147.84,109.34,81.73,111.54,40.15,148.39,144.65,54.67,0.0,0.0,0.0,0.0,0.0,0.0,0.0,0.0,838.31,0.0
49.7065,135.52,98.34,74.58,111.54,42.35,150.48,148.72,54.67,0.0,0.0,0.0,0.0,0.0,0.0,0.0,0.0,816.2,0.0
49.7165,120.78,87.34,67.54,111.54,42.35,152.57,152.79,56.54,0.0,0.0,0.0,0.0,0.0,0.0,0.0,0.0,791.45,0.0
49.7265,108.68,76.34,60.39,111.54,42.35,152.57,156.75,56.54,0.0,0.0,0.0,0.0,0.0,0.0,0.0,0.0,765.16,0.0
49.7365,95.48,67.54,53.24,111.54,42.35,154.66,158.84,56.54,0.0,0.0,0.0,0.0,0.0,0.0,0.0,0.0,740.19,0.0
49.7465,84.48,58.74,45.98,111.54,42.35,156.86,162.8,58.52,0.0,0.0,0.0,0.0,0.0,0.0,0.0,0.0,721.27,0.0
49.7565,75.57,52.58,41.14,113.85,44.44,158.95,164.89,58.52,0.0,0.0,0.0,0.0,0.0,0.0,0.0,0.0,709.94,0.0
49.7665,66.77,44.77,33.88,113.85,42.35,161.04,166.87,58.52,0.0,0.0,0.0,0.0,0.0,0.0,0.0,0.0,688.05,0.0
49.7765,57.97,40.92,29.04,113.85,42.35,163.13,168.96,60.5,0.0,0.0,0.0,0.0,0.0,0.0,0.0,0.0,676.72,0.0
49.7865,48.73,35.09,24.2,116.05,42.35,165.33,173.03,60.5,0.0,0.0,0.0,0.0,0.0,0.0,0.0,0.0,665.28,0.0
49.7965,39.49,29.15,19.36,116.05,42.35,167.53,175.12,60.5,0.0,0.0,0.0,0.0,0.0,0.0,0.0,0.0,649.55,0.0
49.8065,32.45,25.3,16.94,116.05,42.35,169.73,179.3,62.59,0.0,0.0,0.0,0.0,0.0,0.0,0.0,0.0,644.71,0.0
49.8165,25.52,21.34,14.52,116.05,42.35,171.93,183.37,62.59,0.0,0.0,0.0,0.0,0.0,0.0,0.0,0.0,637.67,0.0
49.8265,20.9,17.49,12.1,116.05,42.35,171.93,189.64,62.59,0.0,0.0,0.0,0.0,0.0,0.0,0.0,0.0,633.05,0.0
49.8365,18.59,15.51,9.68,116.05,42.35,174.13,195.8,62.59,0.0,0.0,0.0,0.0,0.0,0.0,0.0,0.0,634.7,0.0
49.8465,13.86,11.66,9.68,113.85,44.44,178.53,202.07,64.57,0.0,0.0,0.0,0.0,0.0,0.0,0.0,0.0,638.66,0.0
49.8565,11.55,9.68,7.26,116.05,44.44,180.73,208.23,66.55,0.0,0.0,0.0,0.0,0.0,0.0,0.0,0.0,644.49,0.0
49.8665,11.55,9.68,7.26,113.85,42.35,182.93,214.39,68.64,0.0,0.0,0.0,0.0,0.0,0.0,0.0,0.0,650.65,0.0
49.8765,9.24,7.7,4.84,111.54,42.35,185.13,220.66,68.64,0.0,0.0,0.0,0.0,0.0,0.0,0.0,0.0,650.1,0.0
49.8865,6.93,5.83,4.84,107.14,42.35,187.33,227.04,70.62,0.0,0.0,0.0,0.0,0.0,0.0,0.0,0.0,652.08,0.0
49.8965,6.93,5.83,0.0,102.74,40.15,189.53,233.64,72.6,0.0,0.0,0.0,0.0,0.0,0.0,0.0,0.0,651.42,0.0
49.9065,4.62,5.83,0.0,98.34,38.06,189.53,238.04,74.69,0.0,0.0,0.0,0.0,0.0,0.0,0.0,0.0,649.11,0.0
49.9165,4.62,3.85,0.0,89.54,35.97,189.53,244.64,78.65,0.0,0.0,0.0,0.0,0.0,0.0,0.0,0.0,646.8,0.0
49.9265,0.0,3.85,0.0,82.83,33.88,189.53,246.84,80.74,0.0,0.0,0.0,0.0,0.0,0.0,0.0,0.0,637.67,0.0
49.9365,0.0,3.85,0.0,71.83,29.59,189.53,249.04,84.81,5.17,0.0,0.0,0.0,0.0,0.0,0.0,0.0,628.65,5.17
49.9465,0.0,0.0,0.0,63.03,25.41,187.33,246.84,88.77,29.81,4.62,0.0,0.0,0.0,0.0,0.0,0.0,611.38,34.43
49.9565,0.0,0.0,0.0,53.35,21.12,182.93,244.64,94.82,186.89,30.47,4.73,0.0,0.0,0.0,0.0,0.0,596.86,222.09
49.9665,0.0,0.0,0.0,43.01,14.74,176.33,242.44,96.91,241.23,53.9,14.3,5.61,0.0,0.0,0.0,0.0,573.43,315.04
49.9765,0.0,0.0,0.0,31.02,10.56,161.04,235.84,100.87,219.34,87.01,33.44,33.88,0.0,0.0,7.7,0.0,539.33,381.37
49.9865,0.0,0.0,0.0,20.68,6.27,142.01,229.24,100.87,217.03,118.03,43.12,75.02,0.0,7.04,10.23,0.0,499.07,470.47
49.9965,0.0,0.0,0.0,15.51,6.27,116.6,220.66,102.96,226.49,138.05,52.69,109.56,0.0,45.1,15.4,4.18,462.0,591.47
50.0065,0.0,0.0,0.0,11.99,4.18,83.27,199.98,98.89,219.34,145.64,55.11,125.4,0.0,62.04,20.46,8.47,398.31,636.46
50.0165,0.0,0.0,0.0,10.34,6.27,50.71,166.87,92.84,207.79,145.64,55.11,131.67,5.5,75.68,30.8,12.65,327.03,664.84
50.0265,0.0,0.0,0.0,8.58,6.27,33.22,118.47,80.74,207.79,150.59,60.5,137.94,5.5,89.21,43.67,16.94,247.28,712.14
50.0365,0.0,0.0,0.0,6.82,4.18,23.43,70.95,66.55,212.41,158.07,66.0,144.32,8.25,100.1,53.9,21.12,171.93,764.17
50.0465,0.0,0.0,0.0,5.17,0.0,17.49,42.68,49.39,221.65,165.66,74.14,150.59,11.0,108.24,65.45,25.41,114.73,822.14
50.0565,0.0,0.0,0.0,0.0,0.0,13.64,32.01,33.55,231.44,170.61,79.64,156.97,13.75,116.38,77.33,27.5,79.2,873.62
50.0665,0.0,0.0,0.0,0.0,0.0,9.68,25.96,21.12,238.81,175.45,87.78,160.05,16.5,124.52,86.35,31.79,56.76,921.25
50.0765,0.0,0.0,0.0,0.0,0.0,7.81,21.34,15.84,238.81,177.87,87.78,166.43,16.5,130.02,92.29,33.88,44.99,943.58
50.0865,0.0,0.0,0.0,0.0,0.0,5.83,15.18,8.8,233.86,175.45,87.78,176.0,19.25,135.41,95.26,35.97,29.81,958.98
50.0965,0.0,0.0,0.0,0.0,0.0,5.83,12.21,3.52,221.65,175.45,85.03,185.57,19.25,143.66,98.23,35.97,21.56,964.81
50.1065,0.0,0.0,0.0,0.0,0.0,3.85,9.13,3.52,212.41,170.61,85.03,195.14,19.25,151.8,104.17,38.06,16.5,976.47
50.1165,0.0,0.0,0.0,0.0,0.0,3.85,7.59,0.0,203.17,168.19,82.39,204.82,22.0,157.19,110.22,40.26,11.44,988.24
50.1265,0.0,0.0,0.0,0.0,0.0,0.0,6.05,0.0,191.51,160.6,79.64,214.39,22.0,165.44,118.91,42.35,6.05,994.84
50.1365,0.0,0.0,0.0,0.0,0.0,0.0,4.51,0.0,177.65,153.12,76.89,220.77,24.75,173.47,121.77,44.44,4.51,992.86
50.1465,0.0,0.0,0.0,0.0,0.0,0.0,2.97,0.0,163.9,143.11,74.14,226.93,24.75,178.86,127.6,46.53,2.97,985.82
50.1565,0.0,0.0,0.0,0.0,0.0,0.0,0.0,0.0,151.25,133.1,68.75,232.76,24.75,184.25,130.46,48.73,0.0,974.05
50.1665,0.0,0.0,0.0,0.0,0.0,0.0,0.0,0.0,138.49,123.09,66.0,235.62,27.5,189.64,133.32,50.82,0.0,964.48
50.1765,0.0,0.0,0.0,0.0,0.0,0.0,0.0,0.0,125.84,113.08,60.5,238.59,27.5,192.39,136.29,50.82,0.0,945.01
50.1865,0.0,0.0,0.0,0.0,0.0,0.0,0.0,0.0,113.3,105.93,55.11,244.42,27.5,195.03,136.29,52.91,0.0,930.49
50.1965,0.0,0.0,0.0,0.0,0.0,0.0,0.0,0.0,101.86,96.47,50.27,244.42,27.5,200.42,139.15,55.11,0.0,915.2
50.2065,0.0,0.0,0.0,0.0,0.0,0.0,0.0,0.0,90.42,87.01,47.85,247.28,27.5,200.42,142.12,55.11,0.0,897.71
50.2165,0.0,0.0,0.0,0.0,0.0,0.0,0.0,0.0,82.72,79.86,43.12,247.28,27.5,203.06,142.12,57.53,0.0,883.19
50.2265,0.0,0.0,0.0,0.0,0.0,0.0,0.0,0.0,75.13,72.82,40.7,250.14,27.5,205.81,144.98,57.53,0.0,874.61
50.2365,0.0,0.0,0.0,0.0,0.0,0.0,0.0,0.0,67.43,68.09,38.28,250.14,27.5,208.45,144.98,59.95,0.0,864.82
50.2465,0.0,0.0,0.0,0.0,0.0,0.0,0.0,0.0,61.71,63.36,35.86,250.14,27.5,211.2,147.84,59.95,0.0,857.56
50.2565,0.0,0.0,0.0,0.0,0.0,0.0,0.0,0.0,56.21,58.63,33.44,250.14,27.5,213.84,150.81,62.37,0.0,852.94
50.2665,0.0,0.0,0.0,0.0,0.0,0.0,0.0,0.0,52.69,53.9,31.13,253.11,27.5,216.59,150.81,64.9,0.0,850.63
50.2765,0.0,0.0,0.0,0.0,0.0,0.0,0.0,0.0,45.65,49.17,28.71,253.11,27.5,219.23,156.53,64.9,0.0,844.8
50.2865,0.0,0.0,0.0,0.0,0.0,0.0,0.0,0.0,40.37,44.55,26.29,253.11,27.5,221.98,159.5,67.32,0.0,840.62
50.2965,0.0,0.0,0.0,0.0,0.0,0.0,0.0,0.0,35.09,39.82,23.87,253.11,27.5,227.48,165.33,69.74,0.0,841.94
50.3065,0.0,0.0,0.0,0.0,0.0,0.0,0.0,0.0,28.05,37.51,19.14,250.14,27.5,230.34,171.27,72.16,0.0,836.11
50.3165,0.0,0.0,0.0,0.0,0.0,0.0,0.0,0.0,22.77,30.47,14.3,247.28,27.5,233.09,180.18,74.69,0.0,830.28
50.3265,0.0,0.0,0.0,0.0,0.0,0.0,0.0,0.0,17.49,23.43,11.88,241.45,27.5,235.95,189.09,77.11,0.0,823.9
50.3365,0.0,0.0,0.0,0.0,0.0,0.0,0.0,0.0,13.97,18.7,9.57,232.76,30.25,241.45,201.08,81.95,0.0,829.73
50.3465,0.0,0.0,0.0,0.0,0.0,0.0,0.0,0.0,12.21,13.97,9.57,226.93,27.5,241.45,209.99,84.48,0.0,826.1
50.3565,0.0,0.0,0.0,0.0,0.0,0.0,0.0,0.0,10.45,11.66,7.15,217.58,30.25,247.06,221.98,86.9,0.0,833.03
50.3665,0.0,0.0,0.0,0.0,0.0,0.0,0.0,0.0,8.69,9.35,7.15,208.01,30.25,249.92,233.2,91.74,0.0,838.31
50.3765,4.62,0.0,0.0,0.0,0.0,0.0,0.0,0.0,6.93,6.93,4.73,198.44,27.5,252.67,241.67,96.69,4.62,835.56
50.3865,9.24,0.0,0.0,0.0,0.0,0.0,0.0,0.0,6.93,4.62,0.0,185.57,27.5,252.67,250.14,99.11,9.24,826.54
50.3965,18.59,3.85,0.0,0.0,0.0,0.0,0.0,0.0,5.17,4.62,0.0,169.62,24.75,252.67,255.86,104.06,22.44,816.75
50.4065,34.76,7.7,0.0,0.0,0.0,0.0,0.0,0.0,3.41,0.0,0.0,153.78,22.0,249.92,261.47,108.9,42.46,799.48
50.4165,77.77,25.3,0.0,0.0,0.0,0.0,0.0,0.0,3.41,0.0,0.0,131.67,19.25,247.06,264.33,113.85,103.07,779.57
50.4265,191.73,71.94,29.04,5.17,0.0,0.0,0.0,0.0,3.41,0.0,0.0,109.56,16.5,238.7,264.33,116.05,297.88,748.55
50.4365,225.94,111.54,50.82,29.26,0.0,7.81,0.0,3.52,0.0,0.0,0.0,84.48,11.0,227.48,261.47,120.45,428.89,704.88
50.4465,231.11,132.66,62.81,44.77,0.0,23.43,4.51,7.04,0.0,0.0,0.0,56.54,8.25,203.06,258.72,124.96,506.33,651.53
50.4565,225.94,141.02,72.27,49.94,0.0,35.09,10.67,12.32,0.0,0.0,0.0,33.88,0.0,168.19,253.0,127.16,547.25,582.23
50.4665,220.88,149.38,77.0,56.87,4.18,52.69,22.88,15.84,0.0,0.0,0.0,22.55,0.0,116.38,241.67,127.16,599.72,507.76
50.4765,223.41,161.92,81.73,65.23,8.47,63.03,33.55,21.12,0.0,0.0,0.0,16.94,5.5,64.79,209.99,120.45,658.46,417.67
50.4865,228.58,172.81,88.77,71.83,12.65,76.56,44.22,24.64,0.0,0.0,0.0,14.08,5.5,37.95,156.53,108.9,720.06,322.96
50.4965,236.28,184.25,95.81,78.43,16.94,85.47,53.46,28.27,0.0,0.0,0.0,11.22,5.5,26.07,101.2,91.74,778.91,235.73
50.5065,244.09,195.58,102.96,85.03,19.03,94.49,65.56,30.03,0.0,0.0,0.0,8.47,5.5,21.34,62.48,72.16,836.77,169.95
50.5165,254.43,202.4,112.42,89.54,23.21,101.2,72.82,31.79,0.0,0.0,0.0,5.61,0.0,16.61,41.03,48.73,887.81,111.98
50.5265,257.07,206.91,114.84,93.94,25.41,105.6,78.21,33.55,0.0,0.0,0.0,5.61,0.0,11.88,30.8,27.5,915.53,75.79
50.5365,257.07,209.11,114.84,100.54,27.5,110.11,81.84,35.31,0.0,0.0,0.0,0.0,0.0,9.46,20.46,8.47,936.32,38.39
50.5465,251.9,206.91,114.84,107.14,27.5,116.6,85.47,35.31,0.0,0.0,0.0,0.0,0.0,7.04,15.4,4.18,945.67,26.62
50.5565,244.09,202.4,112.42,113.85,29.59,120.78,89.1,38.83,0.0,0.0,0.0,0.0,0.0,4.73,12.76,0.0,951.06,17.49
50.5665,233.75,195.58,107.69,118.25,29.59,125.07,90.86,38.83,0.0,0.0,0.0,0.0,0.0,0.0,12.76,0.0,939.62,12.76
50.5765,220.88,184.25,102.96,124.96,29.59,129.25,94.49,40.59,0.0,0.0,0.0,0.0,0.0,0.0,10.23,0.0,926.97,10.23
50.5865,208.78,170.61,95.81,129.47,31.68,131.45,96.36,42.35,0.0,0.0,0.0,0.0,0.0,0.0,7.7,0.0,906.51,7.7
50.5965,194.15,159.83,91.08,131.67,31.68,135.63,99.99,42.35,0.0,0.0,0.0,0.0,0.0,0.0,7.7,0.0,886.38,7.7
50.6065,182.05,147.29,86.35,133.98,33.88,137.72,103.62,44.11,0.0,0.0,0.0,0.0,0.0,0.0,5.06,0.0,869.0,5.06
50.6165,169.95,136.84,79.31,136.18,33.88,137.72,105.38,45.87,0.0,0.0,0.0,0.0,0.0,0.0,5.06,0.0,845.13,5.06
50.6265,155.21,124.3,74.58,136.18,33.88,142.01,107.25,45.87,0.0,0.0,0.0,0.0,0.0,0.0,5.06,0.0,819.28,5.06
50.6365,140.47,111.54,67.54,138.38,35.97,144.1,109.01,45.87,0.0,0.0,0.0,0.0,0.0,0.0,5.06,0.0,792.88,5.06
50.6465,128.15,100.54,60.39,140.69,35.97,146.19,110.88,47.63,0.0,0.0,0.0,0.0,0.0,0.0,5.06,0.0,770.44,5.06
50.6565,113.41,89.54,53.24,142.89,35.97,146.19,112.64,47.63,0.0,0.0,0.0,0.0,0.0,0.0,0.0,0.0,741.51,0.0
50.6665,102.08,78.54,48.4,142.89,35.97,150.48,114.51,47.63,0.0,0.0,0.0,0.0,0.0,0.0,0.0,0.0,720.5,0.0
50.6765,93.28,69.74,43.56,145.09,35.97,152.57,116.49,49.39,0.0,0.0,0.0,0.0,0.0,0.0,0.0,0.0,706.09,0.0
50.6865,84.48,63.14,38.72,147.4,35.97,154.66,120.45,49.39,0.0,0.0,0.0,0.0,0.0,0.0,0.0,0.0,694.21,0.0
50.6965,75.57,54.56,33.88,149.6,38.06,156.86,124.52,51.15,0.0,0.0,0.0,0.0,0.0,0.0,0.0,0.0,684.2,0.0
50.7065,68.97,50.6,29.04,151.8,38.06,161.04,126.5,51.15,0.0,0.0,0.0,0.0,0.0,0.0,0.0,0.0,677.16,0.0
50.7164,60.17,44.77,26.62,154.11,38.06,163.13,132.55,52.91,0.0,0.0,0.0,0.0,0.0,0.0,0.0,0.0,672.32,0.0
50.7264,53.35,40.92,21.78,156.31,38.06,167.53,136.62,54.67,0.0,0.0,0.0,0.0,0.0,0.0,0.0,0.0,669.24,0.0
50.7364,41.8,36.96,19.36,156.31,40.15,171.93,144.65,54.67,0.0,0.0,0.0,0.0,0.0,0.0,0.0,0.0,665.83,0.0
50.7464,34.76,31.13,14.52,156.31,40.15,174.13,152.79,56.54,0.0,0.0,0.0,0.0,0.0,0.0,0.0,0.0,660.33,0.0
50.7564,30.14,27.28,14.52,156.31,40.15,178.53,160.82,58.52,0.0,0.0,0.0,0.0,0.0,0.0,0.0,0.0,666.27,0.0
50.7664,25.52,23.32,12.1,156.31,42.35,182.93,170.94,60.5,0.0,0.0,0.0,0.0,0.0,0.0,0.0,0.0,673.97,0.0
50.7764,20.9,19.47,12.1,156.31,44.44,185.13,181.28,62.59,0.0,0.0,0.0,0.0,0.0,0.0,0.0,0.0,682.22,0.0
50.7864,18.59,17.49,9.68,156.31,44.44,189.53,189.64,64.57,0.0,0.0,0.0,0.0,0.0,0.0,0.0,0.0,690.25,0.0
50.7964,13.86,13.64,9.68,154.11,44.44,191.73,199.98,66.55,0.0,0.0,0.0,0.0,0.0,0.0,0.0,0.0,693.99,0.0
50.8064,11.55,11.66,7.26,154.11,44.44,194.04,208.23,68.64,0.0,0.0,0.0,0.0,0.0,0.0,0.0,0.0,699.93,0.0
50.8164,11.55,9.68,4.84,149.6,44.44,198.44,216.48,70.62,0.0,0.0,0.0,0.0,0.0,0.0,0.0,0.0,705.65,0.0
50.8264,9.24,7.7,4.84,145.09,44.44,200.64,222.75,72.6,0.0,0.0,0.0,0.0,0.0,0.0,0.0,0.0,707.3,0.0
50.8364,6.93,5.83,0.0,138.38,42.35,200.64,229.24,76.67,0.0,0.0,0.0,0.0,0.0,0.0,0.0,0.0,700.04,0.0
50.8464,4.62,5.83,0.0,129.47,40.15,200.64,233.64,78.65,0.0,0.0,0.0,0.0,0.0,0.0,0.0,0.0,693.0,0.0
50.8564,4.62,3.85,0.0,118.25,38.06,200.64,238.04,80.74,0.0,0.0,0.0,0.0,0.0,0.0,0.0,0.0,684.2,0.0
50.8664,4.62,3.85,0.0,104.94,33.88,198.44,240.24,82.72,0.0,0.0,0.0,0.0,0.0,0.0,0.0,0.0,668.69,0.0
50.8764,0.0,3.85,0.0,91.74,29.59,198.44,238.04,86.79,0.0,0.0,0.0,0.0,0.0,0.0,0.0,0.0,648.45,0.0
50.8864,0.0,0.0,0.0,78.43,25.41,194.04,235.84,88.77,3.41,0.0,0.0,0.0,0.0,0.0,0.0,0.0,622.49,3.41
50.8964,0.0,0.0,0.0,67.43,19.03,191.73,233.64,90.86,15.73,0.0,0.0,0.0,0.0,0.0,0.0,0.0,602.69,15.73
50.9064,0.0,0.0,0.0,55.11,14.74,187.33,229.24,92.84,77.0,16.39,0.0,0.0,0.0,0.0,0.0,0.0,579.26,93.39
50.9164,0.0,0.0,0.0,44.77,12.65,178.53,224.84,96.91,228.91,51.59,11.88,0.0,0.0,0.0,0.0,0.0,557.7,292.38
50.9264,0.0,0.0,0.0,32.67,8.47,165.33,218.57,96.91,217.03,77.55,23.87,22.55,0.0,0.0,0.0,0.0,521.95,341.0
50.9364,0.0,0.0,0.0,22.33,6.27,146.19,212.41,100.87,221.65,115.5,38.28,53.68,0.0,0.0,5.06,0.0,488.07,434.17
50.9464,0.0,0.0,0.0,17.16,4.18,118.69,204.05,98.89,224.07,135.52,47.85,90.75,0.0,23.65,10.23,0.0,442.97,532.07
50.9564,0.0,0.0,0.0,13.75,4.18,85.47,187.55,94.82,224.07,150.59,50.27,115.94,0.0,45.1,15.4,0.0,385.77,601.37
50.9664,0.0,0.0,0.0,11.99,4.18,50.71,154.77,86.79,207.79,153.12,50.27,128.48,0.0,67.54,17.93,8.47,308.44,633.6
50.9764,0.0,0.0,0.0,10.34,6.27,33.22,109.01,76.67,203.17,158.07,55.11,144.32,0.0,89.21,33.33,14.74,235.51,697.95
50.9864,0.0,0.0,0.0,6.82,4.18,23.43,63.69,64.57,207.79,168.19,60.5,156.97,5.5,100.1,46.2,19.03,162.69,764.28
50.9964,0.0,0.0,0.0,5.17,0.0,17.49,39.71,47.63,212.41,175.45,63.25,169.62,8.25,113.63,56.54,25.41,110.0,824.56
51.0064,0.0,0.0,0.0,3.41,0.0,13.64,30.47,33.55,219.34,180.29,71.39,179.19,13.75,124.52,71.39,29.59,81.07,889.46
51.0164,0.0,0.0,0.0,0.0,0.0,9.68,24.42,21.12,221.65,185.13,76.89,191.95,16.5,135.41,83.27,31.79,55.22,942.59
51.0264,0.0,0.0,0.0,0.0,0.0,7.81,19.8,14.08,217.03,185.13,76.89,208.01,16.5,146.3,89.32,33.88,41.69,973.06
51.0364,0.0,0.0,0.0,0.0,0.0,7.81,13.75,7.04,207.79,182.71,74.14,224.07,16.5,154.55,95.26,35.97,28.6,990.99
51.0464,0.0,0.0,0.0,0.0,0.0,3.85,10.67,3.52,191.51,180.29,71.39,241.45,19.25,165.44,98.23,38.06,18.04,1005.62
51.0564,0.0,0.0,0.0,0.0,0.0,3.85,9.13,3.52,177.65,173.03,66.0,255.97,19.25,173.47,101.2,40.26,16.5,1006.83
51.0664,0.0,0.0,0.0,0.0,0.0,3.85,7.59,3.52,163.9,165.66,63.25,267.63,19.25,178.86,104.17,42.35,14.96,1005.07
51.0764,0.0,0.0,0.0,0.0,0.0,0.0,6.05,0.0,151.25,155.65,57.75,276.43,22.0,184.25,107.14,44.44,6.05,998.91
51.0864,0.0,0.0,0.0,0.0,0.0,0.0,4.51,0.0,138.49,143.11,55.11,285.89,22.0,189.64,110.22,44.44,4.51,988.9
51.0964,0.0,0.0,0.0,0.0,0.0,0.0,2.97,0.0,123.75,133.1,50.27,292.16,22.0,195.03,110.22,46.53,2.97,973.06
51.1064,0.0,0.0,0.0,0.0,0.0,0.0,0.0,0.0,109.45,120.56,45.43,301.62,22.0,197.67,110.22,46.53,0.0,953.48
51.1164,0.0,0.0,0.0,0.0,0.0,0.0,0.0,0.0,96.14,108.24,40.7,304.81,22.0,200.42,113.08,46.53,0.0,931.92
51.1264,0.0,0.0,0.0,0.0,0.0,0.0,0.0,0.0,84.7,96.47,38.28,311.08,22.0,203.06,113.08,48.73,0.0,917.4
51.1364,0.0,0.0,0.0,0.0,0.0,0.0,0.0,0.0,73.15,84.59,31.13,317.46,22.0,205.81,113.08,48.73,0.0,895.95
51.1464,0.0,0.0,0.0,0.0,0.0,0.0,0.0,0.0,61.71,75.13,26.29,320.54,22.0,211.2,113.08,48.73,0.0,878.68
51.1564,0.0,0.0,0.0,0.0,0.0,0.0,0.0,0.0,52.69,68.09,23.87,323.73,22.0,213.84,113.08,50.82,0.0,868.12
51.1664,0.0,0.0,0.0,0.0,0.0,0.0,0.0,0.0,43.89,58.63,19.14,323.73,19.25,216.59,113.08,50.82,0.0,845.13
51.1764,0.0,0.0,0.0,0.0,0.0,0.0,0.0,0.0,36.85,51.59,14.3,323.73,19.25,219.23,113.08,52.91,0.0,830.94
51.1864,0.0,0.0,0.0,0.0,0.0,0.0,0.0,0.0,29.81,44.55,11.88,323.73,19.25,219.23,113.08,52.91,0.0,814.44
51.1964,0.0,0.0,0.0,0.0,0.0,0.0,0.0,0.0,24.53,39.82,11.88,323.73,19.25,224.73,113.08,55.11,0.0,812.13
51.2064,0.0,0.0,0.0,0.0,0.0,0.0,0.0,0.0,19.25,32.78,9.57,320.54,19.25,227.48,115.94,57.53,0.0,802.34
51.2164,0.0,0.0,0.0,0.0,0.0,0.0,0.0,0.0,15.73,28.05,9.57,317.46,19.25,230.34,115.94,59.95,0.0,796.29
51.2264,0.0,0.0,0.0,0.0,0.0,0.0,0.0,0.0,13.97,23.43,9.57,311.08,19.25,233.09,121.77,64.9,0.0,797.06
51.2364,0.0,0.0,0.0,0.0,0.0,0.0,0.0,0.0,12.21,21.01,7.15,308.0,19.25,238.7,124.63,67.32,0.0,798.27
51.2464,0.0,0.0,0.0,0.0,0.0,0.0,0.0,0.0,10.45,16.39,7.15,304.81,19.25,241.45,130.46,72.16,0.0,802.12
51.2564,0.0,0.0,0.0,0.0,0.0,0.0,0.0,0.0,8.69,13.97,7.15,298.43,19.25,247.06,136.29,74.69,0.0,805.53
51.2664,0.0,0.0,0.0,0.0,0.0,0.0,0.0,0.0,8.69,11.66,4.73,295.35,19.25,249.92,144.98,79.53,0.0,814.11
51.2764,0.0,0.0,0.0,0.0,0.0,0.0,0.0,0.0,6.93,11.66,4.73,288.97,19.25,255.42,150.81,81.95,0.0,819.72
51.2864,0.0,0.0,0.0,0.0,0.0,0.0,0.0,0.0,6.93,9.35,4.73,285.89,19.25,261.03,159.5,86.9,0.0,833.58
51.2964,0.0,0.0,0.0,0.0,0.0,0.0,0.0,0.0,6.93,9.35,0.0,279.51,19.25,263.89,165.33,91.74,0.0,836.0
51.3064,0.0,0.0,0.0,0.0,0.0,0.0,0.0,0.0,5.17,6.93,0.0,276.43,19.25,269.39,174.24,94.27,0.0,845.68
51.3164,0.0,0.0,0.0,0.0,0.0,0.0,0.0,0.0,5.17,6.93,0.0,267.63,19.25,275.0,180.18,99.11,0.0,853.27
51.3264,0.0,0.0,0.0,0.0,0.0,0.0,0.0,0.0,5.17,4.62,0.0,258.94,16.5,277.86,189.09,104.06,0.0,856.24
51.3364,0.0,0.0,0.0,0.0,0.0,0.0,0.0,0.0,3.41,4.62,0.0,247.28,16.5,280.61,198.11,108.9,0.0,859.43
51.3464,0.0,0.0,0.0,0.0,0.0,0.0,0.0,0.0,3.41,4.62,0.0,229.79,16.5,280.61,204.05,113.85,0.0,852.83
51.3564,0.0,0.0,0.0,0.0,0.0,0.0,0.0,0.0,3.41,4.62,0.0,211.2,13.75,280.61,209.99,118.25,0.0,841.83
51.3664,0.0,0.0,0.0,0.0,0.0,0.0,0.0,0.0,0.0,0.0,0.0,191.95,13.75,277.86,215.93,124.96,0.0,824.45
51.3764,4.62,0.0,0.0,0.0,0.0,0.0,0.0,0.0,0.0,0.0,0.0,169.62,11.0,277.86,218.9,129.47,4.62,806.85
51.3864,13.86,3.85,0.0,0.0,0.0,0.0,0.0,0.0,0.0,0.0,0.0,147.51,8.25,272.25,221.98,133.87,17.71,783.86
51.3964,51.04,9.68,0.0,0.0,0.0,0.0,0.0,0.0,0.0,0.0,0.0,122.21,5.5,266.64,221.98,140.58,60.72,756.91
51.4064,177.21,48.73,9.68,0.0,0.0,0.0,0.0,0.0,0.0,0.0,0.0,100.21,0.0,258.28,221.98,145.09,235.62,725.56
51.4164,244.09,82.94,31.46,13.75,0.0,0.0,0.0,0.0,0.0,0.0,0.0,75.02,0.0,244.31,221.98,149.6,372.24,690.91
51.4264,231.11,109.34,48.4,25.85,0.0,7.81,0.0,0.0,0.0,0.0,0.0,48.07,0.0,216.59,218.9,156.31,422.51,639.87
51.4364,231.11,132.66,62.81,39.6,0.0,15.62,0.0,5.28,0.0,0.0,0.0,31.02,5.5,176.22,212.96,156.31,487.08,582.01
51.4464,233.75,145.2,67.54,49.94,0.0,31.24,2.97,8.8,0.0,0.0,0.0,25.41,8.25,119.13,201.08,151.8,539.44,505.67
51.4564,236.28,157.74,74.58,58.63,0.0,46.86,10.67,14.08,0.0,0.0,0.0,19.8,8.25,70.18,168.3,140.58,598.84,407.11
51.4664,236.28,166.1,81.73,67.43,4.18,63.03,22.88,17.6,0.0,0.0,0.0,16.94,8.25,45.1,121.77,124.96,659.23,317.02
51.4764,244.09,177.43,88.77,71.83,8.47,76.56,38.17,24.64,0.0,0.0,0.0,14.08,8.25,30.8,74.36,108.9,729.96,236.39
51.4864,254.43,186.45,100.54,76.23,14.74,85.47,50.38,28.27,0.0,0.0,0.0,11.22,5.5,23.65,51.37,86.9,796.51,178.64
51.4964,264.88,190.96,110.0,78.43,19.03,94.49,63.69,31.79,0.0,0.0,0.0,8.47,0.0,16.61,38.5,55.11,853.27,118.69
51.5064,270.05,193.27,119.79,80.63,23.21,98.89,78.21,35.31,0.0,0.0,0.0,5.61,0.0,11.88,28.27,29.59,899.36,75.35
51.5164,270.05,193.27,124.74,82.83,27.5,105.6,89.1,38.83,0.0,0.0,0.0,0.0,0.0,9.46,20.46,8.47,931.92,38.39
51.5264,264.88,188.76,122.32,85.03,29.59,112.42,98.12,42.35,0.0,0.0,0.0,0.0,0.0,4.73,12.76,4.18,943.47,21.67
51.5364,254.43,181.94,122.32,89.54,31.68,116.6,105.38,44.11,0.0,0.0,0.0,0.0,0.0,4.73,12.76,0.0,946.0,17.49
51.5464,244.09,172.81,119.79,91.74,33.88,122.98,114.51,47.63,0.0,0.0,0.0,0.0,0.0,0.0,10.23,0.0,947.43,10.23
51.5564,231.11,161.92,114.84,93.94,35.97,127.16,124.52,49.39,0.0,0.0,0.0,0.0,0.0,0.0,7.7,0.0,938.85,7.7
51.5664,216.04,151.47,110.0,93.94,38.06,131.45,134.64,51.15,0.0,0.0,0.0,0.0,0.0,0.0,7.7,0.0,926.75,7.7
51.5764,203.94,138.93,105.27,96.14,40.15,135.63,144.65,54.67,0.0,0.0,0.0,0.0,0.0,0.0,5.06,0.0,919.38,5.06
51.5864,191.73,128.48,100.54,96.14,42.35,137.72,152.79,56.54,0.0,0.0,0.0,0.0,0.0,0.0,0.0,0.0,906.29,0.0
51.5964,179.63,118.03,93.5,96.14,44.44,139.92,158.84,56.54,0.0,0.0,0.0,0.0,0.0,0.0,0.0,0.0,887.04,0.0
51.6064,167.53,109.34,88.77,96.14,46.53,142.01,164.89,58.52,0.0,0.0,0.0,0.0,0.0,0.0,0.0,0.0,873.73,0.0
51.6164,155.21,98.34,81.73,96.14,46.53,144.1,168.96,58.52,0.0,0.0,0.0,0.0,0.0,0.0,0.0,0.0,849.53,0.0
51.6264,140.47,87.34,74.58,96.14,48.62,146.19,175.12,58.52,0.0,0.0,0.0,0.0,0.0,0.0,0.0,0.0,826.98,0.0
51.6364,125.73,78.54,67.54,96.14,48.62,148.39,179.3,60.5,0.0,0.0,0.0,0.0,0.0,0.0,0.0,0.0,804.76,0.0
51.6464,110.99,67.54,60.39,96.14,48.62,150.48,183.37,60.5,0.0,0.0,0.0,0.0,0.0,0.0,0.0,0.0,778.03,0.0
51.6564,99.88,58.74,53.24,96.14,50.82,150.48,185.46,62.59,0.0,0.0,0.0,0.0,0.0,0.0,0.0,0.0,757.35,0.0
51.6664,86.68,52.58,45.98,96.14,48.62,152.57,191.62,62.59,0.0,0.0,0.0,0.0,0.0,0.0,0.0,0.0,736.78,0.0
51.6764,75.57,44.77,41.14,96.14,50.82,152.57,193.71,62.59,0.0,0.0,0.0,0.0,0.0,0.0,0.0,0.0,717.31,0.0
51.6864,66.77,38.94,33.88,93.94,50.82,154.66,197.89,62.59,0.0,0.0,0.0,0.0,0.0,0.0,0.0,0.0,699.49,0.0
51.6964,57.97,33.11,29.04,93.94,50.82,156.86,202.07,64.57,0.0,0.0,0.0,0.0,0.0,0.0,0.0,0.0,688.38,0.0
51.7064,46.42,29.15,24.2,91.74,50.82,156.86,206.14,64.57,0.0,0.0,0.0,0.0,0.0,0.0,0.0,0.0,669.9,0.0
51.7164,34.76,23.32,16.94,91.74,50.82,158.95,210.32,64.57,0.0,0.0,0.0,0.0,0.0,0.0,0.0,0.0,651.42,0.0
51.7264,25.52,17.49,14.52,91.74,50.82,158.95,214.39,62.59,0.0,0.0,0.0,0.0,0.0,0.0,0.0,0.0,636.02,0.0
51.7364,20.9,15.51,12.1,89.54,50.82,161.04,220.66,64.57,0.0,0.0,0.0,0.0,0.0,0.0,0.0,0.0,635.14,0.0
51.7464,16.17,11.66,9.68,87.34,50.82,163.13,227.04,64.57,0.0,0.0,0.0,0.0,0.0,0.0,0.0,0.0,630.41,0.0
51.7564,13.86,9.68,7.26,85.03,50.82,163.13,233.64,64.57,0.0,0.0,0.0,0.0,0.0,0.0,0.0,0.0,627.99,0.0
51.7664,11.55,7.7,7.26,80.63,48.62,165.33,240.24,66.55,0.0,0.0,0.0,0.0,0.0,0.0,0.0,0.0,627.88,0.0
51.7764,9.24,5.83,4.84,78.43,48.62,165.33,246.84,66.55,0.0,0.0,0.0,0.0,0.0,0.0,0.0,0.0,625.68,0.0
51.7864,6.93,5.83,4.84,74.03,46.53,167.53,255.75,68.64,0.0,0.0,0.0,0.0,0.0,0.0,0.0,0.0,630.08,0.0
51.7964,6.93,3.85,0.0,69.63,46.53,167.53,262.35,70.62,0.0,0.0,0.0,0.0,0.0,0.0,0.0,0.0,627.44,0.0
51.8064,4.62,3.85,0.0,63.03,44.44,169.73,268.95,72.6,3.41,0.0,0.0,0.0,0.0,0.0,0.0,0.0,627.22,3.41
51.8164,4.62,3.85,0.0,58.63,42.35,169.73,275.66,76.67,5.17,0.0,0.0,0.0,0.0,0.0,0.0,0.0,631.51,5.17
51.8264,0.0,3.85,0.0,51.7,38.06,167.53,280.17,78.65,10.45,0.0,0.0,0.0,0.0,0.0,0.0,0.0,619.96,10.45
51.8364,0.0,0.0,0.0,46.53,33.88,165.33,282.37,82.72,21.01,4.62,0.0,0.0,0.0,0.0,0.0,0.0,610.83,25.63
51.8464,0.0,0.0,0.0,39.6,29.59,161.04,282.37,84.81,71.28,21.01,0.0,0.0,0.0,0.0,0.0,0.0,597.41,92.29
51.8564,0.0,0.0,0.0,32.67,23.21,156.86,277.86,88.77,214.72,68.09,26.29,8.47,0.0,0.0,0.0,0.0,579.37,317.57
51.8664,0.0,0.0,0.0,25.85,16.94,148.39,271.15,90.86,217.03,96.47,40.7,62.48,0.0,0.0,12.76,0.0,553.19,429.44
51.8764,0.0,0.0,0.0,18.92,10.56,133.54,257.95,92.84,224.07,125.51,60.5,100.21,8.25,47.52,30.8,6.27,513.81,603.13
51.8864,0.0,0.0,0.0,11.99,6.27,112.42,244.64,92.84,224.07,135.52,68.75,115.94,5.5,67.54,38.5,12.65,468.16,668.47
51.8964,0.0,0.0,0.0,10.34,4.18,87.67,227.04,92.84,212.41,138.05,66.0,128.48,8.25,75.68,46.2,14.74,422.07,689.81
51.9064,0.0,0.0,0.0,8.58,4.18,56.65,199.98,88.77,200.86,140.58,63.25,137.94,8.25,83.82,48.73,16.94,358.16,700.37
51.9164,0.0,0.0,0.0,8.58,4.18,35.09,158.84,78.65,198.55,148.06,66.0,150.59,8.25,97.35,53.9,21.12,285.34,743.82
51.9264,0.0,0.0,0.0,6.82,4.18,23.43,107.25,64.57,198.55,155.65,68.75,163.24,11.0,108.24,59.51,25.41,206.25,790.35
51.9364,0.0,0.0,0.0,5.17,4.18,17.49,58.3,49.39,200.86,160.6,71.39,172.81,11.0,116.38,68.42,27.5,134.53,828.96
51.9464,0.0,0.0,0.0,0.0,0.0,15.62,41.25,37.07,207.79,165.66,79.64,185.57,13.75,130.02,80.3,31.79,93.94,894.52
51.9564,0.0,0.0,0.0,0.0,0.0,11.66,28.93,24.64,212.41,170.61,85.03,195.14,16.5,138.16,89.32,33.88,65.23,941.05
51.9664,0.0,0.0,0.0,0.0,0.0,7.81,22.88,14.08,210.1,173.03,87.78,208.01,16.5,146.3,95.26,35.97,44.77,972.95
51.9764,0.0,0.0,0.0,0.0,0.0,5.83,16.72,7.04,200.86,170.61,85.03,220.77,19.25,157.19,98.23,38.06,29.59,990.0
51.9864,0.0,0.0,0.0,0.0,0.0,3.85,12.21,3.52,189.2,165.66,79.64,235.62,19.25,165.44,101.2,40.26,19.58,996.27
51.9964,0.0,0.0,0.0,0.0,0.0,3.85,10.67,3.52,175.34,160.6,76.89,250.14,19.25,173.47,104.17,42.35,18.04,1002.21
52.0064,0.0,0.0,0.0,0.0,0.0,3.85,9.13,3.52,163.9,153.12,71.39,261.8,22.0,181.61,110.22,44.44,16.5,1008.48
52.0164,0.0,0.0,0.0,0.0,0.0,0.0,7.59,3.52,149.16,143.11,68.75,273.46,22.0,189.64,113.08,46.53,11.11,1005.73
52.0264,0.0,0.0,0.0,0.0,0.0,0.0,6.05,3.52,134.31,133.1,60.5,282.7,22.0,195.03,115.94,48.73,9.57,992.31
52.0364,0.0,0.0,0.0,0.0,0.0,0.0,4.51,0.0,119.46,120.56,57.75,288.97,22.0,200.42,118.91,48.73,4.51,976.8
52.0464,0.0,0.0,0.0,0.0,0.0,0.0,2.97,0.0,105.71,108.24,50.27,295.35,24.75,203.06,118.91,50.82,2.97,957.11
52.0564,0.0,0.0,0.0,0.0,0.0,0.0,0.0,0.0,90.42,96.47,45.43,301.62,24.75,208.45,121.77,52.91,0.0,941.82
52.0664,0.0,0.0,0.0,0.0,0.0,0.0,0.0,0.0,77.0,84.59,38.28,308.0,24.75,211.2,121.77,55.11,0.0,920.7
52.0764,0.0,0.0,0.0,0.0,0.0,0.0,0.0,0.0,65.56,72.82,33.44,311.08,24.75,213.84,121.77,55.11,0.0,898.37
52.0864,0.0,0.0,0.0,0.0,0.0,0.0,0.0,0.0,54.45,65.67,28.71,314.27,22.0,216.59,121.77,55.11,0.0,878.57
52.0964,0.0,0.0,0.0,0.0,0.0,0.0,0.0,0.0,45.65,56.21,21.56,317.46,22.0,219.23,121.77,57.53,0.0,861.41
52.1064,0.0,0.0,0.0,0.0,0.0,0.0,0.0,0.0,36.85,49.17,16.72,317.46,22.0,221.98,121.77,57.53,0.0,843.48
52.1164,0.0,0.0,0.0,0.0,0.0,0.0,0.0,0.0,29.81,44.55,14.3,317.46,22.0,224.73,121.77,59.95,0.0,834.57
52.1264,0.0,0.0,0.0,0.0,0.0,0.0,0.0,0.0,22.77,37.51,11.88,317.46,22.0,227.48,121.77,59.95,0.0,820.82
52.1364,0.0,0.0,0.0,0.0,0.0,0.0,0.0,0.0,17.49,30.47,9.57,317.46,19.25,230.34,121.77,62.37,0.0,808.72
52.1463,0.0,0.0,0.0,0.0,0.0,0.0,0.0,0.0,13.97,25.74,9.57,311.08,19.25,233.09,124.63,62.37,0.0,799.7
52.1563,0.0,0.0,0.0,0.0,0.0,0.0,0.0,0.0,12.21,21.01,7.15,304.81,19.25,235.95,127.6,64.9,0.0,792.88
52.1663,0.0,0.0,0.0,0.0,0.0,0.0,0.0,0.0,10.45,16.39,7.15,298.43,19.25,238.7,130.46,69.74,0.0,790.57
52.1763,0.0,0.0,0.0,0.0,0.0,0.0,0.0,0.0,8.69,13.97,4.73,292.16,19.25,241.45,136.29,72.16,0.0,788.7
52.1863,0.0,0.0,0.0,0.0,0.0,0.0,0.0,0.0,8.69,11.66,4.73,282.7,16.5,244.31,142.12,74.69,0.0,785.4
52.1963,0.0,0.0,0.0,0.0,0.0,0.0,0.0,0.0,6.93,9.35,4.73,276.43,16.5,249.92,147.84,77.11,0.0,788.81
52.2063,0.0,0.0,0.0,0.0,0.0,0.0,0.0,0.0,6.93,9.35,4.73,270.6,16.5,252.67,153.67,81.95,0.0,796.4
52.2163,0.0,0.0,0.0,0.0,0.0,0.0,0.0,0.0,6.93,6.93,0.0,264.77,16.5,255.42,162.36,84.48,0.0,797.39
52.2263,0.0,0.0,0.0,0.0,0.0,0.0,0.0,0.0,5.17,6.93,0.0,255.97,16.5,261.03,171.27,89.32,0.0,806.19
52.2363,0.0,0.0,0.0,0.0,0.0,0.0,0.0,0.0,5.17,6.93,0.0,244.42,16.5,263.89,183.15,94.27,0.0,814.33
52.2463,0.0,0.0,0.0,0.0,0.0,0.0,0.0,0.0,5.17,4.62,0.0,235.62,19.25,266.64,192.06,99.11,0.0,822.47
52.2563,0.0,0.0,0.0,0.0,0.0,0.0,0.0,0.0,5.17,4.62,0.0,226.93,16.5,269.39,204.05,104.06,0.0,830.72
52.2663,0.0,0.0,0.0,0.0,0.0,0.0,0.0,0.0,3.41,4.62,0.0,211.2,16.5,269.39,212.96,108.9,0.0,826.98
52.2763,0.0,0.0,0.0,0.0,0.0,0.0,0.0,0.0,3.41,0.0,0.0,198.44,16.5,272.25,218.9,113.85,0.0,823.35
52.2863,0.0,0.0,0.0,0.0,0.0,0.0,0.0,0.0,3.41,0.0,0.0,182.38,13.75,269.39,227.59,120.45,0.0,816.97
52.2963,0.0,0.0,0.0,0.0,0.0,0.0,0.0,0.0,3.41,0.0,0.0,166.43,13.75,269.39,233.2,124.96,0.0,811.14
52.3063,4.62,0.0,0.0,0.0,0.0,0.0,0.0,0.0,0.0,0.0,0.0,147.51,11.0,266.64,236.06,129.47,4.62,790.68
52.3163,16.17,3.85,0.0,0.0,0.0,0.0,0.0,0.0,0.0,0.0,0.0,131.67,8.25,263.89,236.06,136.18,20.02,776.05
52.3263,48.73,9.68,0.0,0.0,0.0,0.0,0.0,0.0,0.0,0.0,0.0,112.75,8.25,258.28,238.92,140.58,58.41,758.78
52.3363,157.63,42.79,9.68,0.0,0.0,0.0,0.0,0.0,0.0,0.0,0.0,93.94,5.5,249.92,236.06,145.09,210.1,730.51
52.3463,241.45,76.34,33.88,6.82,0.0,0.0,0.0,0.0,0.0,0.0,0.0,71.94,0.0,238.7,236.06,147.29,358.49,693.99
52.3563,218.46,93.94,48.4,24.09,0.0,9.68,0.0,0.0,0.0,0.0,0.0,48.07,0.0,216.59,236.06,151.8,394.57,652.52
52.3663,220.88,115.94,62.81,34.43,0.0,23.43,6.05,8.8,0.0,0.0,0.0,31.02,0.0,181.61,230.45,156.31,472.34,599.39
52.3763,223.41,128.48,74.58,39.6,4.18,41.03,22.88,14.08,0.0,0.0,0.0,22.55,5.5,130.02,218.9,156.31,548.24,533.28
52.3863,233.75,143.11,84.04,44.77,8.47,52.69,36.63,19.36,0.0,0.0,0.0,19.8,5.5,78.32,189.09,147.29,622.82,440.0
52.3963,233.75,151.47,88.77,48.18,12.65,63.03,48.84,22.88,0.0,0.0,0.0,16.94,8.25,47.52,144.98,133.87,669.57,351.56
52.4063,236.28,161.92,95.81,51.7,14.74,76.56,60.06,26.4,0.0,0.0,0.0,14.08,5.5,33.22,89.32,118.25,723.47,260.37
52.4163,244.09,170.61,105.27,56.87,19.03,85.47,70.95,30.03,0.0,0.0,0.0,11.22,5.5,26.07,59.51,99.11,782.32,201.41
52.4263,251.9,177.43,112.42,60.83,21.12,92.18,83.71,35.31,0.0,0.0,0.0,8.47,0.0,21.34,46.2,72.16,834.9,148.17
52.4363,259.6,181.94,122.32,63.03,25.41,101.2,96.36,40.59,0.0,0.0,0.0,5.61,0.0,14.19,33.33,44.44,890.45,97.57
52.4463,259.6,181.94,127.27,67.43,29.59,107.91,109.01,44.11,0.0,0.0,0.0,0.0,0.0,11.88,23.1,19.03,926.86,54.01
52.4563,257.07,179.63,129.69,71.83,31.68,114.51,118.47,47.63,0.0,0.0,0.0,0.0,0.0,7.04,17.93,4.18,950.51,29.15
52.4663,249.26,175.12,127.27,74.03,33.88,118.69,130.57,51.15,0.0,0.0,0.0,0.0,0.0,4.73,12.76,0.0,959.97,17.49
52.4763,238.92,166.1,124.74,78.43,35.97,125.07,140.69,52.91,0.0,0.0,0.0,0.0,0.0,4.73,12.76,0.0,962.83,17.49
52.4863,225.94,157.74,119.79,80.63,38.06,131.45,150.7,54.67,0.0,0.0,0.0,0.0,0.0,0.0,10.23,0.0,958.98,10.23
52.4963,211.2,145.2,112.42,80.63,40.15,133.54,158.84,56.54,0.0,0.0,0.0,0.0,0.0,0.0,7.7,0.0,938.52,7.7
52.5063,199.1,134.75,105.27,82.83,40.15,137.72,164.89,58.52,0.0,0.0,0.0,0.0,0.0,0.0,7.7,0.0,923.23,7.7
52.5163,184.47,124.3,98.23,82.83,42.35,139.92,170.94,60.5,0.0,0.0,0.0,0.0,0.0,0.0,5.06,0.0,903.54,5.06
52.5263,172.37,113.85,91.08,82.83,44.44,142.01,177.21,60.5,0.0,0.0,0.0,0.0,0.0,0.0,5.06,0.0,884.29,5.06
52.5363,157.63,100.54,81.73,85.03,44.44,144.1,181.28,62.59,0.0,0.0,0.0,0.0,0.0,0.0,0.0,0.0,857.34,0.0
52.5463,140.47,89.54,74.58,85.03,44.44,146.19,183.37,62.59,0.0,0.0,0.0,0.0,0.0,0.0,0.0,0.0,826.21,0.0
52.5563,125.73,78.54,65.12,85.03,44.44,146.19,187.55,62.59,0.0,0.0,0.0,0.0,0.0,0.0,0.0,0.0,795.19,0.0
52.5663,108.68,67.54,58.08,82.83,46.53,148.39,189.64,62.59,0.0,0.0,0.0,0.0,0.0,0.0,0.0,0.0,764.28,0.0
52.5763,95.48,56.54,50.82,82.83,46.53,148.39,193.71,62.59,0.0,0.0,0.0,0.0,0.0,0.0,0.0,0.0,736.89,0.0
52.5863,82.17,48.73,43.56,80.63,46.53,150.48,195.8,62.59,0.0,0.0,0.0,0.0,0.0,0.0,0.0,0.0,710.49,0.0
52.5963,71.17,42.79,36.3,80.63,46.53,150.48,197.89,62.59,0.0,0.0,0.0,0.0,0.0,0.0,0.0,0.0,688.38,0.0
52.6063,57.97,35.09,29.04,80.63,46.53,152.57,199.98,62.59,0.0,0.0,0.0,0.0,0.0,0.0,0.0,0.0,664.4,0.0
52.6163,46.42,29.15,21.78,80.63,46.53,154.66,204.05,62.59,0.0,0.0,0.0,0.0,0.0,0.0,0.0,0.0,645.81,0.0
52.6263,34.76,23.32,16.94,78.43,46.53,154.66,208.23,62.59,0.0,0.0,0.0,0.0,0.0,0.0,0.0,0.0,625.46,0.0
52.6363,25.52,17.49,12.1,76.23,44.44,156.86,212.41,62.59,0.0,0.0,0.0,0.0,0.0,0.0,0.0,0.0,607.64,0.0
52.6463,20.9,13.64,9.68,74.03,44.44,156.86,218.57,62.59,0.0,0.0,0.0,0.0,0.0,0.0,0.0,0.0,600.71,0.0
52.6563,16.17,11.66,9.68,71.83,44.44,156.86,224.84,64.57,0.0,0.0,0.0,0.0,0.0,0.0,0.0,0.0,600.05,0.0
52.6663,11.55,7.7,7.26,69.63,44.44,158.95,231.44,64.57,0.0,0.0,0.0,0.0,0.0,0.0,0.0,0.0,595.54,0.0
52.6763,11.55,7.7,4.84,67.43,42.35,161.04,240.24,66.55,0.0,0.0,0.0,0.0,0.0,0.0,0.0,0.0,601.7,0.0
52.6863,9.24,5.83,4.84,65.23,42.35,161.04,246.84,66.55,0.0,0.0,0.0,0.0,0.0,0.0,0.0,0.0,601.92,0.0
52.6963,6.93,5.83,4.84,63.03,42.35,163.13,253.55,68.64,0.0,0.0,0.0,0.0,0.0,0.0,0.0,0.0,608.3,0.0
52.7063,4.62,3.85,0.0,63.03,42.35,165.33,262.35,70.62,0.0,0.0,0.0,0.0,0.0,0.0,0.0,0.0,612.15,0.0
52.7163,4.62,3.85,0.0,60.83,42.35,167.53,268.95,72.6,0.0,0.0,0.0,0.0,0.0,0.0,0.0,0.0,620.73,0.0
52.7263,4.62,3.85,0.0,58.63,42.35,169.73,275.66,74.69,0.0,0.0,0.0,0.0,0.0,0.0,0.0,0.0,629.53,0.0
52.7363,4.62,3.85,0.0,55.11,40.15,171.93,282.37,74.69,0.0,0.0,0.0,0.0,0.0,0.0,0.0,0.0,632.72,0.0
52.7463,0.0,3.85,0.0,51.7,38.06,169.73,286.88,76.67,0.0,0.0,0.0,0.0,0.0,0.0,0.0,0.0,626.89,0.0
52.7563,0.0,0.0,0.0,46.53,35.97,169.73,289.19,78.65,5.17,0.0,0.0,0.0,0.0,0.0,0.0,0.0,620.07,5.17
52.7663,0.0,0.0,0.0,41.36,31.68,165.33,289.19,80.74,17.49,4.62,0.0,0.0,0.0,0.0,0.0,0.0,608.3,22.11
52.7763,0.0,0.0,0.0,34.43,25.41,161.04,284.68,84.81,84.7,25.74,4.73,0.0,0.0,0.0,0.0,0.0,590.37,115.17
52.7863,0.0,0.0,0.0,29.26,19.03,154.66,277.86,86.79,251.13,77.55,26.29,16.94,0.0,0.0,7.7,0.0,567.6,379.61
52.7963,0.0,0.0,0.0,20.68,12.65,139.92,268.95,88.77,231.44,108.24,40.7,75.02,0.0,4.73,12.76,0.0,530.97,472.89
52.8063,0.0,0.0,0.0,13.75,8.47,118.69,255.75,90.86,233.86,138.05,57.75,119.02,0.0,52.25,20.46,4.18,487.52,625.57
52.8163,0.0,0.0,0.0,10.34,6.27,94.49,240.24,90.86,228.91,148.06,63.25,137.94,0.0,72.93,25.63,12.65,442.2,689.37
52.8263,0.0,0.0,0.0,8.58,4.18,60.83,214.39,88.77,217.03,148.06,57.75,150.59,5.5,81.07,33.33,14.74,376.75,708.07
52.8363,0.0,0.0,0.0,8.58,4.18,37.07,173.03,80.74,203.17,150.59,57.75,163.24,5.5,94.6,41.03,16.94,303.6,732.82
52.8463,0.0,0.0,0.0,6.82,6.27,25.3,122.54,66.55,198.55,160.6,60.5,179.19,5.5,108.24,46.2,21.12,227.48,779.9
52.8563,0.0,0.0,0.0,5.17,4.18,17.49,76.45,51.15,198.55,165.66,63.25,191.95,8.25,119.13,51.37,23.21,154.44,821.37
52.8663,0.0,0.0,0.0,3.41,0.0,15.62,44.22,37.07,203.17,170.61,68.75,204.82,11.0,127.27,59.51,27.5,100.32,872.63
52.8763,0.0,0.0,0.0,0.0,0.0,11.66,32.01,26.4,210.1,175.45,74.14,214.39,11.0,138.16,68.42,29.59,70.07,921.25
52.8863,0.0,0.0,0.0,0.0,0.0,9.68,24.42,15.84,212.41,177.87,76.89,224.07,13.75,146.3,74.36,31.79,49.94,957.44
52.8963,0.0,0.0,0.0,0.0,0.0,5.83,18.26,10.56,205.48,177.87,74.14,235.62,13.75,151.8,80.3,33.88,34.65,972.84
52.9063,0.0,0.0,0.0,0.0,0.0,5.83,13.75,3.52,196.24,173.03,71.39,247.28,16.5,159.94,83.27,35.97,23.1,983.62
52.9163,0.0,0.0,0.0,0.0,0.0,3.85,10.67,3.52,184.58,168.19,68.75,258.94,16.5,165.44,86.35,38.06,18.04,986.81
52.9263,0.0,0.0,0.0,0.0,0.0,0.0,9.13,3.52,170.72,160.6,66.0,270.6,16.5,173.47,89.32,38.06,12.65,985.27
52.9363,0.0,0.0,0.0,0.0,0.0,0.0,9.13,0.0,159.72,153.12,63.25,282.7,19.25,178.86,92.29,40.26,9.13,989.45
52.9463,0.0,0.0,0.0,0.0,0.0,0.0,6.05,0.0,146.96,143.11,57.75,292.16,19.25,184.25,95.26,42.35,6.05,981.09
52.9563,0.0,0.0,0.0,0.0,0.0,0.0,4.51,0.0,134.31,133.1,55.11,298.43,19.25,189.64,98.23,42.35,4.51,970.42
52.9663,0.0,0.0,0.0,0.0,0.0,0.0,4.51,0.0,121.55,123.09,50.27,301.62,19.25,192.39,101.2,44.44,4.51,953.81
52.9763,0.0,0.0,0.0,0.0,0.0,0.0,2.97,0.0,111.43,113.08,47.85,308.0,22.0,197.67,104.17,44.44,2.97,948.64
52.9863,0.0,0.0,0.0,0.0,0.0,0.0,2.97,0.0,99.99,103.51,43.12,314.27,22.0,197.67,104.17,46.53,2.97,931.26
52.9963,0.0,0.0,0.0,0.0,0.0,0.0,0.0,0.0,90.42,94.05,40.7,314.27,19.25,200.42,104.17,46.53,0.0,909.81
53.0063,0.0,0.0,0.0,0.0,0.0,0.0,0.0,0.0,78.98,84.59,35.86,317.46,22.0,203.06,107.14,46.53,0.0,895.62
53.0163,0.0,0.0,0.0,0.0,0.0,0.0,0.0,0.0,71.28,77.55,33.44,317.46,22.0,203.06,107.14,46.53,0.0,878.46
53.0263,0.0,0.0,0.0,0.0,0.0,0.0,0.0,0.0,63.69,70.4,31.13,314.27,22.0,205.81,110.22,46.53,0.0,864.05
53.0363,0.0,0.0,0.0,0.0,0.0,0.0,0.0,0.0,56.21,65.67,28.71,317.46,22.0,208.45,110.22,48.73,0.0,857.45
53.0463,0.0,0.0,0.0,0.0,0.0,0.0,0.0,0.0,50.93,58.63,26.29,314.27,22.0,211.2,110.22,48.73,0.0,842.27
53.0563,0.0,0.0,0.0,0.0,0.0,0.0,0.0,0.0,45.65,56.21,23.87,317.46,22.0,213.84,113.08,48.73,0.0,840.84
53.0663,0.0,0.0,0.0,0.0,0.0,0.0,0.0,0.0,40.37,51.59,19.14,317.46,22.0,216.59,115.94,50.82,0.0,833.91
53.0763,0.0,0.0,0.0,0.0,0.0,0.0,0.0,0.0,35.09,46.86,16.72,317.46,22.0,221.98,115.94,52.91,0.0,828.96
53.0863,0.0,0.0,0.0,0.0,0.0,0.0,0.0,0.0,31.57,44.55,14.3,317.46,22.0,224.73,118.91,52.91,0.0,826.43
53.0963,0.0,0.0,0.0,0.0,0.0,0.0,0.0,0.0,26.29,39.82,11.88,314.27,22.0,227.48,121.77,57.53,0.0,821.04
53.1063,0.0,0.0,0.0,0.0,0.0,0.0,0.0,0.0,22.77,37.51,11.88,314.27,22.0,233.09,127.6,59.95,0.0,829.07
53.1163,0.0,0.0,0.0,0.0,0.0,0.0,0.0,0.0,19.25,32.78,11.88,314.27,22.0,235.95,130.46,64.9,0.0,831.49
53.1263,0.0,0.0,0.0,0.0,0.0,0.0,0.0,0.0,17.49,28.05,9.57,314.27,22.0,241.45,136.29,67.32,0.0,836.44
53.1363,0.0,0.0,0.0,0.0,0.0,0.0,0.0,0.0,15.73,25.74,9.57,314.27,22.0,247.06,144.98,69.74,0.0,849.09
53.1463,0.0,0.0,0.0,0.0,0.0,0.0,0.0,0.0,13.97,21.01,7.15,311.08,22.0,249.92,150.81,74.69,0.0,850.63
53.1563,0.0,0.0,0.0,0.0,0.0,0.0,0.0,0.0,12.21,18.7,7.15,308.0,22.0,255.42,156.53,77.11,0.0,857.12
53.1663,0.0,0.0,0.0,0.0,0.0,0.0,0.0,0.0,10.45,16.39,7.15,304.81,24.75,261.03,168.3,81.95,0.0,874.83
53.1763,0.0,0.0,0.0,0.0,0.0,0.0,0.0,0.0,8.69,11.66,7.15,298.43,24.75,266.64,177.21,84.48,0.0,879.01
53.1863,0.0,0.0,0.0,0.0,0.0,0.0,0.0,0.0,8.69,11.66,4.73,288.97,24.75,269.39,186.12,89.32,0.0,883.63
53.1963,0.0,0.0,0.0,0.0,0.0,0.0,0.0,0.0,6.93,9.35,4.73,276.43,24.75,272.25,195.14,91.74,0.0,881.32
53.2063,0.0,0.0,0.0,0.0,0.0,0.0,0.0,0.0,5.17,6.93,0.0,261.8,24.75,272.25,204.05,96.69,0.0,871.64
53.2163,0.0,0.0,0.0,0.0,0.0,0.0,0.0,0.0,5.17,4.62,0.0,247.28,24.75,275.0,212.96,99.11,0.0,868.89
53.2263,4.62,0.0,0.0,0.0,0.0,0.0,0.0,0.0,5.17,4.62,0.0,229.79,22.0,275.0,218.9,104.06,4.62,859.54
53.2363,9.24,3.85,0.0,0.0,0.0,0.0,0.0,0.0,3.41,4.62,0.0,208.01,19.25,272.25,224.73,106.48,13.09,838.75
53.2463,25.52,5.83,0.0,0.0,0.0,0.0,0.0,0.0,3.41,0.0,0.0,188.76,16.5,269.39,224.73,111.32,31.35,814.11
53.2563,66.77,21.34,0.0,0.0,0.0,0.0,0.0,0.0,0.0,0.0,0.0,166.43,13.75,266.64,227.59,116.05,88.11,790.46
53.2663,186.89,60.94,14.52,0.0,0.0,0.0,0.0,0.0,0.0,0.0,0.0,141.13,11.0,263.89,227.59,120.45,262.35,764.06
53.2763,220.88,85.14,31.46,17.16,0.0,0.0,0.0,0.0,0.0,0.0,0.0,112.75,8.25,255.42,230.45,124.96,354.64,731.83
53.2863,211.2,107.14,45.98,25.85,0.0,7.81,0.0,0.0,0.0,0.0,0.0,81.29,5.5,238.7,230.45,131.67,397.98,687.61
53.2963,213.62,126.39,58.08,37.84,0.0,15.62,0.0,3.52,0.0,0.0,0.0,50.82,0.0,211.2,230.45,136.18,455.07,628.65
53.3063,216.04,138.93,62.81,43.01,0.0,29.26,2.97,8.8,0.0,0.0,0.0,31.02,5.5,173.47,224.73,140.58,501.82,575.3
53.3163,220.88,151.47,67.54,49.94,0.0,42.9,9.13,12.32,0.0,0.0,0.0,25.41,5.5,113.63,209.99,138.38,554.18,492.91
53.3263,223.41,159.83,72.27,55.11,0.0,54.67,18.26,15.84,0.0,0.0,0.0,19.8,8.25,67.54,177.21,129.47,599.39,402.27
53.3363,231.11,172.81,81.73,60.83,4.18,65.34,30.47,19.36,0.0,0.0,0.0,16.94,8.25,42.68,133.32,116.05,665.83,317.24
53.3463,244.09,184.25,91.08,63.03,8.47,74.25,39.71,22.88,0.0,0.0,0.0,14.08,8.25,30.8,83.27,104.06,727.76,240.46
53.3563,257.07,195.58,100.54,67.43,10.56,80.96,48.84,24.64,0.0,0.0,0.0,11.22,5.5,23.65,59.51,81.95,785.62,181.83
53.3663,270.05,202.4,110.0,71.83,14.74,87.67,56.54,28.27,0.0,0.0,0.0,8.47,0.0,18.92,41.03,55.11,841.5,123.53
53.3763,275.22,206.91,119.79,76.23,16.94,94.49,65.56,30.03,0.0,0.0,0.0,5.61,0.0,14.19,30.8,31.79,885.17,82.39
53.3863,275.22,204.6,119.79,78.43,19.03,101.2,70.95,31.79,0.0,0.0,0.0,5.61,0.0,9.46,20.46,8.47,901.01,44.0
53.3963,267.41,202.4,122.32,85.03,21.12,105.6,78.21,35.31,0.0,0.0,0.0,5.61,0.0,7.04,15.4,4.18,917.4,32.23
53.4063,259.6,197.78,119.79,89.54,23.21,112.42,83.71,38.83,0.0,0.0,0.0,0.0,0.0,7.04,15.4,0.0,924.88,22.44
53.4163,246.73,188.76,117.37,93.94,25.41,118.69,90.86,40.59,0.0,0.0,0.0,0.0,0.0,4.73,12.76,0.0,922.35,17.49
53.4263,233.75,179.63,112.42,96.14,27.5,122.98,98.12,44.11,0.0,0.0,0.0,0.0,0.0,4.73,12.76,0.0,914.65,17.49
53.4363,220.88,166.1,107.69,100.54,29.59,127.16,103.62,45.87,0.0,0.0,0.0,0.0,0.0,0.0,10.23,0.0,901.45,10.23
53.4463,208.78,155.65,102.96,102.74,29.59,131.45,110.88,47.63,0.0,0.0,0.0,0.0,0.0,0.0,10.23,0.0,889.68,10.23
53.4563,196.68,145.2,98.23,104.94,31.68,135.63,116.49,49.39,0.0,0.0,0.0,0.0,0.0,0.0,7.7,0.0,878.24,7.7
53.4663,184.47,134.75,93.5,107.14,33.88,139.92,122.54,52.91,0.0,0.0,0.0,0.0,0.0,0.0,7.7,0.0,869.11,7.7
53.4763,169.95,124.3,86.35,109.34,35.97,144.1,128.59,52.91,0.0,0.0,0.0,0.0,0.0,0.0,7.7,0.0,851.51,7.7
53.4863,155.21,111.54,79.31,113.85,35.97,146.19,130.57,54.67,0.0,0.0,0.0,0.0,0.0,0.0,5.06,0.0,827.31,5.06
53.4963,140.47,100.54,69.85,113.85,38.06,150.48,136.62,56.54,0.0,0.0,0.0,0.0,0.0,0.0,5.06,0.0,806.41,5.06
53.5063,125.73,89.54,65.12,116.05,38.06,152.57,140.69,58.52,0.0,0.0,0.0,0.0,0.0,0.0,0.0,0.0,786.28,0.0
53.5163,113.41,80.74,58.08,118.25,38.06,156.86,144.65,58.52,0.0,0.0,0.0,0.0,0.0,0.0,0.0,0.0,768.57,0.0
53.5263,102.08,71.94,53.24,120.56,38.06,158.95,148.72,60.5,0.0,0.0,0.0,0.0,0.0,0.0,0.0,0.0,754.05,0.0
53.5363,93.28,65.34,45.98,120.56,40.15,161.04,152.79,60.5,0.0,0.0,0.0,0.0,0.0,0.0,0.0,0.0,739.64,0.0
53.5463,84.48,56.54,43.56,122.76,40.15,163.13,156.75,62.59,0.0,0.0,0.0,0.0,0.0,0.0,0.0,0.0,729.96,0.0
53.5563,75.57,52.58,38.72,122.76,40.15,165.33,158.84,64.57,0.0,0.0,0.0,0.0,0.0,0.0,0.0,0.0,718.52,0.0
53.5663,68.97,46.75,33.88,124.96,42.35,167.53,164.89,64.57,0.0,0.0,0.0,0.0,0.0,0.0,0.0,0.0,713.9,0.0
53.5762,62.37,42.79,29.04,124.96,42.35,171.93,168.96,64.57,0.0,0.0,0.0,0.0,0.0,0.0,0.0,0.0,706.97,0.0
53.5862,53.35,36.96,26.62,124.96,42.35,174.13,173.03,66.55,0.0,0.0,0.0,0.0,0.0,0.0,0.0,0.0,697.95,0.0
53.5962,44.11,33.11,21.78,127.27,42.35,176.33,179.3,66.55,0.0,0.0,0.0,0.0,0.0,0.0,0.0,0.0,690.8,0.0
53.6062,37.18,29.15,19.36,127.27,42.35,178.53,185.46,68.64,0.0,0.0,0.0,0.0,0.0,0.0,0.0,0.0,687.94,0.0
53.6162,30.14,25.3,16.94,127.27,42.35,180.73,191.62,68.64,0.0,0.0,0.0,0.0,0.0,0.0,0.0,0.0,682.99,0.0
53.6262,25.52,23.32,14.52,127.27,44.44,182.93,199.98,70.62,0.0,0.0,0.0,0.0,0.0,0.0,0.0,0.0,688.6,0.0
53.6362,23.21,19.47,12.1,124.96,44.44,185.13,206.14,70.62,0.0,0.0,0.0,0.0,0.0,0.0,0.0,0.0,686.07,0.0
53.6462,18.59,17.49,12.1,124.96,44.44,187.33,212.41,72.6,0.0,0.0,0.0,0.0,0.0,0.0,0.0,0.0,689.92,0.0
53.6562,16.17,13.64,9.68,122.76,46.53,189.53,220.66,72.6,0.0,0.0,0.0,0.0,0.0,0.0,0.0,0.0,691.57,0.0
53.6662,13.86,11.66,7.26,118.25,46.53,189.53,227.04,74.69,0.0,0.0,0.0,0.0,0.0,0.0,0.0,0.0,688.82,0.0
53.6762,11.55,9.68,7.26,113.85,46.53,189.53,233.64,74.69,0.0,0.0,0.0,0.0,0.0,0.0,0.0,0.0,686.73,0.0
53.6862,9.24,7.7,7.26,109.34,44.44,189.53,240.24,74.69,0.0,0.0,0.0,0.0,0.0,0.0,0.0,0.0,682.44,0.0
53.6962,6.93,5.83,4.84,102.74,44.44,189.53,244.64,74.69,0.0,0.0,0.0,0.0,0.0,0.0,0.0,0.0,673.64,0.0
53.7062,6.93,5.83,4.84,93.94,42.35,189.53,249.04,76.67,0.0,0.0,0.0,0.0,0.0,0.0,0.0,0.0,669.13,0.0
53.7162,4.62,3.85,0.0,85.03,38.06,187.33,253.55,78.65,0.0,0.0,0.0,0.0,0.0,0.0,0.0,0.0,651.09,0.0
53.7262,4.62,3.85,0.0,76.23,35.97,187.33,255.75,78.65,15.73,0.0,0.0,0.0,0.0,0.0,0.0,0.0,642.4,15.73
53.7362,0.0,0.0,0.0,65.23,31.68,185.13,255.75,82.72,75.13,16.39,0.0,0.0,0.0,0.0,0.0,0.0,620.51,91.52
53.7462,0.0,0.0,0.0,55.11,25.41,178.53,253.55,82.72,200.86,49.17,11.88,8.47,0.0,0.0,7.7,0.0,595.32,278.08
53.7562,0.0,0.0,0.0,43.01,21.12,169.73,251.35,84.81,182.27,70.4,23.87,42.35,0.0,0.0,10.23,0.0,570.02,329.12
53.7662,0.0,0.0,0.0,31.02,14.74,156.86,246.84,86.79,193.82,96.47,35.86,81.29,0.0,26.07,15.4,0.0,536.25,448.91
53.7762,0.0,0.0,0.0,22.33,10.56,139.92,242.44,88.77,205.48,115.5,47.85,100.21,0.0,45.1,17.93,6.27,504.02,538.34
53.7862,0.0,0.0,0.0,15.51,6.27,114.51,233.64,88.77,203.17,123.09,47.85,112.75,0.0,59.4,23.1,8.47,458.7,577.83
53.7962,0.0,0.0,0.0,11.99,4.18,83.27,218.57,88.77,196.24,125.51,47.85,119.02,0.0,64.79,23.1,10.56,406.78,587.07
53.8062,0.0,0.0,0.0,10.34,4.18,52.69,193.71,82.72,191.51,128.04,47.85,125.4,0.0,75.68,30.8,12.65,343.64,611.93
53.8162,0.0,0.0,0.0,8.58,4.18,31.24,152.79,72.6,196.24,135.52,50.27,134.86,5.5,83.82,38.5,14.74,269.39,659.45
53.8262,0.0,0.0,0.0,6.82,4.18,23.43,103.62,58.52,203.17,145.64,52.69,141.13,5.5,89.21,43.67,16.94,196.57,697.95
53.8362,0.0,0.0,0.0,5.17,0.0,17.49,60.06,42.35,212.41,155.65,57.75,150.59,8.25,94.6,48.73,19.03,125.07,747.01
53.8462,0.0,0.0,0.0,3.41,0.0,15.62,41.25,31.79,224.07,163.13,63.25,156.97,8.25,100.1,53.9,21.12,92.07,790.79
53.8562,0.0,0.0,0.0,0.0,0.0,11.66,27.5,22.88,233.86,170.61,68.75,166.43,11.0,105.49,59.51,23.21,62.04,838.86
53.8662,0.0,0.0,0.0,0.0,0.0,9.68,21.34,12.32,238.81,175.45,71.39,179.19,11.0,110.99,62.48,25.41,43.34,874.72
53.8762,0.0,0.0,0.0,0.0,0.0,5.83,16.72,7.04,238.81,180.29,71.39,188.76,11.0,113.63,62.48,25.41,29.59,891.77
53.8862,0.0,0.0,0.0,0.0,0.0,5.83,10.67,3.52,231.44,180.29,68.75,201.63,11.0,119.13,62.48,27.5,20.02,902.22
53.8962,0.0,0.0,0.0,0.0,0.0,3.85,9.13,3.52,224.07,182.71,68.75,214.39,13.75,124.52,65.45,29.59,16.5,923.23
53.9062,0.0,0.0,0.0,0.0,0.0,0.0,9.13,0.0,217.03,180.29,68.75,226.93,13.75,130.02,68.42,29.59,9.13,934.78
53.9162,0.0,0.0,0.0,0.0,0.0,0.0,7.59,0.0,210.1,177.87,66.0,235.62,13.75,135.41,71.39,31.79,7.59,941.93
53.9262,0.0,0.0,0.0,0.0,0.0,0.0,4.51,0.0,200.86,173.03,66.0,244.42,16.5,143.66,77.33,33.88,4.51,955.68
53.9362,0.0,0.0,0.0,0.0,0.0,0.0,10.67,0.0,191.51,168.19,63.25,250.14,16.5,146.3,80.3,33.88,10.67,950.07
53.9462,0.0,0.0,0.0,0.0,0.0,0.0,2.97,0.0,182.27,163.13,63.25,255.97,16.5,151.8,83.27,35.97,2.97,952.16
53.9562,0.0,0.0,0.0,0.0,0.0,0.0,0.0,0.0,170.72,155.65,60.5,261.8,19.25,157.19,86.35,38.06,0.0,949.52
53.9662,0.0,0.0,0.0,0.0,0.0,0.0,0.0,0.0,161.81,148.06,57.75,264.77,19.25,159.94,89.32,38.06,0.0,938.96
53.9762,0.0,0.0,0.0,0.0,0.0,0.0,0.0,0.0,153.34,140.58,55.11,270.6,19.25,165.44,92.29,38.06,0.0,934.67
53.9862,0.0,0.0,0.0,0.0,0.0,0.0,0.0,0.0,142.78,133.1,55.11,273.46,19.25,168.19,95.26,40.26,0.0,927.41
53.9962,0.0,0.0,0.0,0.0,0.0,0.0,0.0,0.0,134.31,125.51,50.27,276.43,22.0,173.47,98.23,40.26,0.0,920.48
54.0062,0.0,0.0,0.0,0.0,0.0,0.0,0.0,0.0,125.84,120.56,50.27,282.7,22.0,178.86,101.2,42.35,0.0,923.78
54.0162,0.0,0.0,0.0,0.0,0.0,0.0,0.0,0.0,117.37,113.08,47.85,285.89,22.0,181.61,104.17,44.44,0.0,916.41
54.0262,0.0,0.0,0.0,0.0,0.0,0.0,0.0,0.0,109.45,105.93,45.43,292.16,22.0,187.0,104.17,44.44,0.0,910.58
54.0362,0.0,0.0,0.0,0.0,0.0,0.0,0.0,0.0,101.86,101.2,43.12,298.43,22.0,192.39,107.14,44.44,0.0,910.58
54.0462,0.0,0.0,0.0,0.0,0.0,0.0,0.0,0.0,96.14,94.05,43.12,301.62,22.0,195.03,110.22,46.53,0.0,908.71
54.0562,0.0,0.0,0.0,0.0,0.0,0.0,0.0,0.0,88.44,89.32,40.7,304.81,22.0,200.42,113.08,48.73,0.0,907.5
54.0662,0.0,0.0,0.0,0.0,0.0,0.0,0.0,0.0,82.72,84.59,38.28,311.08,22.0,203.06,115.94,48.73,0.0,906.4
54.0762,0.0,0.0,0.0,0.0,0.0,0.0,0.0,0.0,78.98,79.86,38.28,311.08,24.75,208.45,115.94,50.82,0.0,908.16
54.0862,0.0,0.0,0.0,0.0,0.0,0.0,0.0,0.0,73.15,75.13,35.86,314.27,24.75,213.84,118.91,52.91,0.0,908.82
54.0962,0.0,0.0,0.0,0.0,0.0,0.0,0.0,0.0,67.43,70.4,33.44,317.46,24.75,219.23,121.77,55.11,0.0,909.59
54.1062,0.0,0.0,0.0,0.0,0.0,0.0,0.0,0.0,63.69,68.09,33.44,320.54,24.75,221.98,124.63,55.11,0.0,912.23
54.1162,0.0,0.0,0.0,0.0,0.0,0.0,0.0,0.0,57.97,60.94,31.13,323.73,24.75,227.48,127.6,59.95,0.0,913.55
54.1262,0.0,0.0,0.0,0.0,0.0,0.0,0.0,0.0,52.69,56.21,28.71,323.73,24.75,233.09,133.32,62.37,0.0,914.87
54.1362,0.0,0.0,0.0,0.0,0.0,0.0,0.0,0.0,47.41,53.9,28.71,326.92,24.75,238.7,139.15,67.32,0.0,926.86
54.1462,0.0,0.0,0.0,0.0,0.0,0.0,0.0,0.0,42.13,49.17,26.29,326.92,27.5,244.31,144.98,72.16,0.0,933.46
54.1562,0.0,0.0,0.0,0.0,0.0,0.0,0.0,0.0,36.85,44.55,23.87,323.73,27.5,249.92,150.81,77.11,0.0,934.34
54.1662,0.0,0.0,0.0,0.0,0.0,0.0,0.0,0.0,31.57,39.82,21.56,323.73,27.5,252.67,159.5,81.95,0.0,938.3
54.1762,0.0,0.0,0.0,0.0,0.0,0.0,0.0,0.0,26.29,35.09,19.14,317.46,27.5,255.42,168.3,86.9,0.0,936.1
54.1862,0.0,0.0,0.0,0.0,0.0,0.0,0.0,0.0,21.01,30.47,14.3,311.08,30.25,258.28,177.21,89.32,0.0,931.92
54.1962,0.0,0.0,0.0,0.0,0.0,0.0,0.0,0.0,17.49,21.01,11.88,304.81,30.25,261.03,183.15,94.27,0.0,923.89
54.2062,4.62,0.0,0.0,0.0,0.0,0.0,0.0,0.0,13.97,16.39,9.57,295.35,30.25,263.89,189.09,99.11,4.62,917.62
54.2162,6.93,0.0,0.0,0.0,0.0,0.0,0.0,0.0,10.45,11.66,9.57,282.7,27.5,263.89,195.14,104.06,6.93,904.97
54.2262,11.55,3.85,0.0,0.0,0.0,0.0,0.0,0.0,8.69,9.35,7.15,264.77,27.5,266.64,201.08,108.9,15.4,894.08
54.2362,25.52,5.83,0.0,0.0,0.0,0.0,0.0,0.0,6.93,6.93,4.73,250.14,24.75,266.64,201.08,111.32,31.35,872.52
54.2462,62.37,17.49,0.0,0.0,0.0,0.0,0.0,0.0,5.17,4.62,0.0,232.76,22.0,266.64,204.05,116.05,79.86,851.29
54.2562,147.84,48.73,9.68,0.0,0.0,0.0,0.0,0.0,5.17,4.62,0.0,211.2,19.25,266.64,201.08,118.25,206.25,826.21
54.2662,186.89,74.14,26.62,18.92,0.0,0.0,0.0,0.0,5.17,4.62,0.0,188.76,13.75,261.03,201.08,120.45,306.57,794.86
54.2762,182.05,91.74,38.72,27.5,0.0,7.81,0.0,0.0,3.41,0.0,0.0,156.97,11.0,252.67,198.11,122.76,347.82,744.92
54.2862,184.47,107.14,48.4,37.84,0.0,23.43,4.51,7.04,0.0,0.0,0.0,125.4,8.25,241.45,198.11,124.96,412.83,698.17
54.2962,191.73,120.12,58.08,46.53,0.0,41.03,16.72,12.32,0.0,0.0,0.0,90.75,5.5,221.98,192.06,127.16,486.53,637.45
54.3062,191.73,128.48,62.81,53.35,6.27,54.67,27.5,17.6,0.0,0.0,0.0,56.54,0.0,195.03,192.06,129.47,542.41,573.1
54.3162,189.31,132.66,65.12,56.87,8.47,65.34,39.71,22.88,0.0,0.0,0.0,33.88,0.0,157.19,183.15,131.67,580.36,505.89
54.3262,191.73,138.93,69.85,63.03,12.65,74.25,48.84,26.4,0.0,0.0,0.0,25.41,5.5,105.49,165.33,127.16,625.68,428.89
54.3362,199.1,145.2,77.0,67.43,16.94,83.27,60.06,30.03,0.0,0.0,0.0,19.8,5.5,62.04,136.29,118.25,679.03,341.88
54.3462,206.36,151.47,86.35,71.83,21.12,92.18,72.82,35.31,0.0,0.0,0.0,16.94,5.5,40.37,101.2,104.06,737.44,268.07
54.3562,211.2,157.74,91.08,78.43,25.41,101.2,85.47,40.59,0.0,0.0,0.0,14.08,5.5,26.07,62.48,91.74,791.12,199.87
54.3662,213.62,159.83,95.81,87.34,29.59,112.42,98.12,47.63,0.0,0.0,0.0,11.22,0.0,18.92,41.03,67.32,844.36,138.49
54.3762,208.78,159.83,95.81,96.14,31.68,122.98,109.01,52.91,0.0,0.0,0.0,8.47,0.0,14.19,28.27,40.26,877.14,91.19
54.3862,201.52,157.74,95.81,104.94,33.88,131.45,120.45,58.52,0.0,0.0,0.0,5.61,0.0,9.46,20.46,19.03,904.31,54.56
54.3962,194.15,151.47,93.5,111.54,38.06,139.92,130.57,62.59,0.0,0.0,0.0,5.61,0.0,7.04,15.4,6.27,921.8,34.32
54.4062,182.05,143.11,88.77,116.05,40.15,148.39,140.69,68.64,0.0,0.0,0.0,0.0,0.0,4.73,12.76,4.18,927.85,21.67
54.4162,169.95,132.66,84.04,120.56,42.35,154.66,152.79,72.6,0.0,0.0,0.0,0.0,0.0,0.0,10.23,0.0,929.61,10.23
54.4262,157.63,122.21,79.31,122.76,44.44,158.95,160.82,74.69,0.0,0.0,0.0,0.0,0.0,0.0,10.23,0.0,920.81,10.23
54.4362,142.89,109.34,72.27,124.96,46.53,163.13,168.96,78.65,0.0,0.0,0.0,0.0,0.0,0.0,7.7,0.0,906.73,7.7
54.4462,128.15,98.34,65.12,127.27,46.53,167.53,177.21,80.74,0.0,0.0,0.0,0.0,0.0,0.0,7.7,0.0,890.89,7.7
54.4562,115.83,87.34,58.08,127.27,46.53,169.73,181.28,82.72,0.0,0.0,0.0,0.0,0.0,0.0,5.06,0.0,868.78,5.06
54.4662,102.08,76.34,50.82,127.27,48.62,171.93,185.46,82.72,0.0,0.0,0.0,0.0,0.0,0.0,0.0,0.0,845.24,0.0
54.4762,91.08,67.54,43.56,127.27,46.53,174.13,185.46,84.81,0.0,0.0,0.0,0.0,0.0,0.0,0.0,0.0,820.38,0.0
54.4862,82.17,58.74,38.72,127.27,46.53,174.13,185.46,84.81,0.0,0.0,0.0,0.0,0.0,0.0,0.0,0.0,797.83,0.0
54.4962,73.37,54.56,33.88,127.27,46.53,174.13,183.37,84.81,0.0,0.0,0.0,0.0,0.0,0.0,0.0,0.0,777.92,0.0
54.5062,68.97,50.6,31.46,129.47,44.44,176.33,183.37,82.72,0.0,0.0,0.0,0.0,0.0,0.0,0.0,0.0,767.36,0.0
54.5162,64.57,46.75,29.04,129.47,44.44,176.33,179.3,82.72,0.0,0.0,0.0,0.0,0.0,0.0,0.0,0.0,752.62,0.0
54.5262,62.37,44.77,26.62,129.47,44.44,174.13,177.21,82.72,0.0,0.0,0.0,0.0,0.0,0.0,0.0,0.0,741.73,0.0
54.5362,62.37,44.77,26.62,131.67,42.35,171.93,173.03,80.74,0.0,0.0,0.0,0.0,0.0,0.0,0.0,0.0,733.48,0.0
54.5462,64.57,46.75,29.04,131.67,42.35,171.93,166.87,78.65,0.0,0.0,0.0,0.0,0.0,0.0,0.0,0.0,731.83,0.0
54.5562,68.97,48.73,31.46,133.98,42.35,167.53,158.84,76.67,0.0,0.0,0.0,0.0,0.0,0.0,0.0,0.0,728.53,0.0
54.5662,79.97,54.56,36.3,133.98,40.15,163.13,150.7,74.69,0.0,0.0,0.0,0.0,0.0,0.0,0.0,0.0,733.48,0.0
54.5762,91.08,63.14,43.56,136.18,40.15,158.95,142.67,70.62,0.0,0.0,0.0,0.0,0.0,0.0,0.0,0.0,746.35,0.0
54.5862,106.48,74.14,50.82,136.18,40.15,156.86,136.62,68.64,0.0,0.0,0.0,0.0,0.0,0.0,0.0,0.0,769.89,0.0
54.5962,120.78,82.94,58.08,138.38,40.15,154.66,134.64,66.55,0.0,0.0,0.0,0.0,0.0,0.0,0.0,0.0,796.18,0.0
54.6062,133.1,89.54,62.81,138.38,40.15,154.66,134.64,66.55,0.0,0.0,0.0,0.0,0.0,0.0,0.0,0.0,819.83,0.0
54.6162,137.94,93.94,67.54,138.38,40.15,156.86,136.62,66.55,0.0,0.0,0.0,0.0,0.0,0.0,0.0,0.0,837.98,0.0
54.6262,140.47,93.94,69.85,140.69,42.35,156.86,140.69,66.55,0.0,0.0,0.0,0.0,0.0,0.0,0.0,0.0,851.4,0.0
54.6362,137.94,93.94,69.85,142.89,42.35,161.04,144.65,68.64,0.0,0.0,0.0,0.0,0.0,0.0,0.0,0.0,861.3,0.0
54.6462,137.94,91.74,69.85,145.09,44.44,163.13,150.7,70.62,0.0,0.0,0.0,0.0,0.0,0.0,0.0,0.0,873.51,0.0
54.6562,135.52,89.54,69.85,145.09,44.44,165.33,156.75,72.6,0.0,0.0,0.0,0.0,0.0,0.0,0.0,0.0,879.12,0.0
54.6662,130.57,87.34,69.85,145.09,46.53,169.73,164.89,72.6,0.0,0.0,0.0,0.0,0.0,0.0,0.0,0.0,886.6,0.0
54.6762,123.2,80.74,67.54,147.4,48.62,174.13,170.94,76.67,5.17,0.0,0.0,0.0,0.0,0.0,0.0,0.0,889.24,5.17
54.6862,115.83,74.14,62.81,147.4,50.82,176.33,179.3,78.65,13.97,4.62,0.0,0.0,0.0,0.0,0.0,0.0,885.28,18.59
54.6962,102.08,67.54,58.08,145.09,50.82,180.73,185.46,80.74,21.01,6.93,0.0,0.0,0.0,0.0,0.0,0.0,870.54,27.94
54.7062,88.88,56.54,50.82,145.09,50.82,182.93,191.62,80.74,28.05,9.35,0.0,0.0,0.0,0.0,0.0,0.0,847.44,37.4
54.7162,73.37,48.73,41.14,140.69,52.91,185.13,197.89,82.72,35.09,16.39,0.0,0.0,0.0,0.0,0.0,0.0,822.58,51.48
54.7262,57.97,40.92,33.88,138.38,52.91,185.13,204.05,82.72,57.97,30.47,7.15,5.61,0.0,0.0,0.0,0.0,795.96,101.2
54.7362,44.11,31.13,26.62,133.98,50.82,185.13,206.14,82.72,105.71,56.21,21.56,16.94,0.0,0.0,0.0,0.0,760.65,200.42
54.7462,27.83,23.32,16.94,124.96,50.82,180.73,208.23,82.72,138.49,75.13,31.13,33.88,0.0,0.0,5.06,0.0,715.55,283.69
54.7562,18.59,13.64,12.1,113.85,46.53,178.53,206.14,80.74,149.16,87.01,35.86,48.07,0.0,0.0,5.06,0.0,670.12,325.16
54.7662,11.55,9.68,7.26,98.34,40.15,169.73,199.98,78.65,140.69,89.32,35.86,56.54,0.0,0.0,7.7,0.0,615.34,330.11
54.7762,6.93,5.83,4.84,82.83,33.88,163.13,191.62,76.67,132.22,91.74,35.86,78.21,0.0,4.73,10.23,0.0,565.73,352.99
54.7862,4.62,3.85,0.0,65.23,27.5,154.66,185.46,74.69,132.22,98.78,35.86,93.94,0.0,21.34,10.23,0.0,516.01,392.37
54.7962,4.62,3.85,0.0,49.94,21.12,146.19,175.12,74.69,134.31,108.24,38.28,103.29,0.0,35.64,12.76,0.0,475.53,432.52
54.8062,0.0,0.0,0.0,37.84,16.94,135.63,164.89,70.62,140.69,118.03,40.7,115.94,0.0,47.52,15.4,4.18,425.92,482.46
54.8162,0.0,0.0,0.0,27.5,12.65,120.78,154.77,68.64,151.25,128.04,43.12,125.4,0.0,56.98,17.93,6.27,384.34,528.99
54.8262,0.0,0.0,0.0,18.92,8.47,101.2,144.65,68.64,166.1,143.11,50.27,128.48,0.0,62.04,17.93,8.47,341.88,576.4
54.8362,0.0,0.0,0.0,11.99,4.18,78.76,132.55,64.57,182.27,155.65,55.11,134.86,0.0,64.79,23.1,10.56,292.05,626.34
54.8462,0.0,0.0,0.0,10.34,4.18,54.67,114.51,60.5,196.24,165.66,57.75,141.13,0.0,67.54,23.1,10.56,244.2,661.98
54.8562,0.0,0.0,0.0,8.58,0.0,33.22,89.1,54.67,207.79,173.03,60.5,147.51,5.5,70.18,25.63,10.56,185.57,700.7
54.8662,0.0,0.0,0.0,6.82,0.0,21.45,60.06,45.87,214.72,182.71,63.25,153.78,0.0,70.18,25.63,12.65,134.2,722.92
54.8762,0.0,0.0,0.0,5.17,0.0,17.49,36.63,35.31,221.65,192.39,63.25,163.24,0.0,72.93,23.1,12.65,94.6,749.21
54.8862,0.0,0.0,0.0,5.17,0.0,13.64,21.34,22.88,226.49,202.07,63.25,172.81,0.0,72.93,23.1,12.65,63.03,773.3
54.8962,0.0,0.0,0.0,3.41,0.0,11.66,18.26,14.08,231.44,211.75,63.25,182.38,0.0,72.93,23.1,12.65,47.41,797.5
54.9062,0.0,0.0,0.0,3.41,0.0,9.68,13.75,7.04,233.86,219.01,63.25,191.95,0.0,75.68,23.1,12.65,33.88,819.5
54.9162,0.0,0.0,0.0,0.0,0.0,7.81,9.13,5.28,236.28,226.27,60.5,198.44,0.0,72.93,20.46,12.65,22.22,827.53
54.9262,0.0,0.0,0.0,0.0,0.0,5.83,7.59,3.52,236.28,231.11,60.5,208.01,0.0,72.93,23.1,12.65,16.94,844.58
54.9362,0.0,0.0,0.0,0.0,0.0,5.83,7.59,3.52,236.28,233.53,60.5,211.2,5.5,75.68,23.1,12.65,16.94,858.44
54.9462,0.0,0.0,0.0,0.0,0.0,5.83,7.59,3.52,233.86,233.53,60.5,217.58,5.5,75.68,23.1,14.74,16.94,864.49
54.9562,0.0,0.0,0.0,0.0,0.0,3.85,6.05,3.52,231.44,233.53,60.5,220.77,5.5,75.68,23.1,14.74,13.42,865.26
54.9662,0.0,0.0,0.0,0.0,0.0,5.83,6.05,3.52,226.49,231.11,57.75,226.93,5.5,78.32,23.1,14.74,15.4,863.94
54.9762,0.0,0.0,0.0,0.0,0.0,3.85,4.51,3.52,221.65,228.69,57.75,229.79,5.5,78.32,23.1,14.74,11.88,859.54
54.9862,0.0,0.0,0.0,0.0,0.0,3.85,4.51,3.52,217.03,223.85,57.75,232.76,5.5,81.07,25.63,14.74,11.88,858.33
54.9962,0.0,0.0,0.0,0.0,0.0,3.85,4.51,3.52,212.41,223.85,55.11,235.62,5.5,81.07,25.63,16.94,11.88,856.13
55.0061,0.0,0.0,0.0,0.0,0.0,3.85,2.97,0.0,207.79,221.43,55.11,235.62,5.5,81.07,25.63,16.94,6.82,849.09
55.0161,0.0,0.0,0.0,0.0,0.0,0.0,2.97,0.0,205.48,219.01,55.11,238.59,5.5,81.07,25.63,16.94,2.97,847.33
55.0261,0.0,0.0,0.0,0.0,0.0,0.0,2.97,0.0,200.86,216.59,55.11,241.45,5.5,81.07,25.63,16.94,2.97,843.15
55.0361,0.0,0.0,0.0,0.0,0.0,0.0,0.0,0.0,198.55,216.59,52.69,241.45,5.5,83.82,25.63,19.03,0.0,843.26
55.0461,0.0,0.0,0.0,0.0,0.0,0.0,0.0,0.0,196.24,214.17,52.69,247.28,5.5,83.82,25.63,16.94,0.0,842.27
55.0561,0.0,0.0,0.0,0.0,0.0,0.0,0.0,0.0,193.82,214.17,52.69,250.14,5.5,83.82,25.63,19.03,0.0,844.8
55.0661,0.0,0.0,0.0,0.0,0.0,0.0,0.0,0.0,191.51,211.75,52.69,253.11,8.25,83.82,28.27,19.03,0.0,848.43
55.0761,0.0,0.0,0.0,0.0,0.0,0.0,0.0,0.0,189.2,211.75,52.69,255.97,5.5,86.46,28.27,19.03,0.0,848.87
55.0861,0.0,0.0,0.0,0.0,0.0,0.0,0.0,0.0,186.89,209.33,52.69,258.94,8.25,89.21,28.27,19.03,0.0,852.61
55.0961,0.0,0.0,0.0,0.0,0.0,0.0,0.0,0.0,186.89,209.33,52.69,261.8,8.25,89.21,28.27,19.03,0.0,855.47
55.1061,0.0,0.0,0.0,0.0,0.0,0.0,0.0,0.0,184.58,206.91,52.69,267.63,8.25,91.96,30.8,21.12,0.0,863.94
55.1161,0.0,0.0,0.0,0.0,0.0,0.0,0.0,0.0,182.27,206.91,52.69,270.6,8.25,94.6,30.8,21.12,0.0,867.24
55.1261,0.0,0.0,0.0,0.0,0.0,0.0,0.0,0.0,179.96,204.49,52.69,270.6,11.0,97.35,33.33,21.12,0.0,870.54
55.1361,0.0,0.0,0.0,0.0,0.0,0.0,0.0,0.0,177.65,202.07,55.11,273.46,11.0,100.1,35.97,23.21,0.0,878.57
55.1461,0.0,0.0,0.0,0.0,0.0,0.0,0.0,0.0,175.34,199.65,55.11,276.43,11.0,105.49,41.03,23.21,0.0,887.26
55.1561,0.0,0.0,0.0,0.0,0.0,0.0,0.0,0.0,175.34,197.23,57.75,279.51,11.0,108.24,46.2,25.41,0.0,900.68
55.1661,0.0,0.0,0.0,0.0,0.0,0.0,0.0,0.0,173.03,192.39,57.75,282.7,13.75,113.63,48.73,25.41,0.0,907.39
55.1761,0.0,0.0,0.0,0.0,0.0,0.0,0.0,0.0,170.72,189.97,57.75,285.89,13.75,119.13,59.51,27.5,0.0,924.22
55.1861,0.0,0.0,0.0,0.0,0.0,0.0,0.0,0.0,168.41,187.55,60.5,288.97,16.5,124.52,53.9,27.5,0.0,927.85
55.1961,0.0,0.0,0.0,0.0,0.0,0.0,0.0,0.0,166.1,182.71,63.25,292.16,16.5,130.02,59.51,29.59,0.0,939.84
55.2061,0.0,0.0,0.0,0.0,0.0,0.0,0.0,0.0,161.81,180.29,63.25,298.43,16.5,135.41,62.48,29.59,0.0,947.76
55.2161,0.0,0.0,0.0,0.0,0.0,0.0,0.0,0.0,157.63,175.45,63.25,301.62,19.25,143.66,68.42,31.79,0.0,961.07
55.2261,0.0,0.0,0.0,0.0,0.0,0.0,0.0,0.0,153.34,170.61,63.25,311.08,19.25,149.05,71.39,33.88,0.0,971.85
55.2361,0.0,0.0,0.0,0.0,0.0,0.0,0.0,0.0,144.87,163.13,60.5,317.46,19.25,157.19,77.33,35.97,0.0,975.7
55.2461,0.0,0.0,0.0,0.0,0.0,0.0,0.0,0.0,134.31,155.65,57.75,326.92,22.0,162.69,83.27,35.97,0.0,978.56
55.2561,0.0,0.0,0.0,0.0,0.0,0.0,0.0,0.0,125.84,148.06,55.11,333.08,22.0,168.19,86.35,38.06,0.0,976.69
55.2661,0.0,0.0,0.0,0.0,0.0,0.0,0.0,0.0,115.28,138.05,52.69,341.99,22.0,176.22,89.32,38.06,0.0,973.61
55.2761,0.0,0.0,0.0,0.0,0.0,0.0,0.0,0.0,105.71,128.04,50.27,347.93,24.75,184.25,95.26,40.26,0.0,976.47
55.2861,0.0,0.0,0.0,0.0,0.0,0.0,0.0,0.0,94.16,115.5,47.85,353.87,24.75,192.39,101.2,42.35,0.0,972.07
55.2961,0.0,0.0,0.0,0.0,0.0,0.0,0.0,0.0,82.72,103.51,43.12,359.81,27.5,200.42,110.22,44.44,0.0,971.74
55.3061,0.0,0.0,0.0,0.0,0.0,0.0,0.0,0.0,71.28,94.05,38.28,362.78,27.5,208.45,115.94,48.73,0.0,967.01
55.3161,0.0,0.0,0.0,0.0,0.0,0.0,0.0,0.0,59.84,82.28,35.86,362.78,27.5,213.84,121.77,55.11,0.0,958.98
55.3261,0.0,0.0,0.0,0.0,0.0,0.0,0.0,0.0,49.17,70.4,31.13,362.78,30.25,221.98,130.46,59.95,0.0,956.12
55.3361,13.86,0.0,0.0,0.0,0.0,0.0,0.0,0.0,38.61,60.94,23.87,362.78,30.25,227.48,136.29,64.9,13.86,945.12
55.3461,41.8,5.83,0.0,0.0,0.0,0.0,0.0,0.0,26.29,46.86,16.72,356.84,30.25,233.09,144.98,67.32,47.63,922.35
55.3561,108.68,25.3,0.0,0.0,0.0,0.0,0.0,0.0,19.25,32.78,11.88,347.93,30.25,235.95,150.81,74.69,133.98,903.54
55.3661,186.89,48.73,19.36,0.0,0.0,0.0,0.0,0.0,13.97,23.43,9.57,336.05,30.25,238.7,156.53,79.53,254.98,888.03
55.3761,184.47,60.94,29.04,6.82,0.0,0.0,0.0,0.0,12.21,16.39,7.15,308.0,27.5,238.7,162.36,84.48,281.27,856.79
55.3861,186.89,78.54,38.72,17.16,0.0,3.85,0.0,0.0,8.69,11.66,4.73,273.46,24.75,233.09,168.3,89.32,325.16,814.0
55.3961,191.73,91.74,45.98,18.92,0.0,5.83,2.97,0.0,8.69,11.66,0.0,238.59,22.0,230.34,171.27,94.27,357.17,776.82
55.4061,196.68,104.94,48.4,24.09,0.0,7.81,2.97,3.52,6.93,9.35,0.0,195.14,16.5,224.73,177.21,96.69,388.41,726.55
55.4161,199.1,113.85,53.24,29.26,0.0,11.66,4.51,3.52,6.93,6.93,0.0,150.59,11.0,213.84,180.18,101.53,415.14,671.0
55.4261,201.52,120.12,55.77,34.43,0.0,19.47,4.51,5.28,5.17,6.93,0.0,109.56,8.25,200.42,183.15,106.48,441.1,619.96
55.4361,208.78,130.57,60.39,36.19,0.0,27.28,7.59,8.8,3.41,4.62,0.0,68.75,5.5,181.61,183.15,108.9,479.6,555.94
55.4461,218.46,141.02,65.12,39.6,0.0,33.22,10.67,10.56,0.0,4.62,0.0,39.6,5.5,151.8,177.21,113.85,518.65,492.58
55.4561,231.11,151.47,72.27,41.36,0.0,39.05,15.18,12.32,0.0,0.0,0.0,25.41,5.5,113.63,162.36,116.05,562.76,422.95
55.4661,246.73,161.92,79.31,43.01,4.18,42.9,19.8,14.08,0.0,0.0,0.0,19.8,5.5,67.54,133.32,113.85,611.93,340.01
55.4761,262.24,175.12,88.77,46.53,6.27,48.84,25.96,17.6,0.0,0.0,0.0,16.94,5.5,40.37,95.26,104.06,671.33,262.13
55.4861,275.22,186.45,93.5,49.94,6.27,52.69,32.01,19.36,0.0,0.0,0.0,14.08,5.5,26.07,56.54,91.74,715.44,193.93
55.4961,287.98,197.78,100.54,53.35,8.47,56.65,36.63,19.36,0.0,0.0,0.0,11.22,0.0,18.92,38.5,74.69,760.76,143.33
55.5061,295.68,209.11,102.96,56.87,10.56,60.83,38.17,21.12,0.0,0.0,0.0,8.47,0.0,11.88,28.27,44.44,795.3,93.06
55.5161,300.85,215.93,105.27,58.63,10.56,65.34,41.25,22.88,0.0,0.0,0.0,5.61,0.0,9.46,20.46,31.79,820.71,67.32
55.5261,305.91,224.95,107.69,63.03,12.65,67.54,42.68,22.88,0.0,0.0,0.0,5.61,0.0,7.04,15.4,8.47,847.33,36.52
55.5361,308.44,229.35,110.0,67.43,12.65,72.05,44.22,24.64,0.0,0.0,0.0,5.61,0.0,4.73,10.23,0.0,868.78,20.57
55.5461,308.44,231.55,110.0,69.63,12.65,74.25,45.76,24.64,0.0,0.0,0.0,0.0,0.0,0.0,7.7,0.0,876.92,7.7
55.5561,308.44,233.75,110.0,71.83,12.65,76.56,47.3,24.64,0.0,0.0,0.0,0.0,0.0,0.0,7.7,0.0,885.17,7.7
55.5661,305.91,231.55,107.69,74.03,14.74,76.56,48.84,26.4,0.0,0.0,0.0,0.0,0.0,0.0,5.06,0.0,885.72,5.06
55.5761,300.85,227.15,107.69,76.23,14.74,78.76,50.38,26.4,0.0,0.0,0.0,0.0,0.0,0.0,5.06,0.0,882.2,5.06
55.5861,295.68,222.75,105.27,76.23,16.94,80.96,51.92,26.4,0.0,0.0,0.0,0.0,0.0,0.0,0.0,0.0,876.15,0.0
55.5961,287.98,218.24,105.27,76.23,16.94,80.96,53.46,26.4,0.0,0.0,0.0,0.0,0.0,0.0,0.0,0.0,865.48,0.0
55.6061,282.92,211.42,102.96,76.23,19.03,83.27,56.54,28.27,0.0,0.0,0.0,0.0,0.0,0.0,0.0,0.0,860.64,0.0
55.6161,275.22,204.6,100.54,78.43,19.03,85.47,58.3,28.27,0.0,0.0,0.0,0.0,0.0,0.0,0.0,0.0,849.86,0.0
55.6261,267.41,197.78,98.23,80.63,21.12,87.67,60.06,28.27,0.0,0.0,0.0,0.0,0.0,0.0,0.0,0.0,841.17,0.0
55.6361,257.07,190.96,95.81,82.83,21.12,89.98,63.69,30.03,0.0,0.0,0.0,0.0,0.0,0.0,0.0,0.0,831.49,0.0
55.6461,249.26,184.25,93.5,85.03,23.21,92.18,67.32,30.03,0.0,0.0,0.0,0.0,0.0,0.0,0.0,0.0,824.78,0.0
55.6561,241.45,177.43,93.5,87.34,25.41,94.49,70.95,30.03,0.0,0.0,0.0,0.0,0.0,0.0,0.0,0.0,820.6,0.0
55.6661,233.75,170.61,91.08,87.34,25.41,98.89,74.58,31.79,0.0,0.0,0.0,0.0,0.0,0.0,0.0,0.0,813.45,0.0
55.6761,228.58,166.1,91.08,89.54,27.5,101.2,78.21,31.79,0.0,0.0,0.0,0.0,0.0,0.0,0.0,0.0,814.0,0.0
55.6861,220.88,159.83,88.77,91.74,29.59,105.6,81.84,33.55,0.0,0.0,0.0,0.0,0.0,0.0,0.0,0.0,811.8,0.0
55.6961,216.04,153.56,88.77,93.94,29.59,107.91,87.23,33.55,0.0,0.0,0.0,0.0,0.0,0.0,0.0,0.0,810.59,0.0
55.7061,208.78,149.38,86.35,98.34,33.88,112.42,90.86,35.31,0.0,0.0,0.0,0.0,0.0,0.0,0.0,0.0,815.32,0.0
55.7161,201.52,143.11,86.35,100.54,33.88,116.6,96.36,35.31,0.0,0.0,0.0,0.0,0.0,0.0,0.0,0.0,813.67,0.0
55.7261,194.15,134.75,84.04,102.74,35.97,120.78,101.75,37.07,0.0,0.0,0.0,0.0,0.0,0.0,0.0,0.0,811.25,0.0
55.7361,184.47,130.57,81.73,107.14,38.06,125.07,107.25,38.83,0.0,0.0,0.0,0.0,0.0,0.0,0.0,0.0,813.12,0.0
55.7461,177.21,122.21,79.31,109.34,40.15,131.45,114.51,40.59,0.0,0.0,0.0,0.0,0.0,0.0,0.0,0.0,814.77,0.0
55.7561,169.95,118.03,77.0,113.85,40.15,137.72,120.45,44.11,0.0,0.0,0.0,0.0,0.0,0.0,0.0,0.0,821.26,0.0
55.7661,160.05,109.34,74.58,118.25,42.35,142.01,130.57,45.87,0.0,0.0,0.0,0.0,0.0,0.0,0.0,0.0,823.02,0.0
55.7761,152.68,102.74,72.27,120.56,44.44,148.39,138.6,49.39,0.0,0.0,0.0,0.0,0.0,0.0,0.0,0.0,829.07,0.0
55.7861,142.89,96.14,67.54,122.76,46.53,152.57,146.74,51.15,0.0,0.0,0.0,0.0,0.0,0.0,0.0,0.0,826.32,0.0
55.7961,133.1,87.34,65.12,127.27,48.62,158.95,156.75,52.91,0.0,0.0,0.0,0.0,0.0,0.0,0.0,0.0,830.06,0.0
55.8061,120.78,78.54,60.39,127.27,50.82,163.13,166.87,56.54,0.0,0.0,0.0,0.0,0.0,0.0,0.0,0.0,824.34,0.0
55.8161,106.48,69.74,55.77,127.27,52.91,169.73,179.3,58.52,0.0,0.0,0.0,0.0,0.0,0.0,0.0,0.0,819.72,0.0
55.8261,88.88,58.74,48.4,129.47,55.0,174.13,189.64,60.5,0.0,0.0,0.0,0.0,0.0,0.0,0.0,0.0,804.76,0.0
55.8361,73.37,48.73,41.14,129.47,57.2,178.53,202.07,64.57,0.0,0.0,0.0,0.0,0.0,0.0,0.0,0.0,795.08,0.0
55.8461,55.77,38.94,31.46,124.96,57.2,180.73,216.48,66.55,0.0,0.0,0.0,0.0,0.0,0.0,0.0,0.0,772.09,0.0
55.8561,39.49,29.15,24.2,120.56,59.4,182.93,229.24,68.64,0.0,0.0,0.0,0.0,0.0,0.0,0.0,0.0,753.61,0.0
55.8661,27.83,19.47,16.94,113.85,59.4,185.13,242.44,70.62,0.0,0.0,0.0,0.0,0.0,0.0,0.0,0.0,735.68,0.0
55.8761,18.59,13.64,12.1,107.14,57.2,185.13,251.35,72.6,5.17,0.0,0.0,0.0,0.0,0.0,0.0,0.0,717.75,5.17
55.8861,13.86,9.68,9.68,93.94,55.0,182.93,260.15,74.69,21.01,4.62,0.0,0.0,0.0,0.0,0.0,0.0,699.93,25.63
55.8961,11.55,7.7,4.84,82.83,50.82,180.73,266.75,78.65,109.45,23.43,4.73,0.0,0.0,0.0,0.0,0.0,683.87,137.61
55.9061,6.93,5.83,0.0,67.43,44.44,178.53,268.95,82.72,219.34,51.59,14.3,0.0,0.0,0.0,0.0,0.0,654.83,285.23
55.9161,4.62,3.85,0.0,49.94,35.97,169.73,268.95,88.77,205.48,70.4,28.71,31.02,0.0,0.0,5.06,0.0,621.83,340.67
55.9261,4.62,3.85,0.0,36.19,27.5,158.95,266.75,90.86,207.79,94.05,38.28,45.21,0.0,0.0,7.7,0.0,588.72,393.03
55.9361,0.0,3.85,0.0,22.33,16.94,142.01,260.15,94.82,205.48,103.51,43.12,68.75,0.0,7.04,10.23,0.0,540.1,438.13
55.9461,0.0,0.0,0.0,13.75,10.56,116.6,246.84,94.82,198.55,113.08,45.43,90.75,0.0,30.8,12.76,0.0,482.57,491.37
55.9561,0.0,0.0,0.0,10.34,6.27,85.47,231.44,94.82,193.82,120.56,45.43,100.21,0.0,52.25,15.4,4.18,428.34,531.85
55.9661,0.0,0.0,0.0,8.58,4.18,50.71,204.05,90.86,196.24,128.04,50.27,109.56,0.0,70.18,25.63,10.56,358.38,590.48
55.9761,0.0,0.0,0.0,6.82,4.18,31.24,154.77,80.74,205.48,138.05,55.11,119.02,5.5,78.32,35.97,14.74,277.75,652.19
55.9861,0.0,0.0,0.0,5.17,4.18,21.45,96.36,64.57,219.34,150.59,60.5,125.4,5.5,86.46,43.67,16.94,191.73,708.4
55.9961,0.0,0.0,0.0,5.17,0.0,15.62,50.38,47.63,236.28,163.13,66.0,134.86,8.25,91.96,51.37,19.03,118.8,770.88
56.0061,0.0,0.0,0.0,0.0,0.0,13.64,33.55,33.55,251.13,173.03,71.39,141.13,11.0,97.35,56.54,21.12,80.74,822.69
56.0161,0.0,0.0,0.0,0.0,0.0,7.81,25.96,19.36,260.92,182.71,74.14,150.59,11.0,100.1,59.51,21.12,53.13,860.09
56.0261,0.0,0.0,0.0,0.0,0.0,7.81,18.26,12.32,265.87,187.55,74.14,160.05,11.0,102.74,59.51,23.21,38.39,884.07
56.0361,0.0,0.0,0.0,0.0,0.0,3.85,12.21,5.28,265.87,192.39,74.14,166.43,11.0,105.49,59.51,23.21,21.34,898.04
56.0461,0.0,0.0,0.0,0.0,0.0,3.85,9.13,3.52,265.87,194.81,76.89,176.0,11.0,108.24,59.51,25.41,16.5,917.73
56.0561,0.0,0.0,0.0,0.0,0.0,3.85,9.13,3.52,263.45,197.23,74.14,185.57,11.0,108.24,59.51,25.41,16.5,924.55
56.0661,0.0,0.0,0.0,0.0,0.0,0.0,7.59,3.52,258.5,197.23,74.14,191.95,11.0,110.99,62.48,25.41,11.11,931.7
56.0761,0.0,0.0,0.0,0.0,0.0,0.0,6.05,0.0,251.13,197.23,74.14,198.44,13.75,116.38,65.45,27.5,6.05,944.02
56.0861,0.0,0.0,0.0,0.0,0.0,0.0,6.05,0.0,243.76,192.39,71.39,204.82,13.75,119.13,68.42,27.5,6.05,941.16
56.0961,0.0,0.0,0.0,0.0,0.0,0.0,4.51,0.0,236.28,189.97,71.39,208.01,13.75,121.88,71.39,29.59,4.51,942.26
56.1061,0.0,0.0,0.0,0.0,0.0,0.0,2.97,0.0,228.91,185.13,71.39,211.2,16.5,124.52,74.36,29.59,2.97,941.6
56.1161,0.0,0.0,0.0,0.0,0.0,0.0,2.97,0.0,219.34,177.87,68.75,214.39,16.5,127.27,80.3,31.79,2.97,936.21
56.1261,0.0,0.0,0.0,0.0,0.0,0.0,0.0,0.0,210.1,170.61,68.75,214.39,16.5,130.02,83.27,31.79,0.0,925.43
56.1361,0.0,0.0,0.0,0.0,0.0,0.0,0.0,0.0,200.86,163.13,66.0,214.39,19.25,132.77,89.32,33.88,0.0,919.6
56.1461,0.0,0.0,0.0,0.0,0.0,0.0,0.0,0.0,193.82,158.07,66.0,214.39,19.25,135.41,92.29,33.88,0.0,913.11
56.1561,0.0,0.0,0.0,0.0,0.0,0.0,0.0,0.0,184.58,150.59,66.0,214.39,19.25,138.16,95.26,33.88,0.0,902.11
56.1661,0.0,0.0,0.0,0.0,0.0,0.0,0.0,0.0,177.65,145.64,66.0,214.39,22.0,143.66,98.23,33.88,0.0,901.45
56.1761,0.0,0.0,0.0,0.0,0.0,0.0,0.0,0.0,173.03,138.05,66.0,211.2,19.25,146.3,98.23,35.97,0.0,888.03
56.1861,0.0,0.0,0.0,0.0,0.0,0.0,0.0,0.0,168.41,133.1,66.0,211.2,22.0,149.05,104.17,35.97,0.0,889.9
56.1961,0.0,0.0,0.0,0.0,0.0,0.0,0.0,0.0,163.9,128.04,66.0,211.2,22.0,151.8,107.14,38.06,0.0,888.14
56.2061,0.0,0.0,0.0,0.0,0.0,0.0,0.0,0.0,159.72,123.09,66.0,211.2,22.0,157.19,110.22,38.06,0.0,887.48
56.2161,0.0,0.0,0.0,0.0,0.0,0.0,0.0,0.0,155.43,120.56,66.0,214.39,22.0,162.69,113.08,40.26,0.0,894.41
56.2261,0.0,0.0,0.0,0.0,0.0,0.0,0.0,0.0,149.16,115.5,66.0,217.58,24.75,168.19,118.91,40.26,0.0,900.35
56.2361,0.0,0.0,0.0,0.0,0.0,0.0,0.0,0.0,142.78,110.66,63.25,224.07,24.75,173.47,121.77,42.35,0.0,903.1
56.2461,0.0,0.0,0.0,0.0,0.0,0.0,0.0,0.0,134.31,105.93,63.25,229.79,24.75,178.86,127.6,44.44,0.0,908.93
56.2561,0.0,0.0,0.0,0.0,0.0,0.0,0.0,0.0,123.75,98.78,57.75,232.76,27.5,187.0,133.32,46.53,0.0,907.39
56.2661,0.0,0.0,0.0,0.0,0.0,0.0,0.0,0.0,115.28,94.05,57.75,238.59,30.25,195.03,144.98,50.82,0.0,926.75
56.2761,0.0,0.0,0.0,0.0,0.0,0.0,0.0,0.0,105.71,87.01,55.11,241.45,30.25,203.06,150.81,52.91,0.0,926.31
56.2861,0.0,0.0,0.0,0.0,0.0,0.0,0.0,0.0,98.01,82.28,52.69,244.42,33.0,208.45,159.5,57.53,0.0,935.88
56.2961,0.0,0.0,0.0,0.0,0.0,0.0,0.0,0.0,90.42,75.13,50.27,247.28,33.0,216.59,168.3,62.37,0.0,943.36
56.3061,0.0,0.0,0.0,0.0,0.0,0.0,0.0,0.0,82.72,68.09,45.43,250.14,35.75,221.98,177.21,64.9,0.0,946.22
56.3161,0.0,0.0,0.0,0.0,0.0,0.0,0.0,0.0,73.15,63.36,43.12,250.14,35.75,230.34,186.12,69.74,0.0,951.72
56.3261,0.0,0.0,0.0,0.0,0.0,0.0,0.0,0.0,61.71,56.21,40.7,253.11,38.5,235.95,198.11,74.69,0.0,958.98
56.3361,0.0,0.0,0.0,0.0,0.0,0.0,0.0,0.0,50.93,49.17,35.86,250.14,38.5,238.7,207.02,79.53,0.0,949.85
56.3461,0.0,0.0,0.0,0.0,0.0,0.0,0.0,0.0,38.61,39.82,31.13,247.28,38.5,244.31,218.9,81.95,0.0,940.5
56.3561,0.0,0.0,0.0,0.0,0.0,0.0,0.0,0.0,28.05,30.47,21.56,238.59,38.5,247.06,227.59,84.48,0.0,916.3
56.3661,0.0,0.0,0.0,0.0,0.0,0.0,0.0,0.0,19.25,21.01,14.3,229.79,38.5,249.92,238.92,89.32,0.0,901.01
56.3761,6.93,0.0,0.0,0.0,0.0,0.0,0.0,0.0,13.97,13.97,11.88,217.58,38.5,249.92,247.39,91.74,6.93,884.95
56.3861,16.17,0.0,0.0,0.0,0.0,0.0,0.0,0.0,12.21,11.66,9.57,201.63,35.75,249.92,253.0,94.27,16.17,868.01
56.3961,60.17,7.7,0.0,0.0,0.0,0.0,0.0,0.0,8.69,6.93,4.73,185.57,33.0,249.92,258.72,99.11,67.87,846.67
56.4061,199.1,40.92,7.26,0.0,0.0,0.0,0.0,0.0,6.93,6.93,0.0,166.43,30.25,247.06,261.47,104.06,247.28,823.13
56.4161,231.11,65.34,21.78,3.41,0.0,0.0,0.0,0.0,6.93,4.62,0.0,141.13,24.75,244.31,264.33,111.32,321.64,797.39
56.4261,223.41,89.54,33.88,17.16,0.0,3.85,0.0,0.0,5.17,4.62,0.0,109.56,19.25,233.09,264.33,120.45,367.84,756.47
56.436,223.41,115.94,45.98,24.09,0.0,5.83,0.0,0.0,5.17,0.0,0.0,78.21,11.0,216.59,264.33,129.47,415.25,704.77
56.446,220.88,130.57,48.4,31.02,0.0,9.68,2.97,7.04,3.41,0.0,0.0,48.07,8.25,189.64,258.72,138.38,450.56,646.47
56.456,223.41,145.2,53.24,36.19,0.0,17.49,4.51,8.8,0.0,0.0,0.0,28.27,5.5,149.05,255.86,145.09,488.84,583.77
56.466,223.41,151.47,55.77,41.36,0.0,25.3,10.67,12.32,0.0,0.0,0.0,19.8,5.5,94.6,241.67,145.09,520.3,506.66
56.476,228.58,164.01,60.39,46.53,0.0,35.09,19.8,12.32,0.0,0.0,0.0,16.94,8.25,52.25,201.08,136.18,566.72,414.7
56.486,241.45,177.43,67.54,51.7,0.0,41.03,30.47,14.08,0.0,0.0,0.0,14.08,8.25,33.22,142.12,122.76,623.7,320.43
56.496,257.07,190.96,74.58,53.35,0.0,46.86,39.71,15.84,0.0,0.0,0.0,11.22,5.5,26.07,92.29,104.06,678.37,239.14
56.506,272.58,204.6,81.73,55.11,0.0,50.71,47.3,17.6,0.0,0.0,0.0,8.47,5.5,21.34,56.54,84.48,729.63,176.33
56.516,285.45,213.73,88.77,58.63,0.0,54.67,50.38,19.36,0.0,0.0,0.0,5.61,0.0,16.61,38.5,55.11,770.99,115.83
56.526,290.62,220.55,91.08,65.23,0.0,58.63,53.46,19.36,0.0,0.0,0.0,0.0,0.0,11.88,28.27,27.5,798.93,67.65
56.536,290.62,224.95,91.08,69.63,4.18,65.34,56.54,19.36,0.0,0.0,0.0,0.0,0.0,9.46,20.46,8.47,821.7,38.39
56.546,285.45,224.95,91.08,76.23,0.0,69.74,60.06,21.12,0.0,0.0,0.0,0.0,0.0,4.73,15.4,4.18,828.63,24.31
56.556,280.39,224.95,91.08,82.83,4.18,76.56,63.69,21.12,0.0,0.0,0.0,0.0,0.0,4.73,15.4,0.0,844.8,20.13
56.566,272.58,222.75,88.77,89.54,4.18,80.96,67.32,21.12,0.0,0.0,0.0,0.0,0.0,4.73,12.76,0.0,847.22,17.49
56.576,264.88,218.24,88.77,93.94,4.18,85.47,70.95,22.88,0.0,0.0,0.0,0.0,0.0,4.73,12.76,0.0,849.31,17.49
56.586,257.07,211.42,86.35,96.14,4.18,89.98,74.58,22.88,0.0,0.0,0.0,0.0,0.0,4.73,12.76,0.0,842.6,17.49
56.596,246.73,204.6,84.04,100.54,6.27,94.49,78.21,24.64,0.0,0.0,0.0,0.0,0.0,0.0,10.23,0.0,839.52,10.23
56.606,238.92,197.78,81.73,102.74,6.27,96.69,83.71,24.64,0.0,0.0,0.0,0.0,0.0,0.0,10.23,0.0,832.48,10.23
56.616,231.11,186.45,81.73,102.74,6.27,98.89,87.23,24.64,0.0,0.0,0.0,0.0,0.0,0.0,10.23,0.0,819.06,10.23
56.626,223.41,177.43,79.31,100.54,6.27,101.2,92.73,24.64,0.0,0.0,0.0,0.0,0.0,0.0,7.7,0.0,805.53,7.7
56.636,218.46,168.3,77.0,98.34,6.27,101.2,98.12,24.64,0.0,0.0,0.0,0.0,0.0,0.0,7.7,0.0,792.33,7.7
56.646,211.2,157.74,77.0,96.14,8.47,103.4,101.75,24.64,0.0,0.0,0.0,0.0,0.0,0.0,7.7,0.0,780.34,7.7
56.656,206.36,151.47,77.0,93.94,8.47,103.4,105.38,24.64,0.0,0.0,0.0,0.0,0.0,0.0,7.7,0.0,770.66,7.7
56.666,201.52,143.11,74.58,91.74,8.47,103.4,109.01,24.64,0.0,0.0,0.0,0.0,0.0,0.0,7.7,0.0,756.47,7.7
56.676,196.68,136.84,72.27,91.74,8.47,105.6,110.88,24.64,0.0,0.0,0.0,0.0,0.0,0.0,7.7,0.0,747.12,7.7
56.686,191.73,130.57,69.85,89.54,8.47,105.6,112.64,24.64,0.0,0.0,0.0,0.0,0.0,0.0,5.06,0.0,733.04,5.06
56.696,186.89,124.3,69.85,89.54,10.56,105.6,114.51,24.64,0.0,0.0,0.0,0.0,0.0,0.0,5.06,0.0,725.89,5.06
56.706,182.05,118.03,67.54,89.54,10.56,107.91,118.47,24.64,0.0,0.0,0.0,0.0,0.0,0.0,5.06,0.0,718.74,5.06
56.716,177.21,111.54,67.54,89.54,10.56,110.11,120.45,24.64,0.0,0.0,0.0,0.0,0.0,0.0,0.0,0.0,711.59,0.0
56.726,169.95,107.14,65.12,91.74,10.56,112.42,124.52,24.64,0.0,0.0,0.0,0.0,0.0,0.0,0.0,0.0,706.09,0.0
56.736,162.58,102.74,62.81,93.94,10.56,116.6,128.59,26.4,0.0,0.0,0.0,0.0,0.0,0.0,0.0,0.0,704.22,0.0
56.746,157.63,96.14,62.81,96.14,10.56,120.78,134.64,26.4,0.0,0.0,0.0,0.0,0.0,0.0,0.0,0.0,705.1,0.0
56.756,150.26,91.74,60.39,98.34,12.65,125.07,138.6,26.4,0.0,0.0,0.0,0.0,0.0,0.0,0.0,0.0,703.45,0.0
56.766,142.89,87.34,58.08,100.54,12.65,129.25,144.65,28.27,0.0,0.0,0.0,0.0,0.0,0.0,0.0,0.0,703.67,0.0
56.776,137.94,82.94,55.77,102.74,12.65,133.54,152.79,28.27,0.0,0.0,0.0,0.0,0.0,0.0,0.0,0.0,706.64,0.0
56.786,130.57,76.34,55.77,104.94,14.74,139.92,160.82,28.27,0.0,0.0,0.0,0.0,0.0,0.0,0.0,0.0,711.37,0.0
56.796,125.73,71.94,55.77,109.34,14.74,146.19,168.96,30.03,0.0,0.0,0.0,0.0,0.0,0.0,0.0,0.0,722.7,0.0
56.806,118.36,67.54,53.24,111.54,14.74,150.48,177.21,30.03,0.0,0.0,0.0,0.0,0.0,0.0,0.0,0.0,723.14,0.0
56.816,110.99,60.94,50.82,113.85,16.94,156.86,185.46,31.79,0.0,0.0,0.0,0.0,0.0,0.0,0.0,0.0,727.65,0.0
56.826,97.68,54.56,45.98,116.05,19.03,161.04,195.8,31.79,0.0,0.0,0.0,0.0,0.0,0.0,0.0,0.0,721.93,0.0
56.836,86.68,48.73,41.14,118.25,19.03,167.53,206.14,33.55,0.0,0.0,0.0,0.0,0.0,0.0,0.0,0.0,721.05,0.0
56.846,71.17,42.79,36.3,118.25,21.12,169.73,218.57,33.55,0.0,0.0,0.0,0.0,0.0,0.0,0.0,0.0,711.48,0.0
56.856,60.17,36.96,29.04,118.25,21.12,174.13,231.44,35.31,0.0,0.0,0.0,0.0,0.0,0.0,0.0,0.0,706.42,0.0
56.866,44.11,29.15,21.78,116.05,23.21,174.13,244.64,38.83,0.0,0.0,0.0,0.0,0.0,0.0,0.0,0.0,691.9,0.0
56.876,30.14,21.34,14.52,111.54,23.21,176.33,257.95,40.59,0.0,0.0,0.0,0.0,0.0,0.0,5.06,0.0,675.62,5.06
56.886,20.9,13.64,12.1,102.74,21.12,176.33,268.95,44.11,0.0,0.0,0.0,0.0,0.0,0.0,0.0,0.0,659.89,0.0
56.896,13.86,9.68,7.26,93.94,19.03,176.33,277.86,45.87,17.49,0.0,0.0,0.0,0.0,0.0,0.0,0.0,643.83,17.49
56.906,11.55,7.7,4.84,85.03,16.94,176.33,282.37,49.39,103.73,18.7,0.0,0.0,0.0,0.0,5.06,0.0,634.15,127.49
56.916,6.93,5.83,0.0,71.83,12.65,174.13,284.68,52.91,203.17,46.86,9.57,5.61,0.0,0.0,10.23,0.0,608.96,275.44
56.926,6.93,5.83,0.0,53.35,8.47,169.73,282.37,56.54,186.89,70.4,23.87,36.74,0.0,0.0,12.76,0.0,583.22,330.66
56.936,4.62,3.85,0.0,41.36,6.27,161.04,275.66,60.5,198.55,96.47,35.86,75.02,0.0,35.64,17.93,4.18,553.3,463.65
56.946,0.0,3.85,0.0,27.5,0.0,150.48,264.55,62.59,210.1,110.66,45.43,90.75,0.0,56.98,23.1,8.47,508.97,545.49
56.956,0.0,3.85,0.0,17.16,0.0,131.45,249.04,66.55,205.48,113.08,43.12,97.02,0.0,62.04,25.63,10.56,468.05,556.93
56.966,0.0,0.0,0.0,11.99,0.0,107.91,224.84,66.55,184.58,110.66,40.7,103.29,0.0,70.18,30.8,12.65,411.29,552.86
56.976,0.0,0.0,0.0,10.34,0.0,85.47,195.8,68.64,177.65,115.5,40.7,112.75,0.0,81.07,35.97,14.74,360.25,578.38
56.986,0.0,0.0,0.0,10.34,0.0,63.03,158.84,64.57,177.65,120.56,43.12,119.02,5.5,86.46,41.03,16.94,296.78,610.28
56.996,0.0,0.0,0.0,8.58,0.0,42.9,122.54,56.54,179.96,128.04,43.12,131.67,5.5,94.6,46.2,21.12,230.56,650.21
57.006,0.0,0.0,0.0,6.82,0.0,27.28,80.08,44.11,186.89,135.52,47.85,141.13,8.25,102.74,53.9,23.21,158.29,699.49
57.016,0.0,0.0,0.0,5.17,0.0,17.49,45.76,33.55,193.82,143.11,50.27,153.78,8.25,110.99,62.48,25.41,101.97,748.11
57.026,0.0,0.0,0.0,3.41,0.0,13.64,28.93,22.88,200.86,150.59,55.11,166.43,11.0,119.13,68.42,27.5,68.86,799.04
57.036,0.0,0.0,0.0,0.0,0.0,9.68,21.34,12.32,203.17,158.07,55.11,179.19,11.0,127.27,71.39,29.59,43.34,834.79
57.046,0.0,0.0,0.0,0.0,0.0,7.81,16.72,5.28,200.86,163.13,55.11,195.14,11.0,132.77,71.39,31.79,29.81,861.19
57.056,0.0,0.0,0.0,0.0,0.0,5.83,10.67,3.52,196.24,168.19,55.11,211.2,13.75,140.91,71.39,31.79,20.02,888.58
57.066,0.0,0.0,0.0,0.0,0.0,3.85,10.67,3.52,193.82,170.61,55.11,226.93,13.75,143.66,74.36,33.88,18.04,912.12
57.076,0.0,0.0,0.0,0.0,0.0,3.85,9.13,0.0,189.2,170.61,52.69,238.59,13.75,149.05,74.36,35.97,12.98,924.22
57.086,0.0,0.0,0.0,0.0,0.0,0.0,7.59,0.0,184.58,170.61,52.69,247.28,16.5,154.55,80.3,38.06,7.59,944.57
57.096,0.0,0.0,0.0,0.0,0.0,0.0,6.05,0.0,179.96,165.66,55.11,255.97,16.5,159.94,83.27,38.06,6.05,954.47
57.106,0.0,0.0,0.0,0.0,0.0,0.0,4.51,0.0,170.72,160.6,52.69,261.8,16.5,162.69,86.35,38.06,4.51,949.41
57.116,0.0,0.0,0.0,0.0,0.0,0.0,2.97,0.0,161.81,155.65,50.27,267.63,16.5,168.19,86.35,40.26,2.97,946.66
57.126,0.0,0.0,0.0,0.0,0.0,0.0,2.97,0.0,153.34,148.06,47.85,273.46,19.25,170.83,89.32,40.26,2.97,942.37
57.136,0.0,0.0,0.0,0.0,0.0,0.0,0.0,0.0,144.87,140.58,47.85,276.43,19.25,173.47,92.29,42.35,0.0,937.09
57.146,0.0,0.0,0.0,0.0,0.0,0.0,0.0,0.0,134.31,133.1,45.43,279.51,19.25,176.22,92.29,42.35,0.0,922.46
57.156,0.0,0.0,0.0,0.0,0.0,0.0,0.0,0.0,125.84,125.51,43.12,282.7,19.25,178.86,92.29,42.35,0.0,909.92
57.166,0.0,0.0,0.0,0.0,0.0,0.0,0.0,0.0,119.46,118.03,40.7,282.7,19.25,181.61,95.26,42.35,0.0,899.36
57.176,0.0,0.0,0.0,0.0,0.0,0.0,0.0,0.0,113.3,113.08,40.7,285.89,19.25,184.25,98.23,44.44,0.0,899.14
57.186,0.0,0.0,0.0,0.0,0.0,0.0,0.0,0.0,107.58,108.24,40.7,285.89,19.25,187.0,101.2,44.44,0.0,894.3
57.196,0.0,0.0,0.0,0.0,0.0,0.0,0.0,0.0,103.73,101.2,38.28,282.7,22.0,192.39,104.17,46.53,0.0,891.0
57.206,0.0,0.0,0.0,0.0,0.0,0.0,0.0,0.0,98.01,96.47,38.28,282.7,22.0,195.03,107.14,48.73,0.0,888.36
57.216,0.0,0.0,0.0,0.0,0.0,0.0,0.0,0.0,94.16,89.32,35.86,285.89,22.0,200.42,113.08,48.73,0.0,889.46
57.226,0.0,0.0,0.0,0.0,0.0,0.0,0.0,0.0,88.44,87.01,35.86,285.89,22.0,203.06,115.94,50.82,0.0,889.02
57.236,0.0,0.0,0.0,0.0,0.0,0.0,0.0,0.0,84.7,82.28,35.86,285.89,22.0,208.45,118.91,52.91,0.0,891.0
57.246,0.0,0.0,0.0,0.0,0.0,0.0,0.0,0.0,80.85,77.55,35.86,288.97,24.75,211.2,121.77,55.11,0.0,896.06
57.256,0.0,0.0,0.0,0.0,0.0,0.0,0.0,0.0,77.0,75.13,33.44,288.97,24.75,216.59,127.6,59.95,0.0,903.43
57.266,0.0,0.0,0.0,0.0,0.0,0.0,0.0,0.0,73.15,70.4,33.44,288.97,24.75,221.98,130.46,62.37,0.0,905.52
57.276,0.0,0.0,0.0,0.0,0.0,0.0,0.0,0.0,69.41,65.67,33.44,292.16,24.75,227.48,136.29,64.9,0.0,914.1
57.286,0.0,0.0,0.0,0.0,0.0,0.0,0.0,0.0,61.71,60.94,31.13,295.35,24.75,233.09,142.12,67.32,0.0,916.41
57.296,0.0,0.0,0.0,0.0,0.0,0.0,0.0,0.0,54.45,53.9,28.71,298.43,27.5,238.7,147.84,72.16,0.0,921.69
57.306,0.0,0.0,0.0,0.0,0.0,0.0,0.0,0.0,47.41,51.59,26.29,301.62,27.5,244.31,156.53,74.69,0.0,929.94
57.316,0.0,0.0,0.0,0.0,0.0,0.0,0.0,0.0,42.13,46.86,23.87,304.81,27.5,249.92,165.33,79.53,0.0,939.95
57.326,0.0,0.0,0.0,0.0,0.0,0.0,0.0,0.0,35.09,42.13,19.14,304.81,30.25,255.42,174.24,84.48,0.0,945.56
57.336,0.0,0.0,0.0,0.0,0.0,0.0,0.0,0.0,26.29,37.51,16.72,301.62,30.25,258.28,183.15,89.32,0.0,943.14
57.346,0.0,0.0,0.0,0.0,0.0,0.0,0.0,0.0,21.01,28.05,14.3,298.43,30.25,263.89,189.09,91.74,0.0,936.76
57.356,0.0,0.0,0.0,0.0,0.0,0.0,0.0,0.0,17.49,21.01,11.88,292.16,30.25,266.64,198.11,96.69,0.0,934.23
57.366,0.0,0.0,0.0,0.0,0.0,0.0,0.0,0.0,13.97,16.39,9.57,285.89,30.25,269.39,204.05,99.11,0.0,928.62
57.376,0.0,0.0,0.0,0.0,0.0,0.0,0.0,0.0,10.45,13.97,7.15,270.6,30.25,269.39,209.99,101.53,0.0,913.33
57.386,0.0,0.0,0.0,0.0,0.0,0.0,0.0,0.0,8.69,9.35,7.15,255.97,27.5,269.39,215.93,104.06,0.0,898.04
57.396,4.62,0.0,0.0,0.0,0.0,0.0,0.0,0.0,6.93,6.93,4.73,238.59,24.75,269.39,218.9,106.48,4.62,876.7
57.406,9.24,3.85,0.0,0.0,0.0,0.0,0.0,0.0,6.93,6.93,0.0,217.58,22.0,269.39,218.9,108.9,13.09,850.63
57.416,23.21,5.83,0.0,0.0,0.0,0.0,0.0,0.0,5.17,4.62,0.0,198.44,19.25,266.64,218.9,111.32,29.04,824.34
57.426,77.77,23.32,0.0,0.0,0.0,0.0,0.0,0.0,5.17,4.62,0.0,172.81,13.75,263.89,218.9,116.05,101.09,795.19
57.436,196.68,67.54,19.36,5.17,0.0,0.0,0.0,0.0,5.17,4.62,0.0,150.59,11.0,261.03,218.9,118.25,288.75,769.56
57.446,208.78,93.94,36.3,24.09,0.0,7.81,2.97,0.0,3.41,0.0,0.0,122.21,8.25,249.92,215.93,122.76,373.89,722.48
57.456,211.2,118.03,50.82,37.84,0.0,19.47,2.97,5.28,0.0,0.0,0.0,87.56,5.5,233.09,212.96,124.96,445.61,664.07
57.466,218.46,132.66,60.39,43.01,0.0,35.09,9.13,12.32,0.0,0.0,0.0,56.54,0.0,205.81,209.99,129.47,511.06,601.81
57.476,220.88,143.11,65.12,49.94,0.0,46.86,16.72,15.84,0.0,0.0,0.0,33.88,0.0,170.83,207.02,131.67,558.47,543.4
57.486,220.88,149.38,69.85,55.11,6.27,58.63,27.5,17.6,0.0,0.0,0.0,22.55,5.5,113.63,192.06,129.47,605.22,463.21
57.496,223.41,157.74,77.0,58.63,8.47,72.05,41.25,22.88,0.0,0.0,0.0,19.8,8.25,64.79,162.36,120.45,661.43,375.65
57.506,228.58,166.1,84.04,60.83,12.65,78.76,48.84,26.4,0.0,0.0,0.0,16.94,8.25,42.68,121.77,104.06,706.2,293.7
57.516,241.45,175.12,91.08,65.23,16.94,87.67,60.06,30.03,0.0,0.0,0.0,14.08,5.5,28.49,74.36,91.74,767.58,214.17
57.526,254.43,184.25,102.96,67.43,21.12,94.49,70.95,31.79,0.0,0.0,0.0,11.22,5.5,21.34,46.2,67.32,827.42,151.58
57.536,262.24,190.96,112.42,69.63,23.21,101.2,81.84,37.07,0.0,0.0,0.0,8.47,0.0,14.19,33.33,40.26,878.57,96.25
57.546,264.88,190.96,114.84,74.03,25.41,105.6,89.1,38.83,0.0,0.0,0.0,5.61,0.0,11.88,23.1,21.12,903.65,61.71
57.556,262.24,188.76,117.37,78.43,27.5,110.11,94.49,42.35,0.0,0.0,0.0,5.61,0.0,9.46,17.93,6.27,921.25,39.27
57.566,251.9,184.25,114.84,82.83,29.59,116.6,99.99,44.11,0.0,0.0,0.0,0.0,0.0,4.73,15.4,4.18,924.11,24.31
57.576,244.09,177.43,112.42,87.34,31.68,120.78,107.25,47.63,0.0,0.0,0.0,0.0,0.0,4.73,12.76,0.0,928.62,17.49
57.586,231.11,168.3,107.69,89.54,33.88,127.16,114.51,49.39,0.0,0.0,0.0,0.0,0.0,4.73,10.23,0.0,921.58,14.96
57.596,218.46,157.74,105.27,91.74,33.88,131.45,124.52,52.91,0.0,0.0,0.0,0.0,0.0,0.0,10.23,0.0,915.97,10.23
57.606,208.78,149.38,102.96,93.94,38.06,135.63,132.55,54.67,0.0,0.0,0.0,0.0,0.0,0.0,7.7,0.0,915.97,7.7
57.616,199.1,138.93,98.23,93.94,40.15,137.72,140.69,56.54,0.0,0.0,0.0,0.0,0.0,0.0,7.7,0.0,905.3,7.7
57.626,189.31,130.57,93.5,93.94,42.35,142.01,146.74,58.52,0.0,0.0,0.0,0.0,0.0,0.0,5.06,0.0,896.94,5.06
57.636,177.21,122.21,88.77,96.14,42.35,144.1,152.79,60.5,0.0,0.0,0.0,0.0,0.0,0.0,5.06,0.0,884.07,5.06
57.646,165.0,111.54,81.73,96.14,44.44,146.19,158.84,60.5,0.0,0.0,0.0,0.0,0.0,0.0,5.06,0.0,864.38,5.06
57.656,150.26,102.74,74.58,98.34,44.44,148.39,162.8,62.59,0.0,0.0,0.0,0.0,0.0,0.0,0.0,0.0,844.14,0.0
57.666,137.94,91.74,67.54,100.54,46.53,150.48,166.87,62.59,0.0,0.0,0.0,0.0,0.0,0.0,0.0,0.0,824.23,0.0
57.676,125.73,82.94,60.39,100.54,46.53,152.57,168.96,64.57,0.0,0.0,0.0,0.0,0.0,0.0,0.0,0.0,802.23,0.0
57.686,113.41,74.14,55.77,104.94,46.53,156.86,170.94,64.57,0.0,0.0,0.0,0.0,0.0,0.0,0.0,0.0,787.16,0.0
57.696,104.28,67.54,50.82,107.14,46.53,158.95,173.03,66.55,0.0,0.0,0.0,0.0,0.0,0.0,0.0,0.0,774.84,0.0
57.706,95.48,60.94,45.98,109.34,46.53,161.04,173.03,66.55,0.0,0.0,0.0,0.0,0.0,0.0,0.0,0.0,758.89,0.0
57.716,86.68,54.56,41.14,113.85,46.53,163.13,173.03,66.55,0.0,0.0,0.0,0.0,0.0,0.0,0.0,0.0,745.47,0.0
57.726,77.77,50.6,36.3,116.05,46.53,165.33,173.03,66.55,0.0,0.0,0.0,0.0,0.0,0.0,0.0,0.0,732.16,0.0
57.736,71.17,44.77,31.46,118.25,46.53,167.53,173.03,66.55,0.0,0.0,0.0,0.0,0.0,0.0,0.0,0.0,719.29,0.0
57.746,64.57,42.79,29.04,122.76,44.44,171.93,173.03,66.55,0.0,0.0,0.0,0.0,0.0,0.0,0.0,0.0,715.11,0.0
57.756,57.97,38.94,24.2,124.96,44.44,174.13,173.03,66.55,0.0,0.0,0.0,0.0,0.0,0.0,0.0,0.0,704.22,0.0
57.766,51.04,35.09,21.78,129.47,44.44,176.33,173.03,68.64,0.0,0.0,0.0,0.0,0.0,0.0,0.0,0.0,699.82,0.0
57.776,41.8,29.15,16.94,133.98,44.44,178.53,173.03,68.64,0.0,0.0,0.0,0.0,0.0,0.0,0.0,0.0,686.51,0.0
57.786,34.76,27.28,14.52,136.18,42.35,180.73,175.12,68.64,0.0,0.0,0.0,0.0,0.0,0.0,0.0,0.0,679.58,0.0
57.796,27.83,23.32,12.1,138.38,42.35,185.13,175.12,68.64,0.0,0.0,0.0,0.0,0.0,0.0,0.0,0.0,672.87,0.0
57.806,23.21,19.47,12.1,140.69,42.35,187.33,179.3,68.64,0.0,0.0,0.0,0.0,0.0,0.0,0.0,0.0,673.09,0.0
57.816,20.9,17.49,9.68,142.89,42.35,187.33,183.37,68.64,0.0,0.0,0.0,0.0,0.0,0.0,0.0,0.0,672.65,0.0
57.826,18.59,15.51,9.68,142.89,44.44,189.53,187.55,70.62,0.0,0.0,0.0,0.0,0.0,0.0,0.0,0.0,678.81,0.0
57.836,16.17,13.64,9.68,142.89,44.44,191.73,193.71,70.62,0.0,0.0,0.0,0.0,0.0,0.0,0.0,0.0,682.88,0.0
57.846,13.86,11.66,7.26,140.69,42.35,194.04,197.89,70.62,0.0,0.0,0.0,0.0,0.0,0.0,0.0,0.0,678.37,0.0
57.856,11.55,9.68,7.26,138.38,44.44,194.04,204.05,72.6,0.0,0.0,0.0,0.0,0.0,0.0,0.0,0.0,682.0,0.0
57.8659,11.55,7.7,4.84,136.18,42.35,196.24,208.23,72.6,0.0,0.0,0.0,0.0,0.0,0.0,0.0,0.0,679.69,0.0
57.8759,9.24,7.7,4.84,129.47,42.35,196.24,214.39,72.6,0.0,0.0,0.0,0.0,0.0,0.0,0.0,0.0,676.83,0.0
57.8859,6.93,5.83,4.84,124.96,42.35,196.24,220.66,74.69,0.0,0.0,0.0,0.0,0.0,0.0,0.0,0.0,676.5,0.0
57.8959,6.93,5.83,0.0,116.05,40.15,196.24,224.84,74.69,0.0,0.0,0.0,0.0,0.0,0.0,0.0,0.0,664.73,0.0
57.9059,4.62,3.85,0.0,107.14,38.06,196.24,229.24,76.67,0.0,0.0,0.0,0.0,0.0,0.0,0.0,0.0,655.82,0.0
57.9159,4.62,3.85,0.0,98.34,35.97,196.24,233.64,80.74,6.93,0.0,0.0,0.0,0.0,0.0,0.0,0.0,653.4,6.93
57.9259,0.0,3.85,0.0,87.34,31.68,194.04,235.84,82.72,36.85,0.0,0.0,0.0,0.0,0.0,0.0,0.0,635.47,36.85
57.9359,0.0,3.85,0.0,76.23,27.5,191.73,238.04,86.79,163.9,21.01,4.73,0.0,0.0,0.0,0.0,0.0,624.14,189.64
57.9459,0.0,0.0,0.0,63.03,23.21,185.13,238.04,90.86,191.51,42.13,11.88,0.0,0.0,0.0,0.0,0.0,600.27,245.52
57.9559,0.0,0.0,0.0,49.94,19.03,174.13,235.84,92.84,184.58,63.36,28.71,22.55,0.0,0.0,5.06,0.0,571.78,304.26
57.9659,0.0,0.0,0.0,37.84,14.74,161.04,233.64,96.91,193.82,87.01,43.12,48.07,0.0,0.0,7.7,0.0,544.17,379.72
57.9759,0.0,0.0,0.0,27.5,10.56,142.01,229.24,100.87,207.79,105.93,52.69,78.21,0.0,18.92,12.76,0.0,510.18,476.3
57.9859,0.0,0.0,0.0,18.92,6.27,118.69,222.75,100.87,207.79,113.08,55.11,93.94,0.0,37.95,15.4,0.0,467.5,523.27
57.9959,0.0,0.0,0.0,15.51,4.18,89.98,210.32,100.87,196.24,115.5,55.11,100.21,0.0,54.56,20.46,6.27,420.86,548.35
58.0059,0.0,0.0,0.0,11.99,6.27,56.65,183.37,94.82,191.51,118.03,57.75,106.48,5.5,64.79,30.8,8.47,353.1,583.33
58.0159,0.0,0.0,0.0,10.34,6.27,35.09,142.67,86.79,196.24,125.51,60.5,112.75,5.5,75.68,41.03,12.65,281.16,629.86
58.0259,0.0,0.0,0.0,8.58,4.18,25.3,94.49,72.6,205.48,135.52,66.0,119.02,8.25,83.82,48.73,16.94,205.15,683.76
58.0359,0.0,0.0,0.0,6.82,4.18,19.47,51.92,54.67,219.34,145.64,74.14,125.4,8.25,91.96,56.54,19.03,137.06,740.3
58.0459,0.0,0.0,0.0,3.41,0.0,15.62,38.17,42.35,231.44,155.65,82.39,131.67,11.0,100.1,65.45,23.21,99.55,800.91
58.0559,0.0,0.0,0.0,0.0,0.0,13.64,28.93,28.27,241.23,163.13,87.78,141.13,13.75,105.49,74.36,25.41,70.84,852.28
58.0659,0.0,0.0,0.0,0.0,0.0,9.68,22.88,19.36,248.6,168.19,93.28,147.51,16.5,113.63,80.3,27.5,51.92,895.51
58.0759,0.0,0.0,0.0,0.0,0.0,7.81,18.26,12.32,248.6,170.61,96.03,153.78,16.5,119.13,89.32,29.59,38.39,923.56
58.0859,0.0,0.0,0.0,0.0,0.0,5.83,13.75,5.28,246.18,173.03,96.03,160.05,19.25,124.52,95.26,31.79,24.86,946.11
58.0959,0.0,0.0,0.0,0.0,0.0,5.83,10.67,3.52,241.23,173.03,96.03,166.43,19.25,132.77,101.2,31.79,20.02,961.73
58.1059,0.0,0.0,0.0,0.0,0.0,3.85,9.13,3.52,236.28,173.03,96.03,172.81,22.0,138.16,107.14,33.88,16.5,979.33
58.1159,0.0,0.0,0.0,0.0,0.0,3.85,9.13,0.0,231.44,170.61,96.03,176.0,22.0,143.66,113.08,35.97,12.98,988.79
58.1259,0.0,0.0,0.0,0.0,0.0,0.0,7.59,0.0,224.07,165.66,96.03,179.19,24.75,146.3,118.91,38.06,7.59,992.97
58.1359,0.0,0.0,0.0,0.0,0.0,0.0,6.05,0.0,217.03,160.6,96.03,182.38,24.75,151.8,124.63,38.06,6.05,995.28
58.1459,0.0,0.0,0.0,0.0,0.0,0.0,4.51,0.0,207.79,155.65,93.28,182.38,24.75,154.55,127.6,40.26,4.51,986.26
58.1559,0.0,0.0,0.0,0.0,0.0,0.0,2.97,0.0,200.86,148.06,90.53,179.19,27.5,157.19,130.46,40.26,2.97,974.05
58.1659,0.0,0.0,0.0,0.0,0.0,0.0,2.97,0.0,191.51,140.58,90.53,179.19,27.5,159.94,136.29,40.26,2.97,965.8
58.1759,0.0,0.0,0.0,0.0,0.0,0.0,0.0,0.0,182.27,135.52,87.78,179.19,27.5,159.94,136.29,42.35,0.0,950.84
58.1859,0.0,0.0,0.0,0.0,0.0,0.0,0.0,0.0,175.34,128.04,85.03,179.19,27.5,162.69,139.15,42.35,0.0,939.29
58.1959,0.0,0.0,0.0,0.0,0.0,0.0,0.0,0.0,166.1,123.09,82.39,179.19,27.5,165.44,142.12,44.44,0.0,930.27
58.2059,0.0,0.0,0.0,0.0,0.0,0.0,0.0,0.0,159.72,118.03,79.64,179.19,27.5,165.44,142.12,44.44,0.0,916.08
58.2159,0.0,0.0,0.0,0.0,0.0,0.0,0.0,0.0,153.34,113.08,76.89,179.19,27.5,168.19,144.98,46.53,0.0,909.7
58.2259,0.0,0.0,0.0,0.0,0.0,0.0,0.0,0.0,144.87,110.66,74.14,182.38,30.25,170.83,144.98,46.53,0.0,904.64
58.2359,0.0,0.0,0.0,0.0,0.0,0.0,0.0,0.0,140.69,105.93,71.39,185.57,30.25,170.83,147.84,46.53,0.0,899.03
58.2459,0.0,0.0,0.0,0.0,0.0,0.0,0.0,0.0,134.31,103.51,68.75,185.57,30.25,173.47,147.84,48.73,0.0,892.43
58.2559,0.0,0.0,0.0,0.0,0.0,0.0,0.0,0.0,130.02,98.78,68.75,188.76,30.25,176.22,150.81,48.73,0.0,892.32
58.2659,0.0,0.0,0.0,0.0,0.0,0.0,0.0,0.0,125.84,96.47,66.0,191.95,30.25,176.22,150.81,48.73,0.0,886.27
58.2759,0.0,0.0,0.0,0.0,0.0,0.0,0.0,0.0,121.55,94.05,66.0,191.95,30.25,178.86,153.67,50.82,0.0,887.15
58.2859,0.0,0.0,0.0,0.0,0.0,0.0,0.0,0.0,117.37,89.32,63.25,195.14,33.0,181.61,156.53,50.82,0.0,887.04
58.2959,0.0,0.0,0.0,0.0,0.0,0.0,0.0,0.0,113.3,87.01,63.25,198.44,33.0,184.25,159.5,52.91,0.0,891.66
58.3059,0.0,0.0,0.0,0.0,0.0,0.0,0.0,0.0,107.58,84.59,60.5,201.63,33.0,189.64,165.33,55.11,0.0,897.38
58.3159,0.0,0.0,0.0,0.0,0.0,0.0,0.0,0.0,101.86,79.86,57.75,204.82,33.0,195.03,171.27,57.53,0.0,901.12
58.3259,0.0,0.0,0.0,0.0,0.0,0.0,0.0,0.0,96.14,77.55,57.75,208.01,35.75,200.42,177.21,62.37,0.0,915.2
58.3359,0.0,0.0,0.0,0.0,0.0,0.0,0.0,0.0,90.42,72.82,55.11,208.01,35.75,205.81,183.15,67.32,0.0,918.39
58.3459,0.0,0.0,0.0,0.0,0.0,0.0,0.0,0.0,84.7,68.09,52.69,211.2,38.5,211.2,192.06,69.74,0.0,928.18
58.3559,0.0,0.0,0.0,0.0,0.0,0.0,0.0,0.0,78.98,63.36,50.27,214.39,38.5,216.59,198.11,72.16,0.0,932.36
58.3659,0.0,0.0,0.0,0.0,0.0,0.0,0.0,0.0,73.15,60.94,47.85,214.39,38.5,221.98,207.02,77.11,0.0,940.94
58.3759,0.0,0.0,0.0,0.0,0.0,0.0,0.0,0.0,65.56,56.21,45.43,214.39,41.25,227.48,215.93,81.95,0.0,948.2
58.3859,0.0,0.0,0.0,0.0,0.0,0.0,0.0,0.0,56.21,49.17,40.7,214.39,41.25,233.09,224.73,86.9,0.0,946.44
58.3959,0.0,0.0,0.0,0.0,0.0,0.0,0.0,0.0,43.89,42.13,35.86,211.2,41.25,238.7,233.2,91.74,0.0,937.97
58.4059,0.0,0.0,0.0,0.0,0.0,0.0,0.0,0.0,29.81,30.47,28.71,208.01,41.25,241.45,238.92,94.27,0.0,912.89
58.4159,0.0,0.0,0.0,0.0,0.0,0.0,0.0,0.0,21.01,21.01,19.14,198.44,38.5,244.31,244.53,99.11,0.0,886.05
58.4259,6.93,0.0,0.0,0.0,0.0,0.0,0.0,0.0,15.73,13.97,14.3,188.76,35.75,247.06,250.14,101.53,6.93,867.24
58.4359,16.17,5.83,0.0,0.0,0.0,0.0,0.0,0.0,12.21,9.35,9.57,179.19,33.0,244.31,253.0,104.06,22.0,844.69
58.4459,60.17,19.47,0.0,0.0,0.0,0.0,0.0,0.0,8.69,6.93,7.15,163.24,30.25,244.31,253.0,108.9,79.64,822.47
58.4559,184.47,65.34,9.68,13.75,0.0,0.0,0.0,0.0,6.93,4.62,4.73,144.32,24.75,241.45,250.14,113.85,273.24,790.79
58.4659,206.36,89.54,26.62,20.68,0.0,5.83,0.0,0.0,5.17,0.0,0.0,122.21,19.25,235.95,247.39,118.25,349.03,748.22
58.4759,206.36,109.34,41.14,31.02,0.0,21.45,0.0,5.28,5.17,0.0,0.0,87.56,13.75,224.73,244.53,124.96,414.59,700.7
58.4859,211.2,124.3,48.4,36.19,0.0,39.05,6.05,14.08,3.41,0.0,0.0,56.54,8.25,203.06,236.06,129.47,479.27,636.79
58.4959,213.62,134.75,50.82,41.36,0.0,46.86,15.18,17.6,0.0,0.0,0.0,31.02,0.0,170.83,227.59,133.87,520.19,563.31
58.5059,213.62,143.11,55.77,44.77,4.18,58.63,27.5,21.12,0.0,0.0,0.0,16.94,0.0,121.88,215.93,133.87,568.7,488.62
58.5159,218.46,151.47,62.81,49.94,8.47,69.74,41.25,26.4,0.0,0.0,0.0,14.08,0.0,67.54,183.15,127.16,628.54,391.93
58.5259,228.58,161.92,69.85,53.35,12.65,78.76,53.46,31.79,0.0,0.0,0.0,11.22,5.5,40.37,139.15,111.32,690.36,307.56
58.5359,238.92,170.61,79.31,56.87,16.94,87.67,65.56,37.07,0.0,0.0,0.0,8.47,5.5,28.49,89.32,96.69,752.95,228.47
58.5459,251.9,179.63,86.35,60.83,21.12,96.69,80.08,44.11,0.0,0.0,0.0,5.61,0.0,21.34,56.54,74.69,820.71,158.18
58.5559,257.07,186.45,91.08,65.23,23.21,103.4,90.86,47.63,0.0,0.0,0.0,0.0,0.0,14.19,38.5,50.82,864.93,103.51
58.5659,257.07,188.76,93.5,71.83,27.5,112.42,98.12,52.91,0.0,0.0,0.0,0.0,0.0,11.88,28.27,29.59,902.11,69.74
58.5759,251.9,188.76,93.5,76.23,29.59,118.69,105.38,56.54,0.0,0.0,0.0,0.0,0.0,7.04,20.46,12.65,920.59,40.15
58.5859,244.09,184.25,93.5,82.83,31.68,122.98,112.64,58.52,0.0,0.0,0.0,0.0,0.0,4.73,15.4,4.18,930.49,24.31
58.5959,236.28,179.63,91.08,87.34,31.68,129.25,120.45,62.59,0.0,0.0,0.0,0.0,0.0,0.0,15.4,4.18,938.3,19.58
58.6059,225.94,172.81,88.77,91.74,33.88,133.54,126.5,64.57,0.0,0.0,0.0,0.0,0.0,0.0,12.76,0.0,937.75,12.76
58.6159,216.04,164.01,86.35,93.94,35.97,137.72,134.64,66.55,0.0,0.0,0.0,0.0,0.0,0.0,10.23,0.0,935.22,10.23
58.6259,206.36,155.65,81.73,96.14,38.06,142.01,140.69,68.64,0.0,0.0,0.0,0.0,0.0,0.0,10.23,0.0,929.28,10.23
58.6359,196.68,147.29,79.31,96.14,40.15,144.1,146.74,70.62,0.0,0.0,0.0,0.0,0.0,0.0,7.7,0.0,921.03,7.7
58.6459,189.31,138.93,74.58,98.34,40.15,146.19,152.79,70.62,0.0,0.0,0.0,0.0,0.0,0.0,7.7,0.0,910.91,7.7
58.6559,179.63,132.66,72.27,100.54,42.35,146.19,154.77,72.6,0.0,0.0,0.0,0.0,0.0,0.0,5.06,0.0,901.01,5.06
58.6659,169.95,124.3,67.54,100.54,42.35,148.39,156.75,72.6,0.0,0.0,0.0,0.0,0.0,0.0,5.06,0.0,882.42,5.06
58.6759,160.05,115.94,62.81,102.74,42.35,150.48,158.84,74.69,0.0,0.0,0.0,0.0,0.0,0.0,5.06,0.0,867.9,5.06
58.6859,150.26,109.34,58.08,104.94,42.35,150.48,158.84,74.69,0.0,0.0,0.0,0.0,0.0,0.0,5.06,0.0,848.98,5.06
58.6959,140.47,102.74,55.77,107.14,42.35,150.48,158.84,74.69,0.0,0.0,0.0,0.0,0.0,0.0,0.0,0.0,832.48,0.0
58.7059,133.1,96.14,50.82,109.34,42.35,152.57,158.84,74.69,0.0,0.0,0.0,0.0,0.0,0.0,0.0,0.0,817.85,0.0
58.7159,125.73,91.74,48.4,111.54,42.35,154.66,158.84,74.69,0.0,0.0,0.0,0.0,0.0,0.0,0.0,0.0,807.95,0.0
58.7259,120.78,87.34,45.98,111.54,42.35,154.66,156.75,74.69,0.0,0.0,0.0,0.0,0.0,0.0,0.0,0.0,794.09,0.0
58.7359,113.41,82.94,43.56,116.05,42.35,156.86,156.75,76.67,0.0,0.0,0.0,0.0,0.0,0.0,0.0,0.0,788.59,0.0
58.7459,110.99,80.74,41.14,118.25,42.35,156.86,156.75,76.67,0.0,0.0,0.0,0.0,0.0,0.0,0.0,0.0,783.75,0.0
58.7559,108.68,76.34,38.72,120.56,42.35,158.95,156.75,76.67,0.0,0.0,0.0,0.0,0.0,0.0,0.0,0.0,779.02,0.0
58.7659,104.28,74.14,38.72,122.76,42.35,158.95,156.75,76.67,0.0,0.0,0.0,0.0,0.0,0.0,0.0,0.0,774.62,0.0
58.7759,102.08,74.14,36.3,124.96,42.35,161.04,156.75,76.67,0.0,0.0,0.0,0.0,0.0,0.0,0.0,0.0,774.29,0.0
58.7859,99.88,69.74,36.3,129.47,40.15,163.13,156.75,76.67,0.0,0.0,0.0,0.0,0.0,0.0,0.0,0.0,772.09,0.0
58.7959,97.68,69.74,36.3,131.67,40.15,165.33,156.75,76.67,0.0,0.0,0.0,0.0,0.0,0.0,0.0,0.0,774.29,0.0
58.8059,95.48,67.54,33.88,136.18,42.35,167.53,156.75,76.67,0.0,0.0,0.0,0.0,0.0,0.0,0.0,0.0,776.38,0.0
58.8159,95.48,67.54,33.88,138.38,42.35,167.53,156.75,78.65,0.0,0.0,0.0,0.0,0.0,0.0,0.0,0.0,780.56,0.0
58.8259,93.28,65.34,33.88,140.69,42.35,169.73,158.84,78.65,0.0,0.0,0.0,0.0,0.0,0.0,0.0,0.0,782.76,0.0
58.8359,93.28,65.34,33.88,145.09,42.35,171.93,158.84,78.65,0.0,0.0,0.0,0.0,0.0,0.0,0.0,0.0,789.36,0.0
58.8459,93.28,63.14,33.88,147.4,42.35,174.13,160.82,80.74,0.0,0.0,0.0,0.0,0.0,0.0,0.0,0.0,795.74,0.0
58.8559,93.28,63.14,33.88,149.6,42.35,176.33,162.8,80.74,0.0,0.0,0.0,0.0,0.0,0.0,0.0,0.0,802.12,0.0
58.8659,91.08,63.14,33.88,154.11,42.35,178.53,162.8,80.74,0.0,0.0,0.0,0.0,0.0,0.0,0.0,0.0,806.63,0.0
58.8759,88.88,60.94,33.88,156.31,42.35,180.73,164.89,80.74,0.0,0.0,0.0,0.0,0.0,0.0,0.0,0.0,808.72,0.0
58.8859,88.88,60.94,36.3,158.51,42.35,182.93,164.89,82.72,0.0,0.0,0.0,0.0,0.0,0.0,0.0,0.0,817.52,0.0
58.8959,88.88,60.94,36.3,163.02,42.35,187.33,166.87,82.72,0.0,0.0,0.0,0.0,0.0,0.0,0.0,0.0,828.41,0.0
58.9059,86.68,60.94,36.3,165.33,42.35,187.33,166.87,82.72,0.0,0.0,0.0,0.0,0.0,0.0,0.0,0.0,828.52,0.0
58.9159,86.68,58.74,36.3,167.64,42.35,189.53,166.87,82.72,0.0,0.0,0.0,0.0,0.0,0.0,0.0,0.0,830.83,0.0
58.9259,84.48,56.54,36.3,169.95,42.35,191.73,168.96,82.72,0.0,0.0,0.0,0.0,0.0,0.0,0.0,0.0,833.03,0.0
58.9359,79.97,54.56,33.88,169.95,42.35,191.73,166.87,82.72,0.0,0.0,0.0,0.0,0.0,0.0,0.0,0.0,822.03,0.0
58.9459,75.57,52.58,33.88,169.95,42.35,191.73,166.87,82.72,0.0,0.0,0.0,0.0,0.0,0.0,0.0,0.0,815.65,0.0
58.9559,71.17,48.73,33.88,167.64,42.35,189.53,168.96,82.72,0.0,0.0,0.0,0.0,0.0,0.0,0.0,0.0,804.98,0.0
58.9659,66.77,44.77,31.46,165.33,40.15,189.53,168.96,80.74,0.0,0.0,0.0,0.0,0.0,0.0,0.0,0.0,787.71,0.0
58.9759,60.17,42.79,29.04,163.02,40.15,187.33,170.94,82.72,0.0,0.0,0.0,0.0,0.0,0.0,0.0,0.0,776.16,0.0
58.9859,55.77,38.94,26.62,158.51,40.15,187.33,170.94,80.74,6.93,0.0,0.0,0.0,0.0,0.0,0.0,0.0,759.0,6.93
58.9959,53.35,36.96,26.62,156.31,40.15,187.33,173.03,82.72,26.29,4.62,0.0,0.0,0.0,0.0,0.0,0.0,756.47,30.91
59.0059,48.73,35.09,24.2,156.31,42.35,185.13,173.03,80.74,73.15,16.39,4.73,0.0,0.0,0.0,5.06,0.0,745.58,99.33
59.0159,44.11,31.13,21.78,151.8,40.15,185.13,175.12,80.74,136.4,37.51,19.14,19.8,0.0,0.0,7.7,0.0,729.96,220.55
59.0259,34.76,25.3,16.94,147.4,40.15,182.93,175.12,80.74,144.87,58.63,28.71,53.68,0.0,7.04,12.76,0.0,703.34,305.69
59.0359,25.52,21.34,12.1,138.38,38.06,178.53,177.21,80.74,155.43,70.4,38.28,65.67,0.0,40.37,20.46,6.27,671.88,396.88
59.0459,16.17,13.64,9.68,124.96,38.06,174.13,177.21,78.65,161.81,82.28,43.12,75.02,0.0,47.52,20.46,8.47,632.5,438.68
59.0559,11.55,9.68,7.26,109.34,35.97,165.33,177.21,76.67,161.81,84.59,40.7,84.48,0.0,49.83,20.46,8.47,593.01,450.34
59.0659,6.93,7.7,4.84,91.74,33.88,156.86,175.12,74.69,161.81,89.32,40.7,90.75,0.0,54.56,23.1,10.56,551.76,470.8
59.0759,6.93,5.83,4.84,76.23,31.68,148.39,173.03,74.69,161.81,94.05,43.12,93.94,0.0,56.98,23.1,10.56,521.62,483.56
59.0859,4.62,5.83,0.0,60.83,29.59,137.72,170.94,72.6,163.9,98.78,43.12,97.02,0.0,59.4,23.1,10.56,482.13,495.88
59.0959,0.0,3.85,0.0,51.7,25.41,127.16,166.87,70.62,168.41,103.51,43.12,100.21,0.0,62.04,25.63,10.56,445.61,513.48
59.1059,0.0,3.85,0.0,43.01,25.41,116.6,162.8,68.64,175.34,110.66,45.43,103.29,0.0,62.04,25.63,10.56,420.31,532.95
59.1159,0.0,3.85,0.0,36.19,21.12,105.6,156.75,66.55,184.58,115.5,47.85,106.48,0.0,64.79,28.27,12.65,390.06,560.12
59.1259,0.0,3.85,0.0,31.02,19.03,94.49,148.72,62.59,193.82,120.56,50.27,109.56,0.0,64.79,28.27,12.65,359.7,579.92
59.1359,0.0,3.85,0.0,25.85,16.94,83.27,138.6,58.52,200.86,123.09,52.69,109.56,0.0,67.54,28.27,12.65,327.03,594.66
59.1459,0.0,0.0,0.0,22.33,14.74,72.05,126.5,54.67,205.48,125.51,52.69,112.75,0.0,67.54,30.8,12.65,290.29,607.42
59.1559,0.0,0.0,0.0,17.16,10.56,60.83,112.64,51.15,207.79,130.57,52.69,115.94,0.0,67.54,30.8,12.65,252.34,617.98
59.1659,0.0,0.0,0.0,15.51,8.47,52.69,98.12,45.87,210.1,135.52,55.11,119.02,0.0,70.18,30.8,12.65,220.66,633.38
59.1759,0.0,0.0,0.0,13.75,6.27,44.88,83.71,44.11,214.72,138.05,55.11,125.4,0.0,72.93,30.8,12.65,192.72,649.66
59.1859,0.0,0.0,0.0,11.99,4.18,37.07,70.95,40.59,217.03,143.11,57.75,131.67,0.0,75.68,30.8,14.74,164.78,670.78
59.1959,0.0,0.0,0.0,10.34,4.18,29.26,60.06,37.07,219.34,150.59,57.75,137.94,0.0,81.07,30.8,14.74,140.91,692.23
59.2059,0.0,0.0,0.0,8.58,4.18,21.45,45.76,30.03,224.07,155.65,57.75,147.51,0.0,83.82,33.33,14.74,110.0,716.87
59.2159,0.0,0.0,0.0,8.58,0.0,17.49,36.63,24.64,226.49,160.6,60.5,153.78,0.0,86.46,33.33,14.74,87.34,735.9
59.2259,0.0,0.0,0.0,6.82,0.0,13.64,27.5,19.36,231.44,168.19,63.25,160.05,0.0,91.96,33.33,16.94,67.32,765.16
59.2359,0.0,0.0,0.0,6.82,0.0,11.66,21.34,15.84,233.86,170.61,66.0,166.43,0.0,94.6,33.33,16.94,55.66,781.77
59.2459,0.0,0.0,0.0,6.82,0.0,11.66,18.26,12.32,236.28,173.03,66.0,169.62,0.0,100.1,35.97,19.03,49.06,800.03
59.2559,0.0,0.0,0.0,6.82,0.0,9.68,15.18,10.56,238.81,173.03,68.75,172.81,0.0,105.49,38.5,19.03,42.24,816.42
59.2659,0.0,0.0,0.0,6.82,0.0,9.68,13.75,8.8,238.81,175.45,71.39,179.19,0.0,113.63,38.5,21.12,39.05,838.09
59.2759,0.0,0.0,0.0,5.17,0.0,7.81,10.67,7.04,238.81,175.45,74.14,182.38,5.5,119.13,43.67,21.12,30.69,860.2
59.2858,0.0,0.0,0.0,5.17,0.0,7.81,7.59,7.04,236.28,173.03,74.14,185.57,5.5,124.52,46.2,23.21,27.61,868.45
59.2958,0.0,0.0,0.0,5.17,0.0,7.81,6.05,5.28,236.28,173.03,76.89,185.57,5.5,130.02,48.73,25.41,24.31,881.43
59.3058,0.0,0.0,0.0,5.17,0.0,7.81,6.05,5.28,231.44,173.03,76.89,188.76,5.5,138.16,51.37,27.5,24.31,892.65
59.3158,0.0,0.0,0.0,5.17,0.0,7.81,6.05,3.52,228.91,170.61,76.89,191.95,8.25,143.66,56.54,29.59,22.55,906.4
59.3258,0.0,0.0,0.0,5.17,0.0,7.81,6.05,3.52,224.07,168.19,76.89,195.14,5.5,146.3,59.51,31.79,22.55,907.39
59.3358,0.0,0.0,0.0,5.17,0.0,5.83,4.51,3.52,221.65,168.19,76.89,195.14,8.25,151.8,65.45,33.88,19.03,921.25
59.3458,0.0,0.0,0.0,5.17,0.0,5.83,4.51,3.52,217.03,165.66,76.89,198.44,8.25,157.19,68.42,35.97,19.03,927.85
59.3558,0.0,0.0,0.0,5.17,0.0,5.83,4.51,3.52,212.41,163.13,76.89,201.63,8.25,159.94,71.39,38.06,19.03,931.7
59.3658,0.0,0.0,0.0,5.17,0.0,5.83,4.51,3.52,207.79,160.6,76.89,204.82,11.0,162.69,74.36,40.26,19.03,938.41
59.3758,0.0,0.0,0.0,5.17,0.0,5.83,4.51,0.0,203.17,158.07,74.14,204.82,11.0,168.19,77.33,42.35,15.51,939.07
59.3858,0.0,0.0,0.0,5.17,0.0,5.83,4.51,3.52,198.55,155.65,74.14,208.01,11.0,170.83,80.3,42.35,19.03,940.83
59.3958,0.0,0.0,0.0,5.17,0.0,5.83,4.51,3.52,191.51,153.12,71.39,208.01,11.0,173.47,86.35,44.44,19.03,939.29
59.4058,0.0,0.0,0.0,5.17,0.0,5.83,4.51,3.52,186.89,150.59,71.39,211.2,11.0,173.47,89.32,46.53,19.03,940.39
59.4158,0.0,0.0,0.0,5.17,0.0,5.83,7.59,5.28,179.96,148.06,68.75,214.39,11.0,176.22,92.29,46.53,23.87,937.2
59.4258,0.0,0.0,0.0,6.82,0.0,15.62,24.42,12.32,175.34,143.11,66.0,214.39,13.75,178.86,92.29,48.73,59.18,932.47
59.4358,0.0,0.0,0.0,8.58,4.18,19.47,36.63,15.84,168.41,140.58,66.0,217.58,13.75,181.61,95.26,48.73,84.7,931.92
59.4458,0.0,0.0,0.0,8.58,8.47,21.45,51.92,17.6,161.81,135.52,63.25,217.58,13.75,181.61,98.23,50.82,108.02,922.57
59.4558,0.0,0.0,0.0,8.58,12.65,23.43,60.06,17.6,155.43,133.1,60.5,220.77,13.75,184.25,101.2,50.82,122.32,919.82
59.4658,0.0,0.0,0.0,8.58,16.94,25.3,70.95,21.12,146.96,125.51,55.11,217.58,13.75,187.0,104.17,52.91,142.89,902.99
59.4758,0.0,0.0,0.0,8.58,23.21,27.28,81.84,22.88,140.69,120.56,52.69,217.58,13.75,187.0,104.17,52.91,163.79,889.35
59.4858,0.0,0.0,0.0,8.58,27.5,29.26,89.1,26.4,132.22,115.5,50.27,217.58,13.75,187.0,107.14,55.11,180.84,878.57
59.4958,0.0,0.0,0.0,10.34,31.68,31.24,98.12,26.4,123.75,108.24,47.85,217.58,13.75,187.0,110.22,55.11,197.78,863.5
59.5058,0.0,0.0,0.0,10.34,33.88,31.24,103.62,28.27,115.28,101.2,45.43,214.39,16.5,187.0,113.08,55.11,207.35,847.99
59.5158,0.0,0.0,0.0,11.99,35.97,33.22,109.01,30.03,105.71,94.05,40.7,211.2,16.5,189.64,115.94,57.53,220.22,831.27
59.5258,0.0,0.0,4.84,13.75,38.06,35.09,114.51,31.79,96.14,84.59,38.28,208.01,16.5,187.0,118.91,59.95,238.04,809.38
59.5358,6.93,0.0,4.84,17.16,40.15,39.05,118.47,31.79,86.57,79.86,33.44,204.82,16.5,187.0,121.77,59.95,258.39,789.91
59.5458,9.24,0.0,7.26,18.92,40.15,41.03,122.54,33.55,78.98,72.82,31.13,201.63,16.5,187.0,124.63,59.95,272.69,772.64
59.5558,13.86,3.85,12.1,20.68,40.15,46.86,126.5,35.31,71.28,65.67,28.71,195.14,19.25,187.0,127.6,62.37,299.31,757.02
59.5658,27.83,11.66,19.36,24.09,40.15,52.69,128.59,37.07,61.71,58.63,23.87,191.95,19.25,187.0,130.46,62.37,341.44,735.24
59.5758,44.11,21.34,24.2,25.85,40.15,60.83,128.59,38.83,52.69,51.59,19.14,182.38,19.25,187.0,133.32,62.37,383.9,707.74
59.5858,64.57,31.13,33.88,29.26,42.35,67.54,126.5,40.59,45.65,44.55,14.3,172.81,19.25,184.25,136.29,62.37,435.82,679.47
59.5958,82.17,38.94,43.56,32.67,42.35,72.05,128.59,40.59,35.09,37.51,11.88,160.05,19.25,181.61,139.15,62.37,480.92,646.91
59.6058,99.88,46.75,53.24,34.43,44.44,74.25,128.59,42.35,28.05,28.05,11.88,144.32,19.25,178.86,142.12,62.37,523.93,614.9
59.6158,115.83,54.56,65.12,36.19,44.44,74.25,128.59,42.35,19.25,18.7,11.88,128.48,19.25,173.47,142.12,59.95,561.33,573.1
59.6258,130.57,60.94,72.27,37.84,46.53,76.56,128.59,42.35,13.97,11.66,9.57,109.56,19.25,168.19,139.15,59.95,595.65,531.3
59.6358,140.47,67.54,77.0,39.6,46.53,78.76,126.5,44.11,10.45,9.35,7.15,90.75,16.5,159.94,139.15,55.11,620.51,488.4
59.6458,147.84,71.94,81.73,41.36,46.53,80.96,126.5,44.11,8.69,6.93,4.73,71.94,11.0,146.3,136.29,52.91,640.97,438.79
59.6558,155.21,78.54,81.73,43.01,44.44,80.96,124.52,44.11,8.69,6.93,4.73,56.54,11.0,138.16,133.32,48.73,652.52,408.1
59.6658,160.05,82.94,84.04,44.77,44.44,85.47,124.52,45.87,6.93,6.93,0.0,48.07,8.25,127.27,130.46,46.53,672.1,374.44
59.6758,167.53,87.34,88.77,46.53,44.44,85.47,122.54,45.87,6.93,4.62,0.0,42.35,5.5,119.13,127.6,42.35,688.49,348.48
59.6858,174.79,91.74,91.08,48.18,44.44,87.67,122.54,45.87,5.17,4.62,0.0,36.74,5.5,113.63,121.77,40.26,706.31,327.69
59.6958,179.63,98.34,95.81,49.94,44.44,89.98,122.54,45.87,5.17,4.62,0.0,31.02,0.0,105.49,118.91,38.06,726.55,303.27
59.7058,184.47,100.54,98.23,49.94,44.44,89.98,120.45,47.63,5.17,0.0,0.0,28.27,0.0,100.1,115.94,35.97,735.68,285.45
59.7158,189.31,102.74,98.23,49.94,44.44,89.98,120.45,47.63,5.17,0.0,0.0,28.27,0.0,94.6,115.94,35.97,742.72,279.95
59.7258,189.31,104.94,100.54,51.7,44.44,89.98,120.45,47.63,5.17,0.0,0.0,25.41,0.0,91.96,113.08,33.88,748.99,269.5
59.7358,191.73,107.14,100.54,51.7,44.44,92.18,118.47,47.63,3.41,0.0,0.0,25.41,5.5,89.21,110.22,33.88,753.83,267.63
59.7458,191.73,104.94,98.23,51.7,44.44,92.18,116.49,45.87,5.17,0.0,0.0,25.41,5.5,86.46,107.14,31.79,745.58,261.47
59.7558,191.73,104.94,98.23,53.35,42.35,92.18,116.49,47.63,3.41,0.0,0.0,25.41,5.5,89.21,107.14,33.88,746.9,264.55
59.7658,189.31,104.94,98.23,53.35,42.35,89.98,114.51,45.87,5.17,0.0,0.0,31.02,5.5,91.96,104.17,33.88,738.54,271.7
59.7758,186.89,102.74,95.81,53.35,42.35,92.18,112.64,45.87,5.17,4.62,0.0,36.74,8.25,97.35,107.14,35.97,731.83,295.24
59.7858,184.47,102.74,93.5,55.11,42.35,92.18,109.01,45.87,5.17,4.62,4.73,48.07,8.25,105.49,104.17,38.06,725.23,318.56
59.7958,182.05,100.54,91.08,55.11,40.15,92.18,107.25,45.87,6.93,4.62,4.73,62.48,11.0,113.63,107.14,40.26,714.23,350.79
59.8058,177.21,100.54,88.77,56.87,40.15,92.18,105.38,45.87,6.93,6.93,4.73,78.21,13.75,121.88,113.08,42.35,706.97,387.86
59.8158,172.37,96.14,84.04,58.63,38.06,92.18,101.75,44.11,10.45,9.35,9.57,93.94,19.25,130.02,118.91,42.35,687.28,433.84
59.8258,162.58,91.74,79.31,58.63,38.06,92.18,99.99,44.11,28.05,21.01,19.14,109.56,19.25,135.41,127.6,44.44,666.6,504.46
59.8358,150.26,82.94,72.27,58.63,35.97,92.18,98.12,44.11,43.89,30.47,26.29,122.21,24.75,138.16,133.32,46.53,634.48,565.62
59.8458,137.94,74.14,65.12,58.63,35.97,89.98,96.36,44.11,61.71,42.13,35.86,131.67,24.75,143.66,133.32,48.73,602.25,621.83
59.8558,123.2,65.34,58.08,56.87,33.88,87.67,94.49,42.35,77.0,53.9,40.7,144.32,24.75,151.8,133.32,50.82,561.88,676.61
59.8658,106.48,56.54,50.82,55.11,31.68,87.67,90.86,40.59,82.72,58.63,43.12,153.78,24.75,154.55,130.46,50.82,519.75,698.83
59.8758,91.08,46.75,43.56,55.11,29.59,83.27,87.23,37.07,82.72,60.94,43.12,160.05,24.75,159.94,130.46,52.91,473.66,714.89
59.8858,79.97,40.92,36.3,53.35,27.5,78.76,81.84,33.55,82.72,63.36,43.12,166.43,22.0,162.69,127.6,52.91,432.19,720.83
59.8958,68.97,35.09,31.46,51.7,25.41,74.25,76.45,31.79,86.57,65.67,45.43,172.81,22.0,165.44,127.6,52.91,395.12,738.43
59.9058,57.97,29.15,26.62,49.94,25.41,72.05,70.95,30.03,90.42,68.09,45.43,176.0,22.0,165.44,124.63,55.11,362.12,747.12
59.9158,48.73,25.3,21.78,48.18,23.21,67.54,65.56,28.27,94.16,72.82,47.85,179.19,24.75,168.19,127.6,55.11,328.57,769.67
59.9258,41.8,19.47,19.36,44.77,21.12,63.03,61.93,26.4,99.99,75.13,50.27,182.38,24.75,170.83,127.6,57.53,297.88,788.48
59.9358,32.45,17.49,14.52,43.01,19.03,58.63,58.3,24.64,103.73,79.86,50.27,185.57,24.75,170.83,130.46,57.53,268.07,803.0
59.9458,25.52,15.51,9.68,39.6,16.94,54.67,53.46,24.64,105.71,79.86,52.69,188.76,24.75,173.47,133.32,59.95,240.02,818.51
59.9558,20.9,11.66,9.68,37.84,14.74,50.71,50.38,22.88,107.58,82.28,52.69,191.95,24.75,176.22,133.32,62.37,218.79,831.16
59.9658,16.17,9.68,7.26,34.43,14.74,46.86,47.3,22.88,107.58,82.28,52.69,191.95,24.75,178.86,139.15,64.9,199.32,842.16
59.9758,13.86,9.68,7.26,32.67,12.65,44.88,45.76,22.88,107.58,82.28,52.69,191.95,24.75,181.61,139.15,67.32,189.64,847.33
59.9858,13.86,7.7,7.26,29.26,12.65,41.03,44.22,22.88,105.71,82.28,52.69,195.14,27.5,184.25,144.98,69.74,178.86,862.29
59.9958,11.55,7.7,4.84,27.5,12.65,41.03,44.22,21.12,103.73,79.86,52.69,195.14,27.5,187.0,147.84,72.16,170.61,865.92
60.0058,11.55,7.7,4.84,27.5,12.65,39.05,44.22,21.12,103.73,79.86,50.27,195.14,27.5,187.0,150.81,74.69,168.63,869.0
60.0158,11.55,7.7,4.84,25.85,12.65,39.05,45.76,21.12,101.86,79.86,50.27,195.14,27.5,189.64,153.67,77.11,168.52,875.05
60.0258,11.55,7.7,4.84,25.85,14.74,39.05,45.76,22.88,99.99,77.55,50.27,195.14,27.5,192.39,156.53,79.53,172.37,878.9
60.0358,20.9,7.7,7.26,25.85,14.74,39.05,47.3,22.88,99.99,77.55,50.27,195.14,27.5,192.39,159.5,79.53,185.68,881.87
60.0458,18.59,11.66,7.26,27.5,16.94,41.03,50.38,24.64,99.99,77.55,50.27,191.95,30.25,192.39,162.36,81.95,198.0,886.71
60.0558,25.52,11.66,9.68,27.5,19.03,42.9,55.0,24.64,98.01,75.13,50.27,188.76,30.25,192.39,165.33,81.95,215.93,882.09
60.0658,39.49,13.64,16.94,29.26,21.12,44.88,60.06,26.4,98.01,75.13,50.27,185.57,30.25,192.39,168.3,84.48,251.79,884.4
60.0758,48.73,15.51,21.78,29.26,23.21,46.86,65.56,28.27,96.14,72.82,50.27,182.38,30.25,192.39,168.3,84.48,279.18,877.03
60.0858,53.35,19.47,24.2,31.02,25.41,46.86,69.19,28.27,94.16,70.4,50.27,179.19,30.25,192.39,171.27,84.48,297.77,872.41
60.0958,55.77,23.32,24.2,31.02,25.41,50.71,69.19,30.03,92.29,68.09,47.85,176.0,30.25,189.64,174.24,86.9,309.65,865.26
60.1058,60.17,27.28,26.62,32.67,25.41,52.69,70.95,30.03,88.44,65.67,47.85,169.62,30.25,189.64,174.24,86.9,325.82,852.61
60.1158,64.57,31.13,29.04,34.43,25.41,56.65,72.82,30.03,84.7,63.36,45.43,163.24,30.25,187.0,174.24,86.9,344.08,835.12
60.1258,71.17,35.09,31.46,36.19,25.41,58.63,74.58,30.03,80.85,58.63,43.12,160.05,30.25,187.0,174.24,86.9,362.56,821.04
60.1358,77.77,36.96,33.88,37.84,27.5,60.83,74.58,31.79,75.13,53.9,40.7,150.59,30.25,184.25,174.24,86.9,381.15,795.96
60.1458,82.17,40.92,36.3,37.84,27.5,63.03,76.45,31.79,69.41,51.59,38.28,144.32,30.25,178.86,174.24,86.9,396.0,773.85
60.1558,91.08,44.77,41.14,39.6,27.5,63.03,78.21,31.79,65.56,46.86,38.28,134.86,30.25,176.22,177.21,86.9,417.12,756.14
60.1658,99.88,46.75,45.98,39.6,27.5,63.03,80.08,33.55,61.71,42.13,35.86,128.48,27.5,170.83,174.24,84.48,436.37,725.23
60.1758,108.68,52.58,48.4,41.36,29.59,65.34,80.08,33.55,57.97,39.82,33.44,119.02,27.5,168.19,174.24,84.48,459.58,704.66
60.1858,118.36,56.54,53.24,41.36,29.59,67.54,80.08,33.55,54.45,37.51,31.13,112.75,27.5,165.44,174.24,84.48,480.26,687.5
60.1958,125.73,60.94,55.77,43.01,29.59,67.54,80.08,33.55,50.93,32.78,31.13,103.29,27.5,159.94,177.21,84.48,496.21,667.26
60.2058,130.57,65.34,58.08,43.01,29.59,69.74,81.84,35.31,45.65,30.47,28.71,97.02,27.5,157.19,177.21,84.48,513.48,648.23
60.2158,135.52,67.54,60.39,44.77,29.59,69.74,81.84,35.31,42.13,25.74,26.29,90.75,27.5,154.55,180.18,84.48,524.7,631.62
60.2258,137.94,71.94,60.39,46.53,31.68,72.05,83.71,35.31,38.61,23.43,23.87,84.48,27.5,151.8,180.18,86.9,539.55,616.77
60.2358,140.47,71.94,62.81,46.53,31.68,72.05,83.71,35.31,33.33,18.7,23.87,78.21,27.5,149.05,180.18,89.32,544.5,600.16
60.2458,140.47,74.14,62.81,48.18,31.68,74.25,85.47,37.07,28.05,16.39,21.56,71.94,27.5,146.3,183.15,89.32,554.07,584.21
60.2558,142.89,76.34,65.12,48.18,31.68,74.25,87.23,37.07,22.77,11.66,19.14,65.67,27.5,143.66,186.12,91.74,562.76,568.26
60.2658,145.31,78.54,65.12,49.94,31.68,76.56,87.23,37.07,17.49,11.66,16.72,59.4,24.75,140.91,186.12,91.74,571.45,548.79
60.2758,147.84,80.74,65.12,49.94,33.88,76.56,89.1,37.07,13.97,9.35,14.3,50.82,24.75,138.16,186.12,94.27,580.25,531.74
60.2858,150.26,82.94,67.54,49.94,33.88,76.56,90.86,38.83,10.45,6.93,9.57,45.21,24.75,132.77,186.12,94.27,590.81,510.07
60.2958,152.68,85.14,69.85,51.7,33.88,78.76,92.73,38.83,6.93,6.93,9.57,39.6,22.0,130.02,189.09,94.27,603.57,498.41
60.3058,152.68,87.34,69.85,53.35,35.97,80.96,94.49,38.83,6.93,4.62,7.15,33.88,22.0,124.52,189.09,96.69,613.47,484.88
60.3158,155.21,87.34,69.85,53.35,35.97,80.96,96.36,40.59,5.17,4.62,7.15,28.27,19.25,119.13,189.09,96.69,619.63,469.37
60.3258,155.21,89.54,72.27,55.11,38.06,83.27,98.12,40.59,5.17,4.62,4.73,22.55,16.5,110.99,189.09,96.69,632.17,450.34
60.3358,155.21,91.74,72.27,56.87,38.06,85.47,99.99,42.35,5.17,0.0,4.73,16.94,13.75,102.74,189.09,99.11,641.96,431.53
60.3458,157.63,93.94,74.58,58.63,40.15,85.47,103.62,42.35,5.17,0.0,4.73,11.22,13.75,91.96,189.09,96.69,656.37,412.61
60.3558,160.05,98.34,74.58,58.63,40.15,87.67,105.38,42.35,3.41,0.0,4.73,8.47,11.0,81.07,186.12,96.69,667.15,391.49
60.3658,162.58,98.34,74.58,63.03,42.35,89.98,109.01,44.11,3.41,0.0,4.73,0.0,8.25,64.79,183.15,91.74,683.98,356.07
60.3758,162.58,102.74,74.58,65.23,42.35,92.18,110.88,44.11,3.41,0.0,0.0,0.0,5.5,49.83,180.18,89.32,694.65,328.24
60.3858,162.58,104.94,77.0,69.63,44.44,96.69,114.51,45.87,3.41,0.0,0.0,0.0,0.0,35.64,171.27,84.48,715.66,294.8
60.3958,165.0,107.14,77.0,71.83,46.53,98.89,118.47,45.87,3.41,0.0,0.0,0.0,0.0,26.07,162.36,77.11,730.73,268.95
60.4058,165.0,109.34,77.0,76.23,46.53,103.4,122.54,47.63,3.41,0.0,0.0,0.0,0.0,16.61,150.81,72.16,747.67,242.99
60.4158,167.53,111.54,79.31,80.63,48.62,105.6,126.5,47.63,0.0,0.0,0.0,0.0,0.0,9.46,130.46,57.53,767.36,197.45
60.4258,169.95,113.85,79.31,82.83,50.82,110.11,132.55,49.39,0.0,0.0,0.0,0.0,0.0,7.04,104.17,46.53,788.81,157.74
60.4358,169.95,115.94,79.31,87.34,52.91,114.51,138.6,51.15,0.0,0.0,0.0,0.0,0.0,7.04,74.36,33.88,809.71,115.28
60.4458,169.95,118.03,79.31,91.74,55.0,116.6,142.67,51.15,0.0,0.0,0.0,0.0,0.0,4.73,48.73,21.12,824.45,74.58
60.4558,167.53,118.03,79.31,96.14,57.2,120.78,148.72,52.91,0.0,0.0,0.0,0.0,0.0,4.73,35.97,14.74,840.62,55.44
60.4658,167.53,118.03,79.31,98.34,59.4,122.98,156.75,52.91,0.0,0.0,0.0,0.0,0.0,0.0,25.63,10.56,855.25,36.19
60.4758,165.0,115.94,79.31,100.54,61.71,127.16,162.8,54.67,0.0,0.0,0.0,0.0,0.0,0.0,17.93,8.47,867.13,26.4
60.4858,160.05,113.85,79.31,104.94,64.02,131.45,170.94,56.54,0.0,0.0,0.0,0.0,0.0,0.0,15.4,6.27,881.1,21.67
60.4958,157.63,111.54,77.0,107.14,66.33,133.54,179.3,58.52,0.0,0.0,0.0,0.0,0.0,0.0,12.76,4.18,891.0,16.94
60.5058,150.26,107.14,74.58,109.34,68.64,137.72,183.37,58.52,0.0,0.0,0.0,0.0,0.0,0.0,12.76,4.18,889.57,16.94
60.5158,142.89,100.54,69.85,111.54,68.64,139.92,189.64,60.5,0.0,0.0,0.0,0.0,0.0,0.0,10.23,4.18,883.52,14.41
60.5258,135.52,96.14,67.54,113.85,70.95,142.01,195.8,60.5,0.0,0.0,0.0,0.0,0.0,0.0,10.23,4.18,882.31,14.41
60.5358,125.73,89.54,62.81,113.85,70.95,144.1,202.07,62.59,0.0,0.0,0.0,0.0,0.0,0.0,10.23,0.0,871.64,10.23
60.5458,115.83,82.94,58.08,116.05,73.26,148.39,206.14,62.59,0.0,0.0,0.0,0.0,0.0,0.0,10.23,0.0,863.28,10.23
60.5558,106.48,76.34,53.24,118.25,73.26,150.48,212.41,64.57,0.0,0.0,0.0,0.0,0.0,0.0,10.23,0.0,855.03,10.23
60.5658,99.88,69.74,48.4,118.25,75.57,152.57,216.48,64.57,0.0,0.0,0.0,0.0,0.0,0.0,10.23,0.0,845.46,10.23
60.5758,91.08,63.14,41.14,120.56,75.57,154.66,218.57,64.57,0.0,0.0,0.0,0.0,0.0,0.0,7.7,0.0,829.29,7.7
60.5858,84.48,58.74,36.3,124.96,75.57,156.86,220.66,66.55,0.0,0.0,0.0,0.0,0.0,0.0,7.7,0.0,824.12,7.7
60.5958,77.77,52.58,33.88,127.27,73.26,158.95,220.66,66.55,0.0,0.0,0.0,0.0,0.0,0.0,7.7,0.0,810.92,7.7
60.6058,68.97,48.73,29.04,131.67,73.26,161.04,220.66,66.55,0.0,0.0,0.0,0.0,0.0,0.0,7.7,0.0,799.92,7.7
60.6158,62.37,44.77,24.2,136.18,73.26,163.13,220.66,66.55,0.0,0.0,0.0,0.0,0.0,0.0,7.7,0.0,791.12,7.7
60.6258,57.97,42.79,21.78,138.38,73.26,165.33,218.57,66.55,0.0,0.0,0.0,0.0,0.0,0.0,7.7,0.0,784.63,7.7
60.6358,48.73,38.94,19.36,140.69,70.95,165.33,218.57,66.55,0.0,0.0,0.0,0.0,0.0,0.0,5.06,0.0,769.12,5.06
60.6458,39.49,33.11,14.52,145.09,70.95,167.53,216.48,66.55,0.0,0.0,0.0,0.0,0.0,0.0,5.06,0.0,753.72,5.06
60.6558,30.14,29.15,14.52,149.6,68.64,169.73,212.41,66.55,0.0,0.0,0.0,0.0,0.0,0.0,0.0,0.0,740.74,0.0
60.6658,25.52,25.3,12.1,154.11,68.64,171.93,210.32,66.55,0.0,0.0,0.0,0.0,0.0,0.0,0.0,0.0,734.47,0.0
60.6758,23.21,21.34,9.68,158.51,66.33,171.93,204.05,64.57,0.0,0.0,0.0,0.0,0.0,0.0,0.0,0.0,719.62,0.0
60.6858,18.59,19.47,9.68,165.33,64.02,174.13,199.98,64.57,0.0,0.0,0.0,0.0,0.0,0.0,0.0,0.0,715.77,0.0
60.6958,16.17,17.49,9.68,172.37,59.4,176.33,193.71,64.57,0.0,0.0,0.0,0.0,0.0,0.0,0.0,0.0,709.72,0.0
60.7058,13.86,13.64,7.26,179.41,57.2,176.33,189.64,64.57,0.0,0.0,0.0,0.0,0.0,0.0,0.0,0.0,701.91,0.0
60.7157,13.86,13.64,7.26,184.14,55.0,178.53,187.55,62.59,0.0,0.0,0.0,0.0,0.0,0.0,0.0,0.0,702.57,0.0
60.7257,11.55,11.66,7.26,186.56,52.91,178.53,185.46,62.59,0.0,0.0,0.0,0.0,0.0,0.0,0.0,0.0,696.52,0.0
60.7357,11.55,9.68,7.26,188.87,52.91,180.73,183.37,62.59,0.0,0.0,0.0,0.0,0.0,0.0,0.0,0.0,696.96,0.0
60.7457,9.24,9.68,4.84,191.29,50.82,182.93,183.37,62.59,0.0,0.0,0.0,0.0,0.0,0.0,0.0,0.0,694.76,0.0
60.7557,9.24,7.7,4.84,191.29,48.62,182.93,183.37,60.5,0.0,0.0,0.0,0.0,0.0,0.0,0.0,0.0,688.49,0.0
60.7657,9.24,7.7,4.84,191.29,48.62,182.93,185.46,60.5,0.0,0.0,0.0,0.0,0.0,0.0,0.0,0.0,690.58,0.0
60.7757,9.24,7.7,4.84,191.29,46.53,182.93,185.46,60.5,0.0,0.0,0.0,0.0,0.0,0.0,0.0,0.0,688.49,0.0
60.7857,6.93,5.83,4.84,191.29,46.53,185.13,187.55,62.59,0.0,0.0,0.0,0.0,0.0,0.0,0.0,0.0,690.69,0.0
60.7957,6.93,5.83,0.0,188.87,44.44,185.13,189.64,62.59,0.0,0.0,0.0,0.0,0.0,0.0,0.0,0.0,683.43,0.0
60.8057,6.93,5.83,0.0,188.87,44.44,187.33,189.64,62.59,0.0,0.0,0.0,0.0,0.0,0.0,0.0,0.0,685.63,0.0
60.8157,6.93,5.83,0.0,188.87,42.35,185.13,191.62,62.59,0.0,0.0,0.0,0.0,0.0,0.0,0.0,0.0,683.32,0.0
60.8257,6.93,5.83,0.0,186.56,42.35,187.33,193.71,64.57,0.0,0.0,0.0,0.0,0.0,0.0,0.0,0.0,687.28,0.0
60.8357,4.62,5.83,0.0,186.56,42.35,187.33,195.8,66.55,0.0,0.0,0.0,0.0,0.0,0.0,0.0,0.0,689.04,0.0
60.8457,4.62,3.85,0.0,184.14,40.15,187.33,195.8,66.55,0.0,0.0,0.0,0.0,0.0,0.0,0.0,0.0,682.44,0.0
60.8557,4.62,3.85,0.0,184.14,40.15,189.53,197.89,68.64,0.0,0.0,0.0,0.0,0.0,0.0,0.0,0.0,688.82,0.0
60.8657,4.62,3.85,0.0,184.14,38.06,189.53,197.89,68.64,0.0,0.0,0.0,0.0,0.0,0.0,0.0,0.0,686.73,0.0
60.8757,4.62,3.85,0.0,184.14,38.06,189.53,193.71,72.6,8.69,0.0,0.0,0.0,0.0,0.0,0.0,0.0,686.51,8.69
60.8857,0.0,3.85,0.0,184.14,35.97,191.73,191.62,72.6,21.01,4.62,0.0,0.0,0.0,0.0,0.0,0.0,679.91,25.63
60.8957,0.0,3.85,0.0,184.14,33.88,191.73,185.46,74.69,57.97,18.7,4.73,0.0,0.0,0.0,0.0,0.0,673.75,81.4
60.9057,0.0,3.85,0.0,186.56,31.68,194.04,177.21,76.67,134.31,44.55,19.14,8.47,0.0,0.0,5.06,0.0,670.01,211.53
60.9157,0.0,3.85,0.0,181.83,27.5,191.73,166.87,78.65,153.34,60.94,28.71,36.74,0.0,0.0,7.7,0.0,650.43,287.43
60.9257,0.0,3.85,0.0,174.68,25.41,191.73,154.77,78.65,155.43,70.4,35.86,48.07,0.0,18.92,12.76,0.0,629.09,341.44
60.9357,0.0,3.85,0.0,163.02,21.12,189.53,144.65,80.74,155.43,75.13,40.7,53.68,0.0,30.8,15.4,4.18,602.91,375.32
60.9457,0.0,3.85,0.0,151.8,19.03,187.33,132.55,82.72,146.96,75.13,38.28,56.54,0.0,37.95,17.93,6.27,577.28,379.06
60.9557,0.0,3.85,0.0,138.38,16.94,182.93,120.45,82.72,142.78,75.13,35.86,62.48,0.0,40.37,17.93,6.27,545.27,380.82
60.9657,0.0,0.0,0.0,122.76,14.74,178.53,110.88,84.81,140.69,79.86,38.28,68.75,0.0,47.52,20.46,8.47,511.72,404.03
60.9757,0.0,0.0,0.0,107.14,12.65,171.93,101.75,84.81,144.87,84.59,38.28,78.21,0.0,54.56,23.1,10.56,478.28,434.17
60.9857,0.0,0.0,0.0,91.74,12.65,165.33,92.73,82.72,151.25,91.74,40.7,87.56,0.0,59.4,28.27,12.65,445.17,471.57
60.9957,0.0,0.0,0.0,74.03,10.56,154.66,81.84,82.72,161.81,101.2,43.12,93.94,0.0,64.79,30.8,14.74,403.81,510.4
61.0057,0.0,0.0,0.0,56.87,10.56,139.92,72.82,82.72,177.65,113.08,50.27,100.21,0.0,70.18,35.97,14.74,362.89,562.1
61.0157,0.0,0.0,0.0,43.01,10.56,122.98,60.06,82.72,191.51,120.56,52.69,106.48,5.5,75.68,41.03,16.94,319.33,610.39
61.0257,0.0,0.0,0.0,32.67,10.56,98.89,48.84,80.74,207.79,130.57,57.75,109.56,5.5,78.32,43.67,16.94,271.7,650.1
61.0357,0.0,0.0,0.0,27.5,8.47,67.54,39.71,74.69,219.34,138.05,63.25,115.94,5.5,83.82,46.2,19.03,217.91,691.13
61.0457,0.0,0.0,0.0,20.68,6.27,41.03,30.47,64.57,231.44,145.64,66.0,122.21,5.5,89.21,48.73,21.12,163.02,729.85
61.0557,0.0,0.0,0.0,17.16,4.18,29.26,24.42,51.15,238.81,153.12,68.75,128.48,5.5,94.6,51.37,21.12,126.17,761.75
61.0657,0.0,0.0,0.0,13.75,0.0,21.45,22.88,37.07,248.6,160.6,71.39,134.86,8.25,100.1,51.37,23.21,95.15,798.38
61.0757,0.0,0.0,0.0,10.34,0.0,15.62,15.18,26.4,251.13,168.19,71.39,144.32,8.25,102.74,53.9,23.21,67.54,823.13
61.0857,0.0,0.0,0.0,8.58,0.0,11.66,7.59,19.36,251.13,173.03,71.39,153.78,8.25,108.24,56.54,25.41,47.19,847.77
61.0957,0.0,0.0,0.0,8.58,0.0,9.68,2.97,7.04,251.13,175.45,74.14,160.05,8.25,113.63,56.54,27.5,28.27,866.69
61.1057,0.0,0.0,0.0,6.82,0.0,7.81,0.0,0.0,251.13,177.87,74.14,169.62,8.25,121.88,62.48,27.5,14.63,892.87
61.1157,0.0,0.0,0.0,6.82,0.0,5.83,0.0,0.0,246.18,177.87,76.89,176.0,11.0,127.27,65.45,29.59,12.65,910.25
61.1257,0.0,0.0,0.0,6.82,0.0,5.83,0.0,0.0,241.23,175.45,76.89,182.38,11.0,132.77,71.39,29.59,12.65,920.7
61.1357,0.0,0.0,0.0,5.17,0.0,3.85,0.0,0.0,233.86,173.03,76.89,188.76,13.75,140.91,74.36,31.79,9.02,933.35
61.1457,0.0,0.0,0.0,3.41,0.0,3.85,0.0,0.0,224.07,170.61,74.14,195.14,13.75,146.3,77.33,33.88,7.26,935.22
61.1557,0.0,0.0,0.0,3.41,0.0,3.85,0.0,0.0,214.72,165.66,74.14,198.44,13.75,149.05,83.27,35.97,7.26,935.0
61.1657,0.0,0.0,0.0,3.41,0.0,3.85,0.0,0.0,205.48,160.6,71.39,204.82,13.75,154.55,83.27,35.97,7.26,929.83
61.1757,0.0,0.0,0.0,3.41,0.0,0.0,0.0,0.0,196.24,155.65,68.75,211.2,13.75,157.19,89.32,38.06,3.41,930.16
61.1857,0.0,0.0,0.0,3.41,0.0,0.0,0.0,0.0,186.89,150.59,66.0,214.39,16.5,159.94,89.32,38.06,3.41,921.69
61.1957,0.0,0.0,0.0,0.0,0.0,0.0,0.0,0.0,177.65,145.64,63.25,220.77,16.5,162.69,92.29,38.06,0.0,916.85
61.2057,0.0,0.0,0.0,3.41,0.0,0.0,0.0,0.0,168.41,140.58,60.5,224.07,16.5,165.44,92.29,40.26,3.41,908.05
61.2157,0.0,0.0,0.0,3.41,0.0,0.0,0.0,0.0,159.72,135.52,57.75,226.93,16.5,168.19,95.26,40.26,3.41,900.13
61.2257,0.0,0.0,0.0,0.0,0.0,0.0,0.0,0.0,153.34,133.1,57.75,232.76,16.5,170.83,95.26,42.35,0.0,901.89
61.2357,0.0,0.0,0.0,0.0,0.0,0.0,0.0,0.0,146.96,128.04,55.11,232.76,16.5,173.47,98.23,42.35,0.0,893.42
61.2457,0.0,0.0,0.0,0.0,0.0,0.0,0.0,0.0,140.69,123.09,52.69,235.62,19.25,176.22,101.2,42.35,0.0,891.11
61.2557,0.0,0.0,0.0,0.0,0.0,0.0,0.0,0.0,136.4,118.03,52.69,235.62,19.25,178.86,107.14,42.35,0.0,890.34
61.2657,0.0,0.0,0.0,0.0,0.0,0.0,0.0,0.0,134.31,115.5,52.69,235.62,19.25,181.61,110.22,44.44,0.0,893.64
61.2757,0.0,0.0,0.0,0.0,0.0,0.0,0.0,0.0,130.02,110.66,52.69,235.62,22.0,187.0,115.94,44.44,0.0,898.37
61.2857,0.0,0.0,0.0,0.0,0.0,0.0,0.0,0.0,125.84,105.93,52.69,235.62,22.0,189.64,118.91,46.53,0.0,897.16
61.2957,0.0,0.0,0.0,0.0,0.0,0.0,0.0,0.0,123.75,103.51,52.69,235.62,22.0,192.39,124.63,46.53,0.0,901.12
61.3057,0.0,0.0,0.0,0.0,0.0,0.0,0.0,0.0,117.37,98.78,50.27,232.76,24.75,197.67,133.32,50.82,0.0,905.74
61.3157,0.0,0.0,0.0,0.0,0.0,0.0,0.0,0.0,111.43,91.74,50.27,235.62,24.75,203.06,139.15,52.91,0.0,908.93
61.3257,0.0,0.0,0.0,0.0,0.0,0.0,0.0,0.0,103.73,87.01,47.85,235.62,27.5,211.2,147.84,57.53,0.0,918.28
61.3357,0.0,0.0,0.0,0.0,0.0,0.0,0.0,0.0,94.16,79.86,43.12,235.62,27.5,216.59,156.53,62.37,0.0,915.75
61.3457,0.0,0.0,0.0,0.0,0.0,0.0,0.0,0.0,86.57,72.82,43.12,238.59,30.25,221.98,162.36,67.32,0.0,923.01
61.3557,0.0,0.0,0.0,3.41,0.0,0.0,0.0,0.0,77.0,65.67,38.28,238.59,30.25,230.34,171.27,69.74,3.41,921.14
61.3657,0.0,0.0,0.0,0.0,0.0,0.0,0.0,0.0,69.41,58.63,35.86,235.62,30.25,235.95,180.18,74.69,0.0,920.59
61.3757,0.0,0.0,0.0,0.0,0.0,0.0,0.0,0.0,61.71,53.9,33.44,235.62,33.0,241.45,189.09,77.11,0.0,925.32
61.3857,0.0,0.0,0.0,0.0,0.0,0.0,0.0,0.0,50.93,46.86,28.71,235.62,33.0,244.31,198.11,79.53,0.0,917.07
61.3957,0.0,0.0,0.0,0.0,0.0,0.0,0.0,0.0,40.37,39.82,26.29,235.62,35.75,247.06,204.05,81.95,0.0,910.91
61.4057,0.0,0.0,0.0,0.0,0.0,0.0,0.0,0.0,33.33,32.78,23.87,232.76,35.75,249.92,215.93,84.48,0.0,908.82
61.4157,0.0,0.0,0.0,0.0,0.0,0.0,0.0,0.0,24.53,25.74,19.14,226.93,35.75,249.92,221.98,86.9,0.0,890.89
61.4257,0.0,0.0,0.0,0.0,0.0,0.0,0.0,0.0,19.25,16.39,14.3,220.77,38.5,252.67,230.45,89.32,0.0,881.65
61.4357,0.0,0.0,0.0,0.0,0.0,0.0,0.0,0.0,13.97,13.97,11.88,211.2,35.75,252.67,238.92,91.74,0.0,870.1
61.4457,0.0,0.0,0.0,0.0,0.0,0.0,0.0,0.0,12.21,11.66,9.57,195.14,35.75,252.67,247.39,96.69,0.0,861.08
61.4557,0.0,0.0,0.0,0.0,0.0,0.0,0.0,0.0,10.45,9.35,7.15,182.38,35.75,252.67,255.86,99.11,0.0,852.72
61.4657,0.0,0.0,0.0,0.0,0.0,0.0,0.0,0.0,8.69,6.93,4.73,166.43,33.0,252.67,261.47,106.48,0.0,840.4
61.4757,0.0,0.0,0.0,0.0,0.0,0.0,0.0,0.0,8.69,4.62,4.73,150.59,30.25,249.92,267.19,111.32,0.0,827.31
61.4857,16.17,0.0,0.0,0.0,0.0,0.0,0.0,0.0,6.93,0.0,0.0,131.67,27.5,249.92,269.94,118.25,16.17,804.21
61.4957,77.77,0.0,0.0,3.41,0.0,0.0,0.0,0.0,6.93,0.0,0.0,115.94,22.0,247.06,269.94,122.76,81.18,784.63
61.5057,233.75,23.32,7.26,3.41,0.0,0.0,0.0,0.0,5.17,0.0,0.0,97.02,19.25,241.45,269.94,129.47,267.74,762.3
61.5157,246.73,36.96,21.78,5.17,0.0,3.85,0.0,0.0,5.17,0.0,0.0,75.02,13.75,233.09,272.8,133.87,314.49,733.7
61.5257,236.28,56.54,36.3,8.58,0.0,3.85,0.0,0.0,5.17,0.0,0.0,50.82,8.25,216.59,269.94,140.58,341.55,691.35
61.5357,233.75,76.34,48.4,15.51,0.0,3.85,0.0,0.0,3.41,0.0,0.0,33.88,5.5,195.03,267.19,142.89,377.85,647.9
61.5457,236.28,93.94,55.77,24.09,0.0,3.85,0.0,0.0,0.0,0.0,0.0,19.8,0.0,162.69,264.33,147.29,413.93,594.11
61.5557,238.92,111.54,62.81,27.5,0.0,5.83,0.0,0.0,0.0,0.0,0.0,14.08,0.0,119.13,255.86,149.6,446.6,538.67
61.5657,238.92,122.21,67.54,36.19,0.0,9.68,0.0,0.0,0.0,0.0,0.0,14.08,0.0,72.93,236.06,145.09,474.54,468.16
61.5757,244.09,132.66,72.27,46.53,0.0,15.62,0.0,3.52,0.0,0.0,0.0,11.22,0.0,45.1,195.14,131.67,514.69,383.13
61.5857,254.43,145.2,81.73,53.35,0.0,25.3,0.0,5.28,0.0,0.0,0.0,8.47,0.0,30.8,139.15,118.25,565.29,296.67
61.5957,272.58,155.65,93.5,56.87,0.0,35.09,4.51,10.56,0.0,0.0,0.0,8.47,0.0,26.07,86.35,99.11,628.76,220.0
61.6057,290.62,168.3,105.27,63.03,0.0,46.86,12.21,14.08,0.0,0.0,0.0,5.61,0.0,23.65,62.48,79.53,700.37,171.27
61.6157,308.44,177.43,119.79,65.23,4.18,54.67,21.34,15.84,0.0,0.0,0.0,0.0,0.0,18.92,43.67,52.91,766.92,115.5
61.6257,323.84,186.45,134.64,67.43,6.27,63.03,32.01,19.36,0.0,0.0,0.0,0.0,0.0,14.19,30.8,27.5,833.03,72.49
61.6357,334.07,190.96,144.54,67.43,10.56,67.54,39.71,21.12,0.0,0.0,0.0,0.0,0.0,9.46,20.46,8.47,875.93,38.39
61.6457,341.99,193.27,149.49,67.43,12.65,69.74,45.76,22.88,0.0,0.0,0.0,0.0,0.0,4.73,15.4,4.18,903.21,24.31
61.6557,344.63,193.27,154.44,67.43,16.94,72.05,50.38,24.64,0.0,0.0,0.0,0.0,0.0,4.73,15.4,4.18,923.78,24.31
61.6657,344.63,190.96,154.44,67.43,19.03,74.25,55.0,24.64,0.0,0.0,0.0,0.0,0.0,4.73,12.76,0.0,930.38,17.49
61.6757,341.99,188.76,154.44,65.23,19.03,76.56,58.3,24.64,0.0,0.0,0.0,0.0,0.0,4.73,10.23,0.0,928.95,14.96
61.6857,339.35,186.45,152.02,65.23,21.12,76.56,60.06,24.64,0.0,0.0,0.0,0.0,0.0,0.0,10.23,0.0,925.43,10.23
61.6957,336.71,181.94,152.02,63.03,23.21,74.25,61.93,26.4,0.0,0.0,0.0,0.0,0.0,0.0,10.23,0.0,919.49,10.23
61.7057,334.07,177.43,147.07,63.03,23.21,74.25,63.69,24.64,0.0,0.0,0.0,0.0,0.0,0.0,7.7,0.0,907.39,7.7
61.7157,328.9,172.81,144.54,60.83,23.21,74.25,65.56,24.64,0.0,0.0,0.0,0.0,0.0,0.0,7.7,0.0,894.74,7.7
61.7257,321.31,166.1,139.59,58.63,25.41,72.05,65.56,24.64,0.0,0.0,0.0,0.0,0.0,0.0,7.7,0.0,873.29,7.7
61.7357,313.61,159.83,137.17,56.87,27.5,72.05,67.32,24.64,0.0,0.0,0.0,0.0,0.0,0.0,7.7,0.0,858.99,7.7
61.7457,305.91,153.56,132.22,56.87,27.5,72.05,70.95,24.64,0.0,0.0,0.0,0.0,0.0,0.0,7.7,0.0,843.7,7.7
61.7557,295.68,147.29,129.69,58.63,29.59,74.25,74.58,24.64,0.0,0.0,0.0,0.0,0.0,0.0,5.06,0.0,834.35,5.06
61.7657,285.45,143.11,127.27,58.63,31.68,76.56,78.21,26.4,0.0,0.0,0.0,0.0,0.0,0.0,5.06,0.0,827.31,5.06
61.7757,275.22,136.84,124.74,58.63,33.88,78.76,81.84,26.4,0.0,0.0,0.0,0.0,0.0,0.0,0.0,0.0,816.31,0.0
61.7857,264.88,132.66,122.32,60.83,35.97,80.96,87.23,28.27,0.0,0.0,0.0,0.0,0.0,0.0,0.0,0.0,813.12,0.0
61.7957,257.07,128.48,119.79,60.83,38.06,83.27,90.86,28.27,0.0,0.0,0.0,0.0,0.0,0.0,0.0,0.0,806.63,0.0
61.8057,249.26,124.3,117.37,63.03,40.15,87.67,96.36,28.27,0.0,0.0,0.0,0.0,0.0,0.0,0.0,0.0,806.41,0.0
61.8157,241.45,120.12,117.37,65.23,42.35,89.98,99.99,30.03,0.0,0.0,0.0,0.0,0.0,0.0,0.0,0.0,806.52,0.0
61.8257,233.75,115.94,114.84,65.23,42.35,92.18,105.38,30.03,0.0,0.0,0.0,0.0,0.0,0.0,0.0,0.0,799.7,0.0
61.8357,225.94,113.85,112.42,67.43,44.44,96.69,109.01,31.79,0.0,0.0,0.0,0.0,0.0,0.0,0.0,0.0,801.57,0.0
61.8457,218.46,109.34,110.0,71.83,46.53,101.2,114.51,31.79,0.0,0.0,0.0,0.0,0.0,0.0,0.0,0.0,803.66,0.0
61.8557,208.78,102.74,107.69,74.03,48.62,105.6,120.45,31.79,0.0,0.0,0.0,0.0,0.0,0.0,0.0,0.0,799.7,0.0
61.8657,199.1,98.34,102.96,78.43,48.62,112.42,128.59,33.55,0.0,0.0,0.0,0.0,0.0,0.0,0.0,0.0,802.01,0.0
61.8757,186.89,91.74,100.54,82.83,50.82,116.6,138.6,35.31,0.0,0.0,0.0,0.0,0.0,0.0,0.0,0.0,803.33,0.0
61.8857,177.21,87.34,95.81,87.34,52.91,122.98,148.72,37.07,0.0,0.0,0.0,0.0,0.0,0.0,0.0,0.0,809.38,0.0
61.8957,165.0,80.74,91.08,91.74,57.2,129.25,160.82,38.83,0.0,0.0,0.0,0.0,0.0,0.0,0.0,0.0,814.66,0.0
61.9057,150.26,71.94,84.04,93.94,59.4,135.63,173.03,40.59,0.0,0.0,0.0,0.0,0.0,0.0,0.0,0.0,808.83,0.0
61.9157,135.52,65.34,77.0,98.34,61.71,144.1,185.46,44.11,0.0,0.0,0.0,0.0,0.0,0.0,0.0,0.0,811.58,0.0
61.9257,120.78,56.54,69.85,102.74,64.02,150.48,197.89,47.63,5.17,0.0,0.0,0.0,0.0,0.0,0.0,0.0,809.93,5.17
61.9357,104.28,48.73,62.81,104.94,66.33,154.66,210.32,49.39,5.17,0.0,0.0,0.0,0.0,0.0,0.0,0.0,801.46,5.17
61.9457,88.88,40.92,53.24,104.94,68.64,161.04,222.75,52.91,5.17,0.0,0.0,0.0,0.0,0.0,0.0,0.0,793.32,5.17
61.9557,68.97,33.11,43.56,107.14,68.64,167.53,233.64,56.54,3.41,0.0,0.0,0.0,0.0,0.0,0.0,0.0,779.13,3.41
61.9657,44.11,23.32,29.04,109.34,68.64,171.93,242.44,58.52,3.41,0.0,0.0,0.0,0.0,0.0,0.0,0.0,747.34,3.41
61.9757,30.14,15.51,19.36,107.14,66.33,176.33,253.55,62.59,3.41,0.0,0.0,0.0,0.0,0.0,0.0,0.0,730.95,3.41
61.9857,20.9,11.66,12.1,102.74,64.02,178.53,262.35,66.55,8.69,0.0,0.0,0.0,0.0,0.0,0.0,0.0,718.85,8.69
61.9957,13.86,7.7,9.68,96.14,61.71,178.53,271.15,68.64,19.25,0.0,0.0,0.0,0.0,0.0,0.0,0.0,707.41,19.25
62.0057,11.55,5.83,7.26,82.83,55.0,178.53,275.66,74.69,80.85,16.39,0.0,0.0,0.0,0.0,0.0,0.0,691.35,97.24
62.0157,6.93,3.85,4.84,69.63,48.62,178.53,277.86,80.74,196.24,51.59,14.3,0.0,0.0,0.0,0.0,0.0,671.0,262.13
62.0257,6.93,3.85,0.0,55.11,40.15,171.93,277.86,84.81,203.17,70.4,28.71,22.55,0.0,0.0,5.06,0.0,640.64,329.89
62.0357,4.62,3.85,0.0,41.36,29.59,165.33,271.15,90.86,214.72,101.2,43.12,45.21,0.0,0.0,10.23,0.0,606.76,414.48
62.0457,0.0,0.0,0.0,29.26,19.03,150.48,262.35,92.84,207.79,110.66,47.85,71.94,0.0,18.92,12.76,0.0,553.96,469.92
62.0557,0.0,0.0,0.0,18.92,12.65,129.25,249.04,96.91,200.86,123.09,50.27,90.75,0.0,45.1,15.4,4.18,506.77,529.65
62.0657,0.0,0.0,0.0,11.99,6.27,101.2,231.44,96.91,198.55,128.04,52.69,100.21,0.0,62.04,20.46,8.47,447.81,570.46
62.0757,0.0,0.0,0.0,10.34,6.27,67.54,206.14,94.82,200.86,135.52,57.75,109.56,0.0,75.68,33.33,12.65,385.11,625.35
62.0857,0.0,0.0,0.0,8.58,6.27,39.05,158.84,86.79,207.79,145.64,63.25,115.94,5.5,83.82,43.67,16.94,299.53,682.55
62.0957,0.0,0.0,0.0,6.82,6.27,25.3,103.62,74.69,219.34,155.65,68.75,122.21,8.25,91.96,51.37,19.03,216.7,736.56
62.1057,0.0,0.0,0.0,5.17,4.18,17.49,55.0,56.54,231.44,165.66,74.14,125.4,8.25,97.35,53.9,21.12,138.38,777.26
62.1157,0.0,0.0,0.0,3.41,0.0,13.64,36.63,42.35,243.76,173.03,79.64,134.86,11.0,102.74,59.51,23.21,96.03,827.75
62.1257,0.0,0.0,0.0,0.0,0.0,11.66,27.5,26.4,246.18,180.29,79.64,144.32,11.0,108.24,62.48,25.41,65.56,857.56
62.1357,0.0,0.0,0.0,0.0,0.0,7.81,21.34,17.6,243.76,182.71,82.39,156.97,13.75,113.63,65.45,27.5,46.75,886.16
62.1456,0.0,0.0,0.0,0.0,0.0,5.83,13.75,7.04,238.81,187.55,79.64,176.0,13.75,121.88,71.39,29.59,26.62,918.61
62.1556,0.0,0.0,0.0,0.0,0.0,3.85,9.13,3.52,226.49,187.55,79.64,191.95,13.75,132.77,74.36,29.59,16.5,936.1
62.1656,0.0,0.0,0.0,0.0,0.0,3.85,9.13,3.52,217.03,187.55,76.89,208.01,16.5,140.91,77.33,31.79,16.5,956.01
62.1756,0.0,0.0,0.0,0.0,0.0,0.0,7.59,0.0,210.1,185.13,76.89,220.77,16.5,151.8,83.27,33.88,7.59,978.34
62.1856,0.0,0.0,0.0,0.0,0.0,0.0,6.05,0.0,200.86,177.87,76.89,229.79,19.25,157.19,89.32,35.97,6.05,987.14
62.1956,0.0,0.0,0.0,0.0,0.0,0.0,4.51,0.0,191.51,173.03,74.14,235.62,19.25,162.69,95.26,35.97,4.51,987.47
62.2056,0.0,0.0,0.0,0.0,0.0,0.0,2.97,0.0,182.27,165.66,71.39,238.59,19.25,168.19,104.17,38.06,2.97,987.58
62.2156,0.0,0.0,0.0,0.0,0.0,0.0,0.0,0.0,170.72,155.65,71.39,238.59,22.0,170.83,110.22,38.06,0.0,977.46
62.2256,0.0,0.0,0.0,0.0,0.0,0.0,0.0,0.0,163.9,145.64,68.75,238.59,24.75,173.47,115.94,40.26,0.0,971.3
62.2356,0.0,0.0,0.0,0.0,0.0,0.0,0.0,0.0,153.34,135.52,66.0,235.62,24.75,176.22,121.77,40.26,0.0,953.48
62.2456,0.0,0.0,0.0,0.0,0.0,0.0,0.0,0.0,144.87,128.04,63.25,232.76,27.5,178.86,127.6,40.26,0.0,943.14
62.2556,0.0,0.0,0.0,0.0,0.0,0.0,0.0,0.0,136.4,118.03,60.5,229.79,27.5,178.86,127.6,42.35,0.0,921.03
62.2656,0.0,0.0,0.0,0.0,0.0,0.0,0.0,0.0,125.84,110.66,55.11,226.93,27.5,181.61,130.46,40.26,0.0,898.37
62.2756,0.0,0.0,0.0,0.0,0.0,0.0,0.0,0.0,119.46,103.51,55.11,224.07,27.5,181.61,133.32,42.35,0.0,886.93
62.2856,0.0,0.0,0.0,0.0,0.0,0.0,0.0,0.0,111.43,96.47,52.69,220.77,27.5,184.25,136.29,42.35,0.0,871.75
62.2956,0.0,0.0,0.0,0.0,0.0,0.0,0.0,0.0,105.71,89.32,50.27,220.77,27.5,187.0,139.15,44.44,0.0,864.16
62.3056,0.0,0.0,0.0,0.0,0.0,0.0,0.0,0.0,99.99,84.59,50.27,220.77,27.5,189.64,139.15,44.44,0.0,856.35
62.3156,0.0,0.0,0.0,0.0,0.0,0.0,0.0,0.0,92.29,79.86,47.85,217.58,27.5,192.39,144.98,46.53,0.0,848.98
62.3256,0.0,0.0,0.0,0.0,0.0,0.0,0.0,0.0,86.57,75.13,45.43,220.77,27.5,195.03,147.84,48.73,0.0,847.0
62.3356,0.0,0.0,0.0,0.0,0.0,0.0,0.0,0.0,80.85,70.4,43.12,224.07,30.25,200.42,150.81,50.82,0.0,850.74
62.3456,0.0,0.0,0.0,0.0,0.0,0.0,0.0,0.0,73.15,65.67,40.7,224.07,30.25,205.81,156.53,52.91,0.0,849.09
62.3556,0.0,0.0,0.0,0.0,0.0,0.0,0.0,0.0,65.56,60.94,38.28,229.79,30.25,211.2,159.5,57.53,0.0,853.05
62.3656,0.0,0.0,0.0,0.0,0.0,0.0,0.0,0.0,56.21,53.9,33.44,232.76,30.25,213.84,165.33,59.95,0.0,845.68
62.3756,0.0,0.0,0.0,0.0,0.0,0.0,0.0,0.0,49.17,49.17,31.13,232.76,33.0,221.98,171.27,64.9,0.0,853.38
62.3856,0.0,0.0,0.0,0.0,0.0,0.0,0.0,0.0,38.61,42.13,28.71,235.62,33.0,227.48,177.21,67.32,0.0,850.08
62.3956,0.0,0.0,0.0,0.0,0.0,0.0,0.0,0.0,29.81,35.09,21.56,235.62,33.0,233.09,186.12,72.16,0.0,846.45
62.4056,0.0,0.0,0.0,0.0,0.0,0.0,0.0,0.0,22.77,28.05,16.72,232.76,33.0,238.7,198.11,77.11,0.0,847.22
62.4156,0.0,0.0,0.0,0.0,0.0,0.0,0.0,0.0,19.25,21.01,14.3,229.79,33.0,244.31,207.02,81.95,0.0,850.63
62.4256,0.0,0.0,0.0,0.0,0.0,0.0,0.0,0.0,13.97,16.39,11.88,224.07,33.0,247.06,218.9,86.9,0.0,852.17
62.4356,0.0,0.0,0.0,0.0,0.0,0.0,0.0,0.0,12.21,11.66,9.57,220.77,33.0,249.92,227.59,91.74,0.0,856.46
62.4456,0.0,0.0,0.0,0.0,0.0,0.0,0.0,0.0,10.45,9.35,7.15,211.2,33.0,255.42,236.06,96.69,0.0,859.32
62.4556,0.0,0.0,0.0,0.0,0.0,0.0,0.0,0.0,8.69,6.93,4.73,201.63,33.0,255.42,247.39,104.06,0.0,861.85
62.4656,0.0,0.0,0.0,0.0,0.0,0.0,0.0,0.0,6.93,6.93,4.73,188.76,30.25,258.28,253.0,108.9,0.0,857.78
62.4756,0.0,0.0,0.0,0.0,0.0,0.0,0.0,0.0,6.93,4.62,0.0,172.81,27.5,261.03,258.72,116.05,0.0,847.66
62.4856,0.0,0.0,0.0,0.0,0.0,0.0,0.0,0.0,5.17,4.62,0.0,153.78,24.75,258.28,264.33,120.45,0.0,831.38
62.4956,0.0,0.0,0.0,0.0,0.0,0.0,0.0,0.0,5.17,0.0,0.0,137.94,22.0,258.28,267.19,124.96,0.0,815.54
62.5056,4.62,0.0,0.0,0.0,0.0,0.0,0.0,0.0,5.17,0.0,0.0,119.02,19.25,255.42,269.94,131.67,4.62,800.47
62.5156,20.9,0.0,0.0,0.0,0.0,0.0,0.0,0.0,3.41,0.0,0.0,97.02,13.75,249.92,269.94,138.38,20.9,772.42
62.5256,108.68,9.68,0.0,0.0,0.0,0.0,0.0,0.0,3.41,0.0,0.0,78.21,11.0,241.45,272.8,145.09,118.36,751.96
62.5356,267.41,40.92,14.52,3.41,0.0,0.0,0.0,0.0,3.41,0.0,0.0,59.4,8.25,227.48,269.94,154.0,326.26,722.48
62.5456,254.43,58.74,36.3,17.16,0.0,3.85,0.0,0.0,0.0,0.0,0.0,42.35,5.5,205.81,269.94,163.02,370.48,686.62
62.5556,249.26,85.14,50.82,29.26,0.0,5.83,0.0,0.0,0.0,0.0,0.0,25.41,0.0,173.47,267.19,167.53,420.31,633.6
62.5656,251.9,102.74,62.81,36.19,0.0,7.81,2.97,3.52,0.0,0.0,0.0,19.8,5.5,124.52,255.86,167.53,467.94,573.21
62.5756,254.43,120.12,69.85,44.77,0.0,7.81,2.97,3.52,0.0,0.0,0.0,16.94,5.5,75.68,233.2,163.02,503.47,494.34
62.5856,254.43,134.75,79.31,55.11,0.0,9.68,4.51,5.28,0.0,0.0,0.0,14.08,8.25,45.1,183.15,147.29,543.07,397.87
62.5956,257.07,145.2,91.08,74.03,4.18,27.28,6.05,12.32,0.0,0.0,0.0,11.22,8.25,33.22,118.91,131.67,617.21,303.27
62.6056,270.05,157.74,105.27,80.63,4.18,41.03,19.8,19.36,0.0,0.0,0.0,8.47,8.25,28.49,74.36,111.32,698.06,230.89
62.6156,285.45,168.3,119.79,89.54,12.65,52.69,35.09,24.64,0.0,0.0,0.0,5.61,5.5,23.65,53.9,84.48,788.15,173.14
62.6256,300.85,179.63,137.17,93.94,16.94,60.83,48.84,30.03,0.0,0.0,0.0,0.0,0.0,16.61,38.5,52.91,868.23,108.02
62.6356,311.08,184.25,147.07,93.94,23.21,65.34,58.3,33.55,0.0,0.0,0.0,0.0,0.0,11.88,25.63,16.94,916.74,54.45
62.6456,316.14,188.76,152.02,96.14,27.5,69.74,67.32,35.31,0.0,0.0,0.0,0.0,0.0,7.04,17.93,4.18,952.93,29.15
62.6556,318.67,186.45,154.44,96.14,31.68,74.25,76.45,37.07,0.0,0.0,0.0,0.0,0.0,4.73,15.4,4.18,975.15,24.31
62.6656,313.61,184.25,154.44,96.14,35.97,76.56,83.71,37.07,0.0,0.0,0.0,0.0,0.0,4.73,12.76,0.0,981.75,17.49
62.6756,305.91,177.43,154.44,96.14,38.06,80.96,94.49,38.83,0.0,0.0,0.0,0.0,0.0,4.73,12.76,0.0,986.26,17.49
62.6856,293.15,170.61,152.02,96.14,42.35,85.47,103.62,42.35,0.0,0.0,0.0,0.0,0.0,0.0,10.23,0.0,985.71,10.23
62.6956,277.86,161.92,149.49,98.34,44.44,87.67,114.51,44.11,0.0,0.0,0.0,0.0,0.0,0.0,10.23,0.0,978.34,10.23
62.7056,264.88,155.65,144.54,98.34,48.62,92.18,126.5,45.87,0.0,0.0,0.0,0.0,0.0,0.0,7.7,0.0,976.58,7.7
62.7156,249.26,147.29,142.12,98.34,52.91,96.69,138.6,49.39,0.0,0.0,0.0,0.0,0.0,0.0,7.7,0.0,974.6,7.7
62.7256,236.28,136.84,134.64,100.54,55.0,98.89,148.72,51.15,0.0,0.0,0.0,0.0,0.0,0.0,7.7,0.0,962.06,7.7
62.7356,220.88,128.48,129.69,100.54,57.2,103.4,156.75,52.91,0.0,0.0,0.0,0.0,0.0,0.0,5.06,0.0,949.85,5.06
62.7456,206.36,120.12,119.79,100.54,57.2,105.6,164.89,52.91,0.0,0.0,0.0,0.0,0.0,0.0,5.06,0.0,927.41,5.06
62.7556,191.73,109.34,112.42,100.54,59.4,107.91,170.94,54.67,0.0,0.0,0.0,0.0,0.0,0.0,0.0,0.0,906.95,0.0
62.7656,179.63,100.54,105.27,100.54,61.71,107.91,177.21,54.67,0.0,0.0,0.0,0.0,0.0,0.0,0.0,0.0,887.48,0.0
62.7756,165.0,91.74,95.81,100.54,61.71,110.11,183.37,56.54,0.0,0.0,0.0,0.0,0.0,0.0,0.0,0.0,864.82,0.0
62.7856,150.26,82.94,86.35,102.74,61.71,112.42,187.55,56.54,0.0,0.0,0.0,0.0,0.0,0.0,0.0,0.0,840.51,0.0
62.7956,137.94,74.14,79.31,102.74,64.02,114.51,193.71,58.52,0.0,0.0,0.0,0.0,0.0,0.0,0.0,0.0,824.89,0.0
62.8056,123.2,65.34,72.27,102.74,64.02,116.6,199.98,58.52,0.0,0.0,0.0,0.0,0.0,0.0,0.0,0.0,802.67,0.0
62.8156,110.99,56.54,65.12,102.74,64.02,118.69,206.14,60.5,0.0,0.0,0.0,0.0,0.0,0.0,0.0,0.0,784.74,0.0
62.8256,97.68,50.6,58.08,102.74,66.33,120.78,212.41,62.59,0.0,0.0,0.0,0.0,0.0,0.0,0.0,0.0,771.21,0.0
62.8356,86.68,44.77,50.82,102.74,66.33,125.07,218.57,62.59,0.0,0.0,0.0,0.0,0.0,0.0,0.0,0.0,757.57,0.0
62.8456,75.57,38.94,43.56,102.74,66.33,129.25,224.84,64.57,0.0,0.0,0.0,0.0,0.0,0.0,0.0,0.0,745.8,0.0
62.8556,62.37,33.11,38.72,104.94,66.33,131.45,233.64,66.55,0.0,0.0,0.0,0.0,0.0,0.0,0.0,0.0,737.11,0.0
62.8656,53.35,27.28,31.46,104.94,68.64,135.63,242.44,68.64,0.0,0.0,0.0,0.0,0.0,0.0,0.0,0.0,732.38,0.0
62.8756,41.8,21.34,26.62,104.94,68.64,139.92,253.55,70.62,0.0,0.0,0.0,0.0,0.0,0.0,0.0,0.0,727.43,0.0
62.8856,32.45,17.49,19.36,104.94,68.64,142.01,264.55,70.62,0.0,0.0,0.0,0.0,0.0,0.0,0.0,0.0,720.06,0.0
62.8956,25.52,13.64,16.94,102.74,68.64,146.19,275.66,72.6,0.0,0.0,0.0,0.0,0.0,0.0,0.0,0.0,721.93,0.0
62.9056,20.9,11.66,14.52,102.74,68.64,150.48,289.19,76.67,0.0,0.0,0.0,0.0,0.0,0.0,0.0,0.0,734.8,0.0
62.9156,16.17,9.68,12.1,100.54,68.64,152.57,300.41,76.67,0.0,0.0,0.0,0.0,0.0,0.0,0.0,0.0,736.78,0.0
62.9256,13.86,7.7,9.68,100.54,66.33,154.66,309.54,78.65,0.0,0.0,0.0,0.0,0.0,0.0,0.0,0.0,740.96,0.0
62.9356,11.55,5.83,7.26,96.14,64.02,158.95,318.56,80.74,0.0,0.0,0.0,0.0,0.0,0.0,0.0,0.0,743.05,0.0
62.9456,9.24,5.83,7.26,91.74,61.71,161.04,325.27,82.72,0.0,0.0,0.0,0.0,0.0,0.0,0.0,0.0,744.81,0.0
62.9556,6.93,3.85,4.84,85.03,57.2,161.04,327.58,84.81,0.0,0.0,0.0,0.0,0.0,0.0,0.0,0.0,731.28,0.0
62.9656,6.93,3.85,0.0,76.23,52.91,161.04,329.78,86.79,0.0,0.0,0.0,0.0,0.0,0.0,0.0,0.0,717.53,0.0
62.9756,4.62,0.0,0.0,63.03,46.53,161.04,327.58,88.77,0.0,0.0,0.0,0.0,0.0,0.0,0.0,0.0,691.57,0.0
62.9856,4.62,0.0,0.0,53.35,38.06,161.04,325.27,92.84,0.0,0.0,0.0,0.0,0.0,0.0,0.0,0.0,675.18,0.0
62.9956,0.0,0.0,0.0,41.36,31.68,156.86,320.76,94.82,10.45,0.0,0.0,0.0,0.0,0.0,0.0,0.0,645.48,10.45
63.0056,0.0,0.0,0.0,32.67,23.21,150.48,314.05,98.89,57.97,9.35,0.0,0.0,0.0,0.0,0.0,0.0,619.3,67.32
63.0156,0.0,0.0,0.0,22.33,14.74,142.01,307.23,102.96,236.28,39.82,7.15,0.0,0.0,0.0,0.0,0.0,589.27,283.25
63.0256,0.0,0.0,0.0,13.75,10.56,125.07,298.21,102.96,231.44,70.4,14.3,11.22,0.0,0.0,0.0,0.0,550.55,327.36
63.0356,0.0,0.0,0.0,10.34,8.47,98.89,284.68,106.92,236.28,120.56,31.13,39.6,0.0,0.0,0.0,0.0,509.3,427.57
63.0456,0.0,0.0,0.0,8.58,6.27,67.54,266.75,106.92,233.86,153.12,40.7,87.56,0.0,7.04,7.7,0.0,456.06,529.98
63.0556,0.0,0.0,0.0,6.82,6.27,41.03,229.24,98.89,243.76,175.45,45.43,115.94,0.0,23.65,10.23,0.0,382.25,614.46
63.0656,0.0,0.0,0.0,6.82,6.27,27.28,168.96,84.81,228.91,173.03,47.85,131.67,0.0,42.68,12.76,0.0,294.14,636.9
63.0756,0.0,0.0,0.0,5.17,6.27,19.47,103.62,68.64,226.49,180.29,52.69,150.59,0.0,70.18,15.4,6.27,203.17,701.91
63.0856,0.0,0.0,0.0,3.41,4.18,15.62,55.0,52.91,231.44,187.55,57.75,166.43,0.0,89.21,25.63,12.65,131.12,770.66
63.0956,0.0,0.0,0.0,0.0,0.0,11.66,39.71,38.83,236.28,197.23,63.25,179.19,5.5,100.1,41.03,19.03,90.2,841.61
63.1056,0.0,0.0,0.0,0.0,0.0,9.68,30.47,26.4,241.23,202.07,68.75,191.95,8.25,113.63,51.37,23.21,66.55,900.46
63.1156,0.0,0.0,0.0,0.0,0.0,5.83,22.88,17.6,238.81,206.91,71.39,204.82,11.0,124.52,62.48,27.5,46.31,947.43
63.1256,0.0,0.0,0.0,0.0,0.0,3.85,16.72,8.8,231.44,206.91,71.39,217.58,13.75,135.41,71.39,29.59,29.37,977.46
63.1356,0.0,0.0,0.0,0.0,0.0,0.0,12.21,3.52,221.65,202.07,71.39,229.79,13.75,143.66,77.33,31.79,15.73,991.43
63.1456,0.0,0.0,0.0,0.0,0.0,0.0,10.67,3.52,210.1,197.23,68.75,241.45,16.5,154.55,83.27,35.97,14.19,1007.82
63.1556,0.0,0.0,0.0,0.0,0.0,0.0,9.13,3.52,196.24,189.97,66.0,253.11,16.5,162.69,89.32,35.97,12.65,1009.8
63.1656,0.0,0.0,0.0,0.0,0.0,0.0,7.59,0.0,182.27,182.71,63.25,261.8,19.25,168.19,95.26,38.06,7.59,1010.79
63.1756,0.0,0.0,0.0,0.0,0.0,0.0,6.05,0.0,168.41,173.03,60.5,270.6,19.25,176.22,98.23,40.26,6.05,1006.5
63.1856,0.0,0.0,0.0,0.0,0.0,0.0,4.51,0.0,151.25,160.6,55.11,279.51,19.25,181.61,104.17,42.35,4.51,993.85
63.1956,0.0,0.0,0.0,0.0,0.0,0.0,2.97,0.0,136.4,145.64,52.69,285.89,22.0,187.0,107.14,42.35,2.97,979.11
63.2056,0.0,0.0,0.0,0.0,0.0,0.0,2.97,0.0,119.46,130.57,47.85,292.16,22.0,192.39,110.22,44.44,2.97,959.09
63.2156,0.0,0.0,0.0,0.0,0.0,0.0,0.0,0.0,103.73,115.5,43.12,295.35,22.0,197.67,115.94,46.53,0.0,939.84
63.2256,0.0,0.0,0.0,0.0,0.0,0.0,0.0,0.0,88.44,101.2,38.28,298.43,22.0,203.06,118.91,46.53,0.0,916.85
63.2356,0.0,0.0,0.0,0.0,0.0,0.0,0.0,0.0,73.15,87.01,31.13,298.43,22.0,208.45,121.77,48.73,0.0,890.67
63.2456,0.0,0.0,0.0,0.0,0.0,0.0,0.0,0.0,59.84,75.13,26.29,295.35,24.75,211.2,127.6,50.82,0.0,870.98
63.2556,0.0,0.0,0.0,0.0,0.0,0.0,0.0,0.0,49.17,63.36,23.87,288.97,22.0,213.84,130.46,52.91,0.0,844.58
63.2656,0.0,0.0,0.0,0.0,0.0,0.0,0.0,0.0,42.13,56.21,19.14,285.89,22.0,219.23,133.32,55.11,0.0,833.03
63.2756,0.0,0.0,0.0,0.0,0.0,0.0,0.0,0.0,35.09,49.17,16.72,279.51,22.0,221.98,136.29,57.53,0.0,818.29
63.2856,0.0,0.0,0.0,0.0,0.0,0.0,0.0,0.0,29.81,44.55,11.88,273.46,22.0,224.73,139.15,62.37,0.0,807.95
63.2956,0.0,0.0,0.0,0.0,0.0,0.0,0.0,0.0,22.77,37.51,11.88,270.6,22.0,227.48,142.12,64.9,0.0,799.26
63.3056,0.0,0.0,0.0,0.0,0.0,0.0,0.0,0.0,19.25,30.47,9.57,261.8,22.0,230.34,147.84,69.74,0.0,791.01
63.3156,0.0,0.0,0.0,0.0,0.0,0.0,0.0,0.0,15.73,25.74,7.15,255.97,22.0,233.09,153.67,74.69,0.0,788.04
63.3256,0.0,0.0,0.0,0.0,0.0,0.0,0.0,0.0,12.21,18.7,7.15,247.28,22.0,235.95,159.5,77.11,0.0,779.9
63.3356,0.0,0.0,0.0,0.0,0.0,0.0,0.0,0.0,10.45,16.39,4.73,241.45,22.0,238.7,168.3,79.53,0.0,781.55
63.3456,0.0,0.0,0.0,0.0,0.0,0.0,0.0,0.0,8.69,13.97,4.73,232.76,19.25,241.45,174.24,84.48,0.0,779.57
63.3556,0.0,0.0,0.0,0.0,0.0,0.0,0.0,0.0,8.69,11.66,4.73,226.93,19.25,244.31,180.18,89.32,0.0,785.07
63.3656,0.0,0.0,0.0,0.0,0.0,0.0,0.0,0.0,6.93,9.35,4.73,220.77,19.25,247.06,186.12,91.74,0.0,785.95
63.3756,0.0,0.0,0.0,0.0,0.0,0.0,0.0,0.0,6.93,9.35,0.0,214.39,19.25,252.67,195.14,96.69,0.0,794.42
63.3856,0.0,0.0,0.0,0.0,0.0,0.0,0.0,0.0,6.93,6.93,0.0,204.82,19.25,258.28,201.08,101.53,0.0,798.82
63.3956,0.0,0.0,0.0,0.0,0.0,0.0,0.0,0.0,5.17,6.93,0.0,198.44,16.5,261.03,209.99,106.48,0.0,804.54
63.4056,0.0,0.0,0.0,0.0,0.0,0.0,0.0,0.0,5.17,4.62,0.0,188.76,19.25,266.64,215.93,111.32,0.0,811.69
63.4156,0.0,0.0,0.0,0.0,0.0,0.0,0.0,0.0,5.17,4.62,0.0,176.0,16.5,269.39,224.73,116.05,0.0,812.46
63.4256,0.0,0.0,0.0,0.0,0.0,0.0,0.0,0.0,5.17,4.62,0.0,166.43,16.5,269.39,233.2,120.45,0.0,815.76
63.4356,0.0,0.0,0.0,0.0,0.0,0.0,0.0,0.0,3.41,0.0,0.0,150.59,13.75,272.25,241.67,124.96,0.0,806.63
63.4456,0.0,0.0,0.0,0.0,0.0,0.0,0.0,0.0,3.41,0.0,0.0,134.86,13.75,269.39,247.39,129.47,0.0,798.27
63.4556,0.0,0.0,0.0,0.0,0.0,0.0,0.0,0.0,3.41,0.0,0.0,119.02,11.0,266.64,253.0,133.87,0.0,786.94
63.4656,0.0,0.0,0.0,0.0,0.0,0.0,0.0,0.0,3.41,0.0,0.0,103.29,11.0,263.89,258.72,138.38,0.0,778.69
63.4756,0.0,0.0,0.0,0.0,0.0,0.0,0.0,0.0,0.0,0.0,0.0,87.56,8.25,261.03,261.47,142.89,0.0,761.2
63.4856,6.93,0.0,0.0,0.0,0.0,0.0,0.0,0.0,0.0,0.0,0.0,75.02,5.5,255.42,264.33,147.29,6.93,747.56
63.4956,34.76,0.0,0.0,0.0,0.0,0.0,0.0,0.0,0.0,0.0,0.0,59.4,0.0,249.92,264.33,151.8,34.76,725.45
63.5056,182.05,29.15,0.0,0.0,0.0,0.0,0.0,0.0,0.0,0.0,0.0,45.21,0.0,238.7,264.33,156.31,211.2,704.55
63.5156,277.86,58.74,19.36,3.41,0.0,0.0,0.0,0.0,0.0,0.0,0.0,33.88,0.0,219.23,267.19,160.71,359.37,681.01
63.5256,267.41,87.34,38.72,8.58,0.0,0.0,0.0,0.0,0.0,0.0,0.0,22.55,0.0,189.64,267.19,163.02,402.05,642.4
63.5356,264.88,122.21,55.77,22.33,0.0,3.85,0.0,0.0,0.0,0.0,0.0,19.8,5.5,143.66,258.72,163.02,469.04,590.7
63.5456,267.41,149.38,65.12,34.43,0.0,7.81,0.0,3.52,0.0,0.0,0.0,16.94,5.5,89.21,241.67,158.51,527.67,511.83
63.5556,270.05,168.3,72.27,46.53,0.0,13.64,0.0,3.52,0.0,0.0,0.0,14.08,8.25,54.56,204.05,145.09,574.31,426.03
63.5656,264.88,177.43,77.0,58.63,0.0,25.3,0.0,5.28,0.0,0.0,0.0,14.08,8.25,37.95,142.12,129.47,608.52,331.87
63.5755,270.05,190.96,86.35,69.63,0.0,42.9,6.05,12.32,0.0,0.0,0.0,11.22,8.25,30.8,86.35,111.32,678.26,247.94
63.5855,282.92,206.91,95.81,78.43,0.0,58.63,15.18,15.84,0.0,0.0,0.0,8.47,5.5,23.65,59.51,86.9,753.72,184.03
63.5955,290.62,215.93,105.27,87.34,4.18,69.74,25.96,19.36,0.0,0.0,0.0,5.61,0.0,18.92,46.2,57.53,818.4,128.26
63.6055,298.21,224.95,114.84,93.94,8.47,80.96,38.17,22.88,0.0,0.0,0.0,0.0,0.0,11.88,30.8,27.5,882.42,70.18
63.6155,300.85,227.15,119.79,100.54,12.65,92.18,48.84,26.4,0.0,0.0,0.0,0.0,0.0,9.46,20.46,8.47,928.4,38.39
63.6255,295.68,227.15,122.32,107.14,16.94,101.2,56.54,28.27,0.0,0.0,0.0,0.0,0.0,4.73,17.93,4.18,955.24,26.84
63.6355,285.45,222.75,119.79,116.05,21.12,110.11,63.69,30.03,0.0,0.0,0.0,0.0,0.0,4.73,15.4,4.18,968.99,24.31
63.6455,272.58,213.73,117.37,122.76,23.21,116.6,70.95,31.79,0.0,0.0,0.0,0.0,0.0,0.0,15.4,0.0,968.99,15.4
63.6555,257.07,202.4,112.42,129.47,25.41,125.07,78.21,33.55,0.0,0.0,0.0,0.0,0.0,0.0,12.76,0.0,963.6,12.76
63.6655,241.45,190.96,107.69,133.98,27.5,129.25,83.71,35.31,0.0,0.0,0.0,0.0,0.0,0.0,10.23,0.0,949.85,10.23
63.6755,225.94,179.63,102.96,138.38,29.59,135.63,89.1,37.07,0.0,0.0,0.0,0.0,0.0,0.0,10.23,0.0,938.3,10.23
63.6855,213.62,168.3,98.23,142.89,31.68,139.92,94.49,38.83,0.0,0.0,0.0,0.0,0.0,0.0,10.23,0.0,927.96,10.23
63.6955,201.52,157.74,93.5,145.09,31.68,144.1,98.12,38.83,0.0,0.0,0.0,0.0,0.0,0.0,10.23,0.0,910.58,10.23
63.7055,189.31,147.29,86.35,149.6,33.88,146.19,101.75,40.59,0.0,0.0,0.0,0.0,0.0,0.0,7.7,0.0,894.96,7.7
63.7155,177.21,136.84,81.73,151.8,35.97,148.39,103.62,40.59,0.0,0.0,0.0,0.0,0.0,0.0,7.7,0.0,876.15,7.7
63.7255,165.0,126.39,77.0,154.11,35.97,150.48,105.38,42.35,0.0,0.0,0.0,0.0,0.0,0.0,5.06,0.0,856.68,5.06
63.7355,152.68,115.94,69.85,156.31,35.97,150.48,105.38,42.35,0.0,0.0,0.0,0.0,0.0,0.0,5.06,0.0,828.96,5.06
63.7455,140.47,107.14,65.12,156.31,35.97,152.57,107.25,42.35,0.0,0.0,0.0,0.0,0.0,0.0,0.0,0.0,807.18,0.0
63.7555,128.15,96.14,58.08,158.51,35.97,154.66,107.25,42.35,0.0,0.0,0.0,0.0,0.0,0.0,0.0,0.0,781.11,0.0
63.7655,113.41,85.14,53.24,158.51,35.97,154.66,107.25,42.35,0.0,0.0,0.0,0.0,0.0,0.0,0.0,0.0,750.53,0.0
63.7755,102.08,76.34,45.98,160.82,35.97,156.86,109.01,44.11,0.0,0.0,0.0,0.0,0.0,0.0,0.0,0.0,731.17,0.0
63.7855,91.08,67.54,41.14,163.02,35.97,156.86,109.01,44.11,0.0,0.0,0.0,0.0,0.0,0.0,0.0,0.0,708.73,0.0
63.7955,82.17,58.74,36.3,163.02,35.97,158.95,110.88,44.11,0.0,0.0,0.0,0.0,0.0,0.0,0.0,0.0,690.14,0.0
63.8055,71.17,52.58,31.46,165.33,35.97,161.04,114.51,44.11,0.0,0.0,0.0,0.0,0.0,0.0,0.0,0.0,676.17,0.0
63.8155,64.57,46.75,26.62,167.64,35.97,165.33,116.49,45.87,0.0,0.0,0.0,0.0,0.0,0.0,0.0,0.0,669.24,0.0
63.8255,51.04,40.92,21.78,167.64,35.97,167.53,120.45,47.63,0.0,0.0,0.0,0.0,0.0,0.0,0.0,0.0,652.96,0.0
63.8355,41.8,35.09,16.94,169.95,35.97,171.93,126.5,49.39,0.0,0.0,0.0,0.0,0.0,0.0,0.0,0.0,647.57,0.0
63.8455,32.45,29.15,14.52,169.95,38.06,174.13,134.64,49.39,0.0,0.0,0.0,0.0,0.0,0.0,0.0,0.0,642.29,0.0
63.8555,25.52,25.3,12.1,167.64,38.06,178.53,142.67,52.91,0.0,0.0,0.0,0.0,0.0,0.0,0.0,0.0,642.73,0.0
63.8655,20.9,21.34,9.68,167.64,38.06,182.93,150.7,54.67,0.0,0.0,0.0,0.0,0.0,0.0,0.0,0.0,645.92,0.0
63.8755,18.59,17.49,9.68,165.33,38.06,185.13,160.82,56.54,0.0,0.0,0.0,0.0,0.0,0.0,0.0,0.0,651.64,0.0
63.8855,13.86,13.64,7.26,165.33,40.15,189.53,168.96,58.52,0.0,0.0,0.0,0.0,0.0,0.0,0.0,0.0,657.25,0.0
63.8955,11.55,11.66,7.26,163.02,40.15,194.04,179.3,60.5,0.0,0.0,0.0,0.0,0.0,0.0,0.0,0.0,667.48,0.0
63.9055,9.24,9.68,4.84,160.82,40.15,196.24,187.55,64.57,0.0,0.0,0.0,0.0,0.0,0.0,0.0,0.0,673.09,0.0
63.9155,9.24,7.7,4.84,156.31,40.15,200.64,195.8,66.55,0.0,0.0,0.0,0.0,0.0,0.0,0.0,0.0,681.23,0.0
63.9255,6.93,5.83,4.84,149.6,40.15,202.84,204.05,68.64,0.0,0.0,0.0,0.0,0.0,0.0,0.0,0.0,682.88,0.0
63.9355,6.93,5.83,0.0,142.89,38.06,202.84,212.41,72.6,0.0,0.0,0.0,0.0,0.0,0.0,0.0,0.0,681.56,0.0
63.9455,4.62,3.85,0.0,131.67,35.97,205.04,220.66,76.67,0.0,0.0,0.0,0.0,0.0,0.0,0.0,0.0,678.48,0.0
63.9555,4.62,3.85,0.0,118.25,33.88,207.24,224.84,80.74,0.0,0.0,0.0,0.0,0.0,0.0,0.0,0.0,673.42,0.0
63.9655,0.0,3.85,0.0,107.14,29.59,207.24,231.44,86.79,0.0,0.0,0.0,0.0,0.0,0.0,0.0,0.0,666.05,0.0
63.9755,0.0,3.85,0.0,93.94,25.41,205.04,233.64,92.84,0.0,0.0,0.0,0.0,0.0,0.0,0.0,0.0,654.72,0.0
63.9855,0.0,0.0,0.0,80.63,21.12,205.04,235.84,98.89,12.21,0.0,0.0,0.0,0.0,0.0,0.0,0.0,641.52,12.21
63.9955,0.0,0.0,0.0,65.23,16.94,200.64,235.84,102.96,63.69,6.93,0.0,0.0,0.0,0.0,0.0,0.0,621.61,70.62
64.0055,0.0,0.0,0.0,51.7,12.65,194.04,235.84,109.01,214.72,28.05,7.15,0.0,0.0,0.0,0.0,0.0,603.24,249.92
64.0155,0.0,0.0,0.0,37.84,10.56,182.93,233.64,113.08,210.1,49.17,9.57,0.0,0.0,0.0,0.0,0.0,578.05,268.84
64.0255,0.0,0.0,0.0,25.85,6.27,163.13,229.24,115.17,214.72,77.55,23.87,16.94,0.0,0.0,5.06,0.0,539.66,338.14
64.0355,0.0,0.0,0.0,17.16,6.27,139.92,222.75,117.26,210.1,96.47,33.44,39.6,0.0,0.0,5.06,0.0,503.36,384.67
64.0455,0.0,0.0,0.0,15.51,6.27,107.91,208.23,115.17,217.03,120.56,40.7,65.67,0.0,0.0,10.23,0.0,453.09,454.19
64.0555,0.0,0.0,0.0,13.75,6.27,72.05,179.3,109.01,214.72,133.1,45.43,93.94,0.0,9.46,10.23,0.0,380.38,506.88
64.0655,0.0,0.0,0.0,11.99,8.47,42.9,132.55,100.87,207.79,138.05,47.85,109.56,0.0,33.22,10.23,0.0,296.78,546.7
64.0755,0.0,0.0,0.0,8.58,6.27,31.24,80.08,88.77,214.72,148.06,55.11,128.48,0.0,59.4,15.4,6.27,214.94,627.44
64.0855,0.0,0.0,0.0,6.82,4.18,23.43,45.76,68.64,224.07,158.07,63.25,137.94,5.5,78.32,25.63,12.65,148.83,705.43
64.0955,0.0,0.0,0.0,3.41,0.0,17.49,35.09,47.63,236.28,168.19,71.39,150.59,8.25,89.21,41.03,16.94,103.62,781.88
64.1055,0.0,0.0,0.0,3.41,0.0,13.64,28.93,31.79,246.18,177.87,79.64,156.97,11.0,100.1,51.37,19.03,77.77,842.16
64.1155,0.0,0.0,0.0,0.0,0.0,9.68,24.42,21.12,251.13,180.29,85.03,163.24,13.75,110.99,65.45,23.21,55.22,893.09
64.1255,0.0,0.0,0.0,0.0,0.0,7.81,18.26,12.32,251.13,182.71,90.53,169.62,16.5,119.13,74.36,25.41,38.39,929.39
64.1355,0.0,0.0,0.0,0.0,0.0,5.83,12.21,5.28,246.18,182.71,90.53,176.0,19.25,127.27,86.35,27.5,23.32,955.79
64.1455,0.0,0.0,0.0,0.0,0.0,3.85,12.21,3.52,236.28,177.87,87.78,185.57,22.0,138.16,95.26,29.59,19.58,972.51
64.1555,0.0,0.0,0.0,0.0,0.0,3.85,9.13,3.52,224.07,173.03,87.78,191.95,22.0,146.3,104.17,31.79,16.5,981.09
64.1655,0.0,0.0,0.0,0.0,0.0,0.0,7.59,3.52,210.1,165.66,85.03,198.44,24.75,157.19,113.08,35.97,11.11,990.22
64.1755,0.0,0.0,0.0,0.0,0.0,0.0,6.05,3.52,193.82,155.65,82.39,201.63,27.5,165.44,124.63,35.97,9.57,987.03
64.1855,0.0,0.0,0.0,0.0,0.0,0.0,4.51,0.0,177.65,143.11,79.64,204.82,30.25,173.47,136.29,38.06,4.51,983.29
64.1955,0.0,0.0,0.0,0.0,0.0,0.0,2.97,0.0,161.81,133.1,74.14,204.82,30.25,181.61,144.98,42.35,2.97,973.06
64.2055,0.0,0.0,0.0,0.0,0.0,0.0,0.0,0.0,146.96,120.56,71.39,204.82,33.0,187.0,150.81,44.44,0.0,958.98
64.2155,0.0,0.0,0.0,0.0,0.0,0.0,0.0,0.0,130.02,108.24,66.0,204.82,33.0,192.39,159.5,46.53,0.0,940.5
64.2255,0.0,0.0,0.0,0.0,0.0,0.0,0.0,0.0,115.28,96.47,57.75,201.63,33.0,197.67,165.33,50.82,0.0,917.95
64.2355,0.0,0.0,0.0,0.0,0.0,0.0,0.0,0.0,99.99,87.01,52.69,198.44,33.0,200.42,168.3,52.91,0.0,892.76
64.2455,0.0,0.0,0.0,0.0,0.0,0.0,0.0,0.0,88.44,75.13,47.85,195.14,35.75,203.06,174.24,57.53,0.0,877.14
64.2555,0.0,0.0,0.0,0.0,0.0,0.0,0.0,0.0,75.13,65.67,43.12,191.95,35.75,208.45,180.18,62.37,0.0,862.62
64.2655,0.0,0.0,0.0,0.0,0.0,0.0,0.0,0.0,63.69,58.63,38.28,191.95,35.75,211.2,186.12,64.9,0.0,850.52
64.2755,0.0,0.0,0.0,0.0,0.0,0.0,0.0,0.0,52.69,49.17,33.44,191.95,35.75,216.59,192.06,67.32,0.0,838.97
64.2855,0.0,0.0,0.0,0.0,0.0,0.0,0.0,0.0,42.13,42.13,28.71,185.57,35.75,219.23,198.11,72.16,0.0,823.79
64.2955,0.0,0.0,0.0,0.0,0.0,0.0,0.0,0.0,33.33,35.09,23.87,182.38,35.75,221.98,204.05,72.16,0.0,808.61
64.3055,0.0,0.0,0.0,0.0,0.0,0.0,0.0,0.0,26.29,28.05,19.14,176.0,33.0,224.73,209.99,77.11,0.0,794.31
64.3155,0.0,0.0,0.0,0.0,0.0,0.0,0.0,0.0,19.25,21.01,14.3,169.62,33.0,227.48,215.93,79.53,0.0,780.12
64.3255,0.0,0.0,0.0,0.0,0.0,0.0,0.0,0.0,15.73,13.97,11.88,163.24,33.0,230.34,221.98,84.48,0.0,774.62
64.3355,0.0,0.0,0.0,0.0,0.0,0.0,0.0,0.0,12.21,11.66,9.57,156.97,33.0,233.09,230.45,86.9,0.0,773.85
64.3455,0.0,0.0,0.0,0.0,0.0,0.0,0.0,0.0,8.69,9.35,7.15,150.59,30.25,233.09,236.06,89.32,0.0,764.5
64.3555,0.0,0.0,0.0,0.0,0.0,0.0,0.0,0.0,6.93,6.93,4.73,141.13,30.25,233.09,241.67,94.27,0.0,759.0
64.3655,0.0,0.0,0.0,0.0,0.0,0.0,0.0,0.0,6.93,4.62,4.73,134.86,27.5,235.95,247.39,96.69,0.0,758.67
64.3755,0.0,0.0,0.0,0.0,0.0,0.0,0.0,0.0,5.17,4.62,0.0,128.48,27.5,238.7,253.0,99.11,0.0,756.58
64.3855,0.0,0.0,0.0,0.0,0.0,0.0,0.0,0.0,5.17,4.62,0.0,122.21,27.5,238.7,261.47,104.06,0.0,763.73
64.3955,0.0,0.0,0.0,0.0,0.0,0.0,0.0,0.0,5.17,0.0,0.0,112.75,24.75,238.7,267.19,108.9,0.0,757.46
64.4055,0.0,0.0,0.0,0.0,0.0,0.0,0.0,0.0,5.17,0.0,0.0,106.48,24.75,241.45,272.8,111.32,0.0,761.97
64.4155,0.0,0.0,0.0,0.0,0.0,0.0,0.0,0.0,3.41,0.0,0.0,97.02,22.0,241.45,281.49,116.05,0.0,761.42
64.4255,0.0,0.0,0.0,0.0,0.0,0.0,0.0,0.0,3.41,0.0,0.0,87.56,22.0,238.7,287.43,120.45,0.0,759.55
64.4355,0.0,0.0,0.0,0.0,0.0,0.0,0.0,0.0,3.41,0.0,0.0,78.21,19.25,235.95,290.4,122.76,0.0,749.98
64.4455,0.0,0.0,0.0,0.0,0.0,0.0,0.0,0.0,0.0,0.0,0.0,65.67,16.5,233.09,293.37,127.16,0.0,735.79
64.4555,0.0,0.0,0.0,0.0,0.0,0.0,0.0,0.0,0.0,0.0,0.0,56.54,13.75,227.48,296.34,131.67,0.0,725.78
64.4655,0.0,0.0,0.0,0.0,0.0,0.0,0.0,0.0,0.0,0.0,0.0,45.21,8.25,221.98,296.34,136.18,0.0,707.96
64.4755,11.55,0.0,0.0,0.0,0.0,0.0,0.0,0.0,0.0,0.0,0.0,36.74,5.5,213.84,296.34,140.58,11.55,693.0
64.4855,79.97,7.7,0.0,0.0,0.0,0.0,0.0,0.0,0.0,0.0,0.0,28.27,5.5,203.06,293.37,145.09,87.67,675.29
64.4955,290.62,50.6,7.26,3.41,0.0,0.0,0.0,0.0,0.0,0.0,0.0,19.8,0.0,184.25,290.4,151.8,351.89,646.25
64.5055,280.39,82.94,29.04,5.17,0.0,0.0,0.0,0.0,0.0,0.0,0.0,14.08,0.0,157.19,287.43,154.0,397.54,612.7
64.5155,272.58,132.66,50.82,24.09,0.0,3.85,0.0,0.0,0.0,0.0,0.0,14.08,0.0,108.24,275.66,154.0,484.0,551.98
64.5255,275.22,175.12,65.12,41.36,0.0,11.66,0.0,3.52,0.0,0.0,0.0,11.22,5.5,67.54,250.14,145.09,572.0,479.49
64.5355,280.39,197.78,72.27,60.83,0.0,17.49,0.0,5.28,0.0,0.0,0.0,11.22,5.5,42.68,201.08,131.67,634.04,392.15
64.5455,270.05,206.91,72.27,76.23,0.0,31.24,0.0,7.04,0.0,0.0,0.0,8.47,8.25,30.8,133.32,116.05,663.74,296.89
64.5555,267.41,218.24,79.31,93.94,0.0,52.69,4.51,12.32,0.0,0.0,0.0,8.47,8.25,26.07,80.3,96.69,728.42,219.78
64.5655,272.58,231.55,86.35,109.34,0.0,74.25,12.21,17.6,0.0,0.0,0.0,5.61,5.5,21.34,56.54,72.16,803.88,161.15
64.5755,272.58,240.35,93.5,122.76,4.18,89.98,22.88,21.12,0.0,0.0,0.0,0.0,0.0,14.19,38.5,38.06,867.35,90.75
64.5855,272.58,242.55,98.23,133.98,8.47,107.91,39.71,26.4,0.0,0.0,0.0,0.0,0.0,9.46,25.63,10.56,929.83,45.65
64.5955,267.41,238.15,102.96,142.89,12.65,120.78,51.92,30.03,0.0,0.0,0.0,0.0,0.0,4.73,17.93,4.18,966.79,26.84
64.6055,259.6,231.55,102.96,151.8,16.94,131.45,63.69,31.79,0.0,0.0,0.0,0.0,0.0,4.73,15.4,4.18,989.78,24.31
64.6155,244.09,218.24,100.54,160.82,21.12,142.01,72.82,35.31,0.0,0.0,0.0,0.0,0.0,0.0,12.76,0.0,994.95,12.76
64.6255,225.94,202.4,95.81,167.64,23.21,150.48,81.84,37.07,0.0,0.0,0.0,0.0,0.0,0.0,12.76,0.0,984.39,12.76
64.6355,208.78,186.45,88.77,172.37,25.41,156.86,89.1,40.59,0.0,0.0,0.0,0.0,0.0,0.0,10.23,0.0,968.33,10.23
64.6455,194.15,170.61,84.04,174.68,27.5,161.04,94.49,42.35,0.0,0.0,0.0,0.0,0.0,0.0,10.23,0.0,948.86,10.23
64.6555,177.21,155.65,79.31,179.41,29.59,165.33,99.99,44.11,0.0,0.0,0.0,0.0,0.0,0.0,10.23,0.0,930.6,10.23
64.6655,162.58,141.02,72.27,181.83,31.68,167.53,103.62,45.87,0.0,0.0,0.0,0.0,0.0,0.0,7.7,0.0,906.4,7.7
64.6755,150.26,130.57,67.54,181.83,31.68,169.73,103.62,45.87,0.0,0.0,0.0,0.0,0.0,0.0,7.7,0.0,881.1,7.7
64.6855,137.94,120.12,60.39,184.14,33.88,169.73,105.38,47.63,0.0,0.0,0.0,0.0,0.0,0.0,7.7,0.0,859.21,7.7
64.6955,125.73,107.14,55.77,184.14,31.68,169.73,107.25,47.63,0.0,0.0,0.0,0.0,0.0,0.0,5.06,0.0,829.07,5.06
64.7055,113.41,96.14,48.4,184.14,31.68,169.73,107.25,47.63,0.0,0.0,0.0,0.0,0.0,0.0,5.06,0.0,798.38,5.06
64.7155,99.88,85.14,43.56,181.83,31.68,169.73,107.25,47.63,0.0,0.0,0.0,0.0,0.0,0.0,0.0,0.0,766.7,0.0
64.7255,88.88,74.14,38.72,179.41,31.68,169.73,109.01,47.63,0.0,0.0,0.0,0.0,0.0,0.0,0.0,0.0,739.2,0.0
64.7355,75.57,63.14,31.46,179.41,31.68,169.73,110.88,49.39,0.0,0.0,0.0,0.0,0.0,0.0,0.0,0.0,711.26,0.0
64.7455,66.77,54.56,26.62,177.1,31.68,171.93,110.88,49.39,0.0,0.0,0.0,0.0,0.0,0.0,0.0,0.0,688.93,0.0
64.7555,57.97,48.73,21.78,177.1,29.59,171.93,112.64,51.15,0.0,0.0,0.0,0.0,0.0,0.0,0.0,0.0,670.89,0.0
64.7655,46.42,42.79,16.94,177.1,29.59,171.93,114.51,51.15,0.0,0.0,0.0,0.0,0.0,0.0,0.0,0.0,650.43,0.0
64.7755,34.76,36.96,14.52,177.1,29.59,174.13,116.49,51.15,0.0,0.0,0.0,0.0,0.0,0.0,0.0,0.0,634.7,0.0
64.7855,27.83,31.13,12.1,177.1,29.59,174.13,118.47,52.91,0.0,0.0,0.0,0.0,0.0,0.0,0.0,0.0,623.26,0.0
64.7955,23.21,27.28,12.1,177.1,29.59,176.33,120.45,52.91,0.0,0.0,0.0,0.0,0.0,0.0,0.0,0.0,618.97,0.0
64.8055,18.59,23.32,9.68,179.41,29.59,180.73,124.52,52.91,0.0,0.0,0.0,0.0,0.0,0.0,0.0,0.0,618.75,0.0
64.8155,16.17,21.34,9.68,181.83,29.59,182.93,126.5,54.67,0.0,0.0,0.0,0.0,0.0,0.0,0.0,0.0,622.71,0.0
64.8255,13.86,17.49,7.26,184.14,29.59,185.13,130.57,56.54,0.0,0.0,0.0,0.0,0.0,0.0,0.0,0.0,624.58,0.0
64.8355,11.55,15.51,7.26,186.56,29.59,189.53,134.64,58.52,0.0,0.0,0.0,0.0,0.0,0.0,0.0,0.0,633.16,0.0
64.8455,9.24,13.64,4.84,188.87,29.59,194.04,138.6,60.5,0.0,0.0,0.0,0.0,0.0,0.0,0.0,0.0,639.32,0.0
64.8555,9.24,11.66,4.84,191.29,29.59,198.44,142.67,62.59,0.0,0.0,0.0,0.0,0.0,0.0,0.0,0.0,650.32,0.0
64.8655,6.93,9.68,4.84,193.6,29.59,202.84,146.74,64.57,0.0,0.0,0.0,0.0,0.0,0.0,0.0,0.0,658.79,0.0
64.8755,6.93,7.7,0.0,198.33,29.59,207.24,150.7,66.55,0.0,0.0,0.0,0.0,0.0,0.0,0.0,0.0,667.04,0.0
64.8855,6.93,7.7,0.0,200.64,29.59,211.64,154.77,70.62,0.0,0.0,0.0,0.0,0.0,0.0,0.0,0.0,681.89,0.0
64.8955,4.62,5.83,0.0,200.64,27.5,216.04,158.84,72.6,0.0,0.0,0.0,0.0,0.0,0.0,0.0,0.0,686.07,0.0
64.9055,4.62,5.83,0.0,198.33,27.5,218.24,162.8,74.69,0.0,0.0,0.0,0.0,0.0,0.0,0.0,0.0,692.01,0.0
64.9155,4.62,5.83,0.0,191.29,25.41,220.55,164.89,78.65,0.0,0.0,0.0,0.0,0.0,0.0,0.0,0.0,691.24,0.0
64.9255,0.0,3.85,0.0,181.83,23.21,222.75,168.96,82.72,0.0,0.0,0.0,0.0,0.0,0.0,0.0,0.0,683.32,0.0
64.9355,0.0,3.85,0.0,165.33,21.12,224.95,170.94,84.81,0.0,0.0,0.0,0.0,0.0,0.0,0.0,0.0,671.0,0.0
64.9455,0.0,3.85,0.0,151.8,19.03,224.95,173.03,88.77,0.0,0.0,0.0,0.0,0.0,0.0,0.0,0.0,661.43,0.0
64.9555,0.0,3.85,0.0,136.18,14.74,227.15,173.03,94.82,0.0,0.0,0.0,0.0,0.0,0.0,0.0,0.0,649.77,0.0
64.9655,0.0,0.0,0.0,120.56,12.65,227.15,170.94,98.89,0.0,0.0,0.0,0.0,0.0,0.0,0.0,0.0,630.19,0.0
64.9755,0.0,0.0,0.0,104.94,8.47,227.15,166.87,104.94,0.0,0.0,0.0,0.0,0.0,0.0,0.0,0.0,612.37,0.0
64.9855,0.0,0.0,0.0,91.74,8.47,224.95,164.89,109.01,0.0,0.0,0.0,0.0,0.0,0.0,0.0,0.0,599.06,0.0
64.9955,0.0,0.0,0.0,74.03,6.27,220.55,162.8,113.08,12.21,4.62,0.0,0.0,0.0,0.0,0.0,0.0,576.73,16.83
65.0054,0.0,0.0,0.0,58.63,6.27,213.84,158.84,115.17,65.56,23.43,4.73,0.0,0.0,0.0,0.0,0.0,552.75,93.72
65.0154,0.0,0.0,0.0,43.01,6.27,198.44,154.77,117.26,256.08,72.82,11.88,14.08,0.0,0.0,0.0,0.0,519.75,354.86
65.0254,0.0,0.0,0.0,29.26,6.27,171.93,148.72,117.26,224.07,91.74,21.56,39.6,0.0,0.0,5.06,0.0,473.44,382.03
65.0354,0.0,0.0,0.0,24.09,6.27,135.63,132.55,113.08,226.49,120.56,38.28,65.67,0.0,0.0,7.7,0.0,411.62,458.7
65.0454,0.0,0.0,0.0,20.68,6.27,94.49,103.62,109.01,233.86,135.52,55.11,97.02,0.0,33.22,12.76,0.0,334.07,567.49
65.0554,0.0,0.0,0.0,17.16,6.27,56.65,67.32,100.87,256.08,158.07,68.75,119.02,0.0,62.04,20.46,8.47,248.27,692.89
65.0654,0.0,0.0,0.0,13.75,4.18,37.07,41.25,82.72,258.5,168.19,74.14,131.67,5.5,78.32,35.97,14.74,178.97,767.03
65.0754,0.0,0.0,0.0,8.58,0.0,25.3,33.55,58.52,263.45,175.45,82.39,137.94,8.25,91.96,51.37,19.03,125.95,829.84
65.0854,0.0,0.0,0.0,5.17,0.0,17.49,27.5,37.07,273.24,185.13,90.53,147.51,11.0,102.74,59.51,21.12,87.23,890.78
65.0954,0.0,0.0,0.0,5.17,0.0,13.64,21.34,26.4,280.72,192.39,93.28,153.78,11.0,110.99,65.45,25.41,66.55,933.02
65.1054,0.0,0.0,0.0,3.41,0.0,9.68,13.75,14.08,285.78,197.23,98.67,160.05,13.75,116.38,71.39,27.5,40.92,970.75
65.1154,0.0,0.0,0.0,3.41,0.0,7.81,7.59,5.28,290.84,199.65,101.42,166.43,13.75,121.88,77.33,29.59,24.09,1000.89
65.1254,0.0,0.0,0.0,3.41,0.0,5.83,4.51,3.52,285.78,199.65,101.42,169.62,16.5,127.27,83.27,31.79,17.27,1015.3
65.1354,0.0,0.0,0.0,0.0,0.0,5.83,4.51,0.0,275.77,194.81,98.67,176.0,16.5,130.02,86.35,31.79,10.34,1009.91
65.1454,0.0,0.0,0.0,0.0,0.0,3.85,2.97,0.0,260.92,187.55,96.03,179.19,19.25,138.16,92.29,33.88,6.82,1007.27
65.1554,0.0,0.0,0.0,0.0,0.0,3.85,0.0,0.0,246.18,180.29,93.28,185.57,19.25,140.91,98.23,33.88,3.85,997.59
65.1654,0.0,0.0,0.0,0.0,0.0,0.0,0.0,0.0,228.91,173.03,90.53,188.76,19.25,146.3,104.17,35.97,0.0,986.92
65.1754,0.0,0.0,0.0,0.0,0.0,0.0,0.0,0.0,214.72,165.66,85.03,191.95,22.0,151.8,110.22,38.06,0.0,979.44
65.1854,0.0,0.0,0.0,0.0,0.0,0.0,0.0,0.0,200.86,155.65,82.39,195.14,24.75,157.19,113.08,40.26,0.0,969.32
65.1954,0.0,0.0,0.0,0.0,0.0,0.0,0.0,0.0,182.27,145.64,76.89,198.44,24.75,162.69,118.91,42.35,0.0,951.94
65.2054,0.0,0.0,0.0,0.0,0.0,0.0,0.0,0.0,166.1,135.52,74.14,201.63,24.75,168.19,124.63,44.44,0.0,939.4
65.2154,0.0,0.0,0.0,0.0,0.0,0.0,0.0,0.0,151.25,125.51,68.75,208.01,27.5,170.83,130.46,44.44,0.0,926.75
65.2254,0.0,0.0,0.0,0.0,0.0,0.0,0.0,0.0,136.4,113.08,63.25,208.01,27.5,178.86,136.29,46.53,0.0,909.92
65.2354,0.0,0.0,0.0,0.0,0.0,0.0,0.0,0.0,121.55,103.51,57.75,211.2,30.25,181.61,142.12,48.73,0.0,896.72
65.2454,0.0,0.0,0.0,0.0,0.0,0.0,0.0,0.0,107.58,91.74,52.69,208.01,30.25,187.0,147.84,50.82,0.0,875.93
65.2554,0.0,0.0,0.0,0.0,0.0,0.0,0.0,0.0,96.14,82.28,47.85,208.01,30.25,189.64,153.67,55.11,0.0,862.95
65.2654,0.0,0.0,0.0,0.0,0.0,0.0,0.0,0.0,84.7,75.13,45.43,208.01,33.0,195.03,159.5,57.53,0.0,858.33
65.2754,0.0,0.0,0.0,0.0,0.0,0.0,0.0,0.0,77.0,68.09,43.12,204.82,33.0,197.67,165.33,59.95,0.0,848.98
65.2854,0.0,0.0,0.0,0.0,0.0,0.0,0.0,0.0,67.43,60.94,38.28,204.82,33.0,200.42,171.27,64.9,0.0,841.06
65.2954,0.0,0.0,0.0,0.0,0.0,0.0,0.0,0.0,57.97,53.9,35.86,201.63,33.0,205.81,177.21,67.32,0.0,832.7
65.3054,0.0,0.0,0.0,0.0,0.0,0.0,0.0,0.0,50.93,49.17,31.13,201.63,33.0,208.45,183.15,69.74,0.0,827.2
65.3154,0.0,0.0,0.0,0.0,0.0,0.0,0.0,0.0,43.89,42.13,28.71,201.63,33.0,211.2,189.09,72.16,0.0,821.81
65.3254,0.0,0.0,0.0,0.0,0.0,0.0,0.0,0.0,36.85,37.51,26.29,198.44,33.0,216.59,198.11,77.11,0.0,823.9
65.3354,0.0,0.0,0.0,0.0,0.0,0.0,0.0,0.0,29.81,32.78,21.56,198.44,33.0,221.98,207.02,79.53,0.0,824.12
65.3454,0.0,0.0,0.0,0.0,0.0,0.0,0.0,0.0,22.77,25.74,16.72,195.14,35.75,224.73,215.93,81.95,0.0,818.73
65.3554,0.0,0.0,0.0,0.0,0.0,0.0,0.0,0.0,19.25,18.7,14.3,191.95,35.75,230.34,224.73,86.9,0.0,821.92
65.3654,0.0,0.0,0.0,0.0,0.0,0.0,0.0,0.0,15.73,13.97,11.88,188.76,35.75,233.09,236.06,89.32,0.0,824.56
65.3754,0.0,0.0,0.0,0.0,0.0,0.0,0.0,0.0,12.21,11.66,9.57,182.38,35.75,235.95,244.53,91.74,0.0,823.79
65.3854,0.0,0.0,0.0,0.0,0.0,0.0,0.0,0.0,10.45,9.35,7.15,179.19,35.75,241.45,253.0,96.69,0.0,833.03
65.3954,0.0,0.0,0.0,0.0,0.0,0.0,0.0,0.0,8.69,6.93,7.15,172.81,35.75,244.31,261.47,99.11,0.0,836.22
65.4054,0.0,0.0,0.0,0.0,0.0,0.0,0.0,0.0,6.93,6.93,4.73,163.24,33.0,247.06,269.94,101.53,0.0,833.36
65.4154,0.0,0.0,0.0,0.0,0.0,0.0,0.0,0.0,6.93,4.62,4.73,153.78,33.0,247.06,278.52,104.06,0.0,832.7
65.4254,0.0,0.0,0.0,0.0,0.0,0.0,0.0,0.0,6.93,0.0,0.0,141.13,30.25,247.06,284.46,108.9,0.0,818.73
65.4354,0.0,0.0,0.0,0.0,0.0,0.0,0.0,0.0,5.17,0.0,0.0,128.48,27.5,244.31,290.4,111.32,0.0,807.18
65.4454,6.93,0.0,0.0,0.0,0.0,0.0,0.0,0.0,5.17,0.0,0.0,112.75,24.75,241.45,293.37,116.05,6.93,793.54
65.4554,23.21,0.0,0.0,0.0,0.0,0.0,0.0,0.0,3.41,0.0,0.0,93.94,22.0,238.7,293.37,120.45,23.21,771.87
65.4654,108.68,19.47,0.0,0.0,0.0,0.0,0.0,0.0,3.41,0.0,0.0,78.21,16.5,233.09,293.37,124.96,128.15,749.54
65.4754,246.73,58.74,16.94,3.41,0.0,0.0,0.0,0.0,0.0,0.0,0.0,62.48,11.0,221.98,293.37,131.67,325.82,720.5
65.4854,244.09,89.54,33.88,8.58,0.0,0.0,0.0,0.0,0.0,0.0,0.0,45.21,8.25,203.06,287.43,136.18,376.09,680.13
65.4954,246.73,132.66,53.24,27.5,0.0,7.81,0.0,0.0,0.0,0.0,0.0,28.27,5.5,176.22,284.46,140.58,467.94,635.03
65.5054,249.26,164.01,62.81,44.77,0.0,13.64,0.0,3.52,0.0,0.0,0.0,16.94,5.5,132.77,275.66,140.58,538.01,571.45
65.5154,249.26,181.94,67.54,58.63,0.0,23.43,0.0,5.28,0.0,0.0,0.0,14.08,5.5,81.07,258.72,138.38,586.08,497.75
65.5254,241.45,186.45,67.54,69.63,0.0,37.07,2.97,8.8,0.0,0.0,0.0,11.22,5.5,47.52,215.93,127.16,613.91,407.33
65.5354,238.92,195.58,72.27,82.83,0.0,54.67,6.05,12.32,0.0,0.0,0.0,11.22,8.25,30.8,150.81,111.32,662.64,312.4
65.5454,241.45,204.6,77.0,93.94,0.0,72.05,13.75,15.84,0.0,0.0,0.0,8.47,8.25,26.07,86.35,89.32,718.63,218.46
65.5554,244.09,211.42,84.04,104.94,0.0,85.47,24.42,21.12,0.0,0.0,0.0,5.61,5.5,21.34,53.9,67.32,775.5,153.67
65.5654,249.26,218.24,88.77,113.85,6.27,98.89,38.17,24.64,0.0,0.0,0.0,0.0,0.0,14.19,33.33,35.97,838.09,83.49
65.5754,249.26,220.55,95.81,120.56,12.65,112.42,48.84,28.27,0.0,0.0,0.0,0.0,0.0,9.46,23.1,10.56,888.36,43.12
65.5854,244.09,218.24,95.81,131.67,16.94,122.98,58.3,31.79,0.0,0.0,0.0,0.0,0.0,4.73,17.93,6.27,919.82,28.93
65.5954,233.75,211.42,95.81,140.69,19.03,131.45,65.56,33.55,0.0,0.0,0.0,0.0,0.0,4.73,15.4,4.18,931.26,24.31
65.6054,220.88,200.09,91.08,149.6,21.12,139.92,72.82,35.31,0.0,0.0,0.0,0.0,0.0,0.0,12.76,4.18,930.82,16.94
65.6154,203.94,186.45,84.04,158.51,23.21,146.19,76.45,37.07,0.0,0.0,0.0,0.0,0.0,0.0,12.76,0.0,915.86,12.76
65.6254,186.89,170.61,79.31,165.33,23.21,152.57,81.84,37.07,0.0,0.0,0.0,0.0,0.0,0.0,10.23,0.0,896.83,10.23
65.6354,172.37,155.65,72.27,169.95,25.41,156.86,87.23,38.83,0.0,0.0,0.0,0.0,0.0,0.0,10.23,0.0,878.57,10.23
65.6454,160.05,143.11,67.54,172.37,25.41,161.04,90.86,40.59,0.0,0.0,0.0,0.0,0.0,0.0,10.23,0.0,860.97,10.23
65.6554,145.31,130.57,62.81,177.1,27.5,163.13,92.73,42.35,0.0,0.0,0.0,0.0,0.0,0.0,5.06,0.0,841.5,5.06
65.6654,133.1,118.03,55.77,181.83,29.59,165.33,96.36,44.11,0.0,0.0,0.0,0.0,0.0,0.0,5.06,0.0,824.12,5.06
65.6754,115.83,104.94,48.4,184.14,29.59,169.73,98.12,44.11,0.0,0.0,0.0,0.0,0.0,0.0,5.06,0.0,794.86,5.06
65.6854,102.08,91.74,43.56,186.56,29.59,171.93,99.99,45.87,0.0,0.0,0.0,0.0,0.0,0.0,5.06,0.0,771.32,5.06
65.6954,88.88,78.54,36.3,188.87,29.59,174.13,99.99,45.87,0.0,0.0,0.0,0.0,0.0,0.0,0.0,0.0,742.17,0.0
65.7054,75.57,67.54,29.04,191.29,29.59,176.33,101.75,47.63,0.0,0.0,0.0,0.0,0.0,0.0,0.0,0.0,718.74,0.0
65.7154,64.57,56.54,24.2,193.6,29.59,178.53,101.75,47.63,0.0,0.0,0.0,0.0,0.0,0.0,0.0,0.0,696.41,0.0
65.7254,53.35,48.73,19.36,198.33,27.5,180.73,103.62,47.63,0.0,0.0,0.0,0.0,0.0,0.0,0.0,0.0,679.25,0.0
65.7354,41.8,42.79,16.94,198.33,27.5,185.13,105.38,49.39,0.0,0.0,0.0,0.0,0.0,0.0,0.0,0.0,667.26,0.0
65.7454,30.14,35.09,12.1,198.33,25.41,187.33,107.25,51.15,0.0,0.0,0.0,0.0,0.0,0.0,0.0,0.0,646.8,0.0
65.7554,23.21,29.15,9.68,195.91,25.41,187.33,109.01,51.15,0.0,0.0,0.0,0.0,0.0,0.0,0.0,0.0,630.85,0.0
65.7654,20.9,25.3,9.68,193.6,25.41,189.53,112.64,52.91,0.0,0.0,0.0,0.0,0.0,0.0,0.0,0.0,629.97,0.0
65.7754,16.17,21.34,9.68,188.87,25.41,191.73,116.49,54.67,0.0,0.0,0.0,0.0,0.0,0.0,0.0,0.0,624.36,0.0
65.7854,13.86,19.47,7.26,184.14,25.41,194.04,122.54,56.54,0.0,0.0,0.0,0.0,0.0,0.0,0.0,0.0,623.26,0.0
65.7954,11.55,15.51,7.26,179.41,25.41,196.24,128.59,58.52,0.0,0.0,0.0,0.0,0.0,0.0,0.0,0.0,622.49,0.0
65.8054,11.55,13.64,4.84,174.68,25.41,196.24,134.64,58.52,0.0,0.0,0.0,0.0,0.0,0.0,0.0,0.0,619.52,0.0
65.8154,9.24,11.66,4.84,169.95,25.41,198.44,140.69,60.5,0.0,0.0,0.0,0.0,0.0,0.0,0.0,0.0,620.73,0.0
65.8254,9.24,9.68,4.84,165.33,27.5,200.64,148.72,62.59,0.0,0.0,0.0,0.0,0.0,0.0,0.0,0.0,628.54,0.0
65.8354,6.93,9.68,4.84,160.82,27.5,200.64,156.75,64.57,0.0,0.0,0.0,0.0,0.0,0.0,0.0,0.0,631.73,0.0
65.8454,6.93,7.7,0.0,158.51,27.5,202.84,164.89,66.55,0.0,0.0,0.0,0.0,0.0,0.0,0.0,0.0,634.92,0.0
65.8554,6.93,7.7,0.0,154.11,29.59,205.04,173.03,66.55,0.0,0.0,0.0,0.0,0.0,0.0,0.0,0.0,642.95,0.0
65.8654,4.62,5.83,0.0,149.6,29.59,207.24,181.28,68.64,0.0,0.0,0.0,0.0,0.0,0.0,0.0,0.0,646.8,0.0
65.8754,4.62,5.83,0.0,147.4,29.59,209.44,187.55,70.62,0.0,0.0,0.0,0.0,0.0,0.0,0.0,0.0,655.05,0.0
65.8854,0.0,5.83,0.0,140.69,29.59,209.44,195.8,72.6,0.0,0.0,0.0,0.0,0.0,0.0,0.0,0.0,653.95,0.0
65.8954,0.0,3.85,0.0,133.98,27.5,211.64,202.07,72.6,0.0,0.0,0.0,0.0,0.0,0.0,0.0,0.0,651.64,0.0
65.9054,0.0,3.85,0.0,127.27,27.5,211.64,210.32,76.67,0.0,0.0,0.0,0.0,0.0,0.0,0.0,0.0,657.25,0.0
65.9154,0.0,3.85,0.0,116.05,27.5,211.64,216.48,80.74,0.0,0.0,0.0,0.0,0.0,0.0,0.0,0.0,656.26,0.0
65.9254,0.0,3.85,0.0,104.94,25.41,209.44,222.75,82.72,0.0,0.0,0.0,0.0,0.0,0.0,0.0,0.0,649.11,0.0
65.9354,0.0,0.0,0.0,93.94,23.21,209.44,227.04,86.79,0.0,0.0,0.0,0.0,0.0,0.0,0.0,0.0,640.42,0.0
65.9454,0.0,0.0,0.0,82.83,21.12,207.24,231.44,90.86,0.0,0.0,0.0,0.0,0.0,0.0,0.0,0.0,633.49,0.0
65.9554,0.0,0.0,0.0,71.83,19.03,205.04,231.44,94.82,0.0,0.0,0.0,0.0,0.0,0.0,0.0,0.0,622.16,0.0
65.9654,0.0,0.0,0.0,60.83,14.74,202.84,231.44,98.89,5.17,0.0,0.0,0.0,0.0,0.0,0.0,0.0,608.74,5.17
65.9754,0.0,0.0,0.0,51.7,10.56,198.44,229.24,102.96,22.77,0.0,0.0,0.0,0.0,0.0,0.0,0.0,592.9,22.77
65.9854,0.0,0.0,0.0,41.36,8.47,189.53,227.04,106.92,105.71,21.01,0.0,0.0,0.0,0.0,0.0,0.0,573.32,126.72
65.9954,0.0,0.0,0.0,31.02,6.27,176.33,227.04,110.99,219.34,46.86,11.88,0.0,0.0,0.0,0.0,0.0,551.65,278.08
66.0054,0.0,0.0,0.0,22.33,4.18,156.86,222.75,113.08,200.86,68.09,26.29,25.41,0.0,0.0,7.7,0.0,519.2,328.35
66.0154,0.0,0.0,0.0,17.16,4.18,131.45,216.48,113.08,205.48,96.47,40.7,50.82,0.0,0.0,10.23,0.0,482.35,403.7
66.0254,0.0,0.0,0.0,15.51,4.18,98.89,204.05,110.99,214.72,115.5,52.69,87.56,0.0,37.95,20.46,4.18,433.62,533.06
66.0354,0.0,0.0,0.0,13.75,6.27,63.03,175.12,104.94,224.07,133.1,60.5,103.29,5.5,59.4,28.27,10.56,363.11,624.69
66.0454,0.0,0.0,0.0,11.99,6.27,41.03,128.59,94.82,219.34,140.58,63.25,112.75,8.25,72.93,41.03,12.65,282.7,670.78
66.0554,0.0,0.0,0.0,8.58,6.27,29.26,74.58,90.86,217.03,148.06,66.0,125.4,8.25,89.21,53.9,19.03,209.55,726.88
66.0654,0.0,0.0,0.0,6.82,4.18,21.45,44.22,62.59,221.65,155.65,71.39,134.86,11.0,100.1,62.48,21.12,139.26,778.25
66.0754,0.0,0.0,0.0,3.41,0.0,17.49,33.55,44.11,228.91,165.66,76.89,147.51,11.0,110.99,71.39,25.41,98.56,837.76
66.0854,0.0,0.0,0.0,0.0,0.0,13.64,27.5,30.03,236.28,173.03,82.39,160.05,16.5,121.88,83.27,29.59,71.17,902.99
66.0954,0.0,0.0,0.0,0.0,0.0,9.68,21.34,21.12,238.81,177.87,87.78,169.62,16.5,130.02,89.32,31.79,52.14,941.71
66.1054,0.0,0.0,0.0,0.0,0.0,7.81,15.18,10.56,236.28,180.29,87.78,182.38,19.25,138.16,95.26,33.88,33.55,973.28
66.1154,0.0,0.0,0.0,0.0,0.0,5.83,9.13,3.52,226.49,180.29,87.78,198.44,19.25,146.3,95.26,35.97,18.48,989.78
66.1254,0.0,0.0,0.0,0.0,0.0,3.85,7.59,3.52,217.03,177.87,82.39,211.2,19.25,151.8,101.2,38.06,14.96,998.8
66.1354,0.0,0.0,0.0,0.0,0.0,3.85,7.59,3.52,205.48,175.45,79.64,224.07,22.0,159.94,104.17,40.26,14.96,1011.01
66.1454,0.0,0.0,0.0,0.0,0.0,0.0,6.05,0.0,193.82,168.19,76.89,232.76,22.0,165.44,107.14,40.26,6.05,1006.5
66.1554,0.0,0.0,0.0,0.0,0.0,0.0,4.51,3.52,179.96,160.6,74.14,238.59,22.0,170.83,110.22,42.35,8.03,998.69
66.1654,0.0,0.0,0.0,0.0,0.0,0.0,2.97,0.0,163.9,148.06,68.75,244.42,22.0,176.22,113.08,42.35,2.97,978.78
66.1754,0.0,0.0,0.0,0.0,0.0,0.0,0.0,0.0,151.25,140.58,63.25,250.14,24.75,181.61,118.91,44.44,0.0,974.93
66.1854,0.0,0.0,0.0,0.0,0.0,0.0,0.0,0.0,136.4,128.04,60.5,253.11,24.75,184.25,121.77,46.53,0.0,955.35
66.1954,0.0,0.0,0.0,0.0,0.0,0.0,0.0,0.0,119.46,118.03,52.69,258.94,24.75,189.64,124.63,46.53,0.0,934.67
66.2054,0.0,0.0,0.0,0.0,0.0,0.0,0.0,0.0,105.71,105.93,47.85,261.8,27.5,192.39,124.63,48.73,0.0,914.54
66.2154,0.0,0.0,0.0,0.0,0.0,0.0,0.0,0.0,92.29,94.05,43.12,267.63,24.75,197.67,127.6,48.73,0.0,895.84
66.2254,0.0,0.0,0.0,0.0,0.0,0.0,0.0,0.0,80.85,84.59,38.28,270.6,27.5,200.42,130.46,50.82,0.0,883.52
66.2354,0.0,0.0,0.0,0.0,0.0,0.0,0.0,0.0,69.41,77.55,35.86,270.6,27.5,205.81,133.32,50.82,0.0,870.87
66.2454,0.0,0.0,0.0,0.0,0.0,0.0,0.0,0.0,61.71,68.09,31.13,270.6,27.5,208.45,136.29,52.91,0.0,856.68
66.2554,0.0,0.0,0.0,0.0,0.0,0.0,0.0,0.0,54.45,60.94,28.71,273.46,27.5,213.84,139.15,55.11,0.0,853.16
66.2654,0.0,0.0,0.0,0.0,0.0,0.0,0.0,0.0,47.41,56.21,26.29,273.46,27.5,216.59,142.12,57.53,0.0,847.11
66.2754,0.0,0.0,0.0,0.0,0.0,0.0,0.0,0.0,40.37,51.59,21.56,273.46,27.5,221.98,144.98,59.95,0.0,841.39
66.2854,0.0,0.0,0.0,0.0,0.0,0.0,0.0,0.0,35.09,44.55,16.72,270.6,27.5,224.73,147.84,62.37,0.0,829.4
66.2954,0.0,0.0,0.0,0.0,0.0,0.0,0.0,0.0,28.05,39.82,14.3,267.63,27.5,227.48,153.67,64.9,0.0,823.35
66.3054,0.0,0.0,0.0,0.0,0.0,0.0,0.0,0.0,22.77,35.09,11.88,264.77,24.75,230.34,159.5,67.32,0.0,816.42
66.3154,0.0,0.0,0.0,0.0,0.0,0.0,0.0,0.0,19.25,28.05,11.88,258.94,24.75,235.95,165.33,72.16,0.0,816.31
66.3254,0.0,0.0,0.0,0.0,0.0,0.0,0.0,0.0,15.73,23.43,9.57,253.11,24.75,238.7,174.24,74.69,0.0,814.22
66.3354,0.0,0.0,0.0,0.0,0.0,0.0,0.0,0.0,13.97,18.7,9.57,250.14,24.75,241.45,180.18,77.11,0.0,815.87
66.3454,0.0,0.0,0.0,0.0,0.0,0.0,0.0,0.0,12.21,16.39,9.57,244.42,27.5,247.06,189.09,79.53,0.0,825.77
66.3554,0.0,0.0,0.0,0.0,0.0,0.0,0.0,0.0,10.45,13.97,7.15,241.45,27.5,249.92,198.11,84.48,0.0,833.03
66.3654,0.0,0.0,0.0,0.0,0.0,0.0,0.0,0.0,8.69,11.66,7.15,235.62,27.5,252.67,207.02,86.9,0.0,837.21
66.3754,0.0,0.0,0.0,0.0,0.0,0.0,0.0,0.0,8.69,9.35,7.15,229.79,27.5,258.28,215.93,89.32,0.0,846.01
66.3854,0.0,0.0,0.0,0.0,0.0,0.0,0.0,0.0,6.93,6.93,4.73,224.07,27.5,261.03,224.73,94.27,0.0,850.19
66.3954,0.0,0.0,0.0,0.0,0.0,0.0,0.0,0.0,6.93,6.93,0.0,214.39,27.5,263.89,233.2,99.11,0.0,851.95
66.4054,0.0,0.0,0.0,0.0,0.0,0.0,0.0,0.0,5.17,4.62,0.0,201.63,24.75,266.64,241.67,101.53,0.0,846.01
66.4154,0.0,0.0,0.0,0.0,0.0,0.0,0.0,0.0,5.17,4.62,0.0,188.76,24.75,266.64,247.39,104.06,0.0,841.39
66.4254,0.0,0.0,0.0,0.0,0.0,0.0,0.0,0.0,5.17,4.62,0.0,172.81,22.0,266.64,250.14,108.9,0.0,830.28
66.4353,0.0,0.0,0.0,0.0,0.0,0.0,0.0,0.0,5.17,0.0,0.0,153.78,19.25,263.89,253.0,111.32,0.0,806.41
66.4453,9.24,0.0,0.0,0.0,0.0,0.0,0.0,0.0,3.41,0.0,0.0,137.94,16.5,261.03,255.86,113.85,9.24,788.59
66.4553,39.49,5.83,0.0,0.0,0.0,0.0,0.0,0.0,3.41,0.0,0.0,119.02,13.75,258.28,255.86,116.05,45.32,766.37
66.4653,162.58,38.94,0.0,0.0,0.0,0.0,0.0,0.0,0.0,0.0,0.0,100.21,11.0,252.67,255.86,118.25,201.52,737.99
66.4753,244.09,76.34,24.2,6.82,0.0,0.0,0.0,0.0,0.0,0.0,0.0,81.29,8.25,244.31,253.0,122.76,351.45,709.61
66.4853,233.75,109.34,41.14,25.85,0.0,5.83,0.0,0.0,0.0,0.0,0.0,59.4,5.5,227.48,250.14,124.96,415.91,667.48
66.4953,236.28,143.11,55.77,41.36,0.0,13.64,0.0,3.52,0.0,0.0,0.0,39.6,0.0,200.42,247.39,129.47,493.68,616.88
66.5053,238.92,159.83,62.81,55.11,0.0,21.45,0.0,5.28,0.0,0.0,0.0,25.41,5.5,162.69,241.67,131.67,543.4,566.94
66.5153,233.75,168.3,62.81,67.43,0.0,33.22,0.0,7.04,0.0,0.0,0.0,19.8,5.5,108.24,227.59,131.67,572.55,492.8
66.5253,225.94,175.12,65.12,78.43,0.0,46.86,4.51,12.32,0.0,0.0,0.0,14.08,8.25,64.79,198.11,122.76,608.3,407.99
66.5353,228.58,184.25,67.54,89.54,0.0,63.03,10.67,14.08,0.0,0.0,0.0,14.08,8.25,42.68,150.81,111.32,657.69,327.14
66.5453,231.11,193.27,74.58,98.34,0.0,74.25,16.72,17.6,0.0,0.0,0.0,11.22,8.25,28.49,98.23,96.69,705.87,242.88
66.5553,241.45,202.4,81.73,104.94,4.18,85.47,30.47,21.12,0.0,0.0,0.0,8.47,5.5,23.65,59.51,79.53,771.76,176.66
66.5653,249.26,209.11,88.77,111.54,10.56,96.69,41.25,24.64,0.0,0.0,0.0,5.61,5.5,16.61,43.67,62.37,831.82,133.76
66.5753,254.43,213.73,93.5,118.25,14.74,103.4,50.38,28.27,0.0,0.0,0.0,0.0,0.0,14.19,33.33,31.79,876.7,79.31
66.5853,251.9,213.73,95.81,127.27,16.94,110.11,55.0,30.03,0.0,0.0,0.0,0.0,0.0,9.46,23.1,12.65,900.79,45.21
66.5953,244.09,211.42,93.5,136.18,19.03,118.69,60.06,31.79,0.0,0.0,0.0,0.0,0.0,4.73,17.93,4.18,914.76,26.84
66.6053,233.75,206.91,91.08,145.09,19.03,125.07,65.56,33.55,0.0,0.0,0.0,0.0,0.0,4.73,15.4,4.18,920.04,24.31
66.6153,223.41,197.78,86.35,154.11,23.21,131.45,69.19,33.55,0.0,0.0,0.0,0.0,0.0,0.0,12.76,0.0,919.05,12.76
66.6253,208.78,184.25,81.73,163.02,23.21,137.72,72.82,35.31,0.0,0.0,0.0,0.0,0.0,0.0,10.23,0.0,906.84,10.23
66.6353,194.15,170.61,77.0,167.64,25.41,142.01,78.21,37.07,0.0,0.0,0.0,0.0,0.0,0.0,10.23,0.0,892.1,10.23
66.6453,182.05,159.83,72.27,174.68,27.5,146.19,81.84,38.83,0.0,0.0,0.0,0.0,0.0,0.0,7.7,0.0,883.19,7.7
66.6553,169.95,147.29,69.85,177.1,29.59,150.48,85.47,38.83,0.0,0.0,0.0,0.0,0.0,0.0,7.7,0.0,868.56,7.7
66.6653,157.63,138.93,65.12,179.41,29.59,152.57,89.1,40.59,0.0,0.0,0.0,0.0,0.0,0.0,5.06,0.0,852.94,5.06
66.6753,145.31,126.39,60.39,184.14,29.59,156.86,90.86,40.59,0.0,0.0,0.0,0.0,0.0,0.0,5.06,0.0,834.13,5.06
66.6853,133.1,115.94,53.24,186.56,31.68,156.86,92.73,42.35,0.0,0.0,0.0,0.0,0.0,0.0,5.06,0.0,812.46,5.06
66.6953,120.78,104.94,48.4,188.87,31.68,158.95,94.49,42.35,0.0,0.0,0.0,0.0,0.0,0.0,0.0,0.0,790.46,0.0
66.7053,108.68,93.94,43.56,191.29,31.68,161.04,96.36,42.35,0.0,0.0,0.0,0.0,0.0,0.0,0.0,0.0,768.9,0.0
66.7153,99.88,85.14,38.72,191.29,31.68,163.13,96.36,44.11,0.0,0.0,0.0,0.0,0.0,0.0,0.0,0.0,750.31,0.0
66.7253,91.08,76.34,33.88,193.6,31.68,165.33,98.12,44.11,0.0,0.0,0.0,0.0,0.0,0.0,0.0,0.0,734.14,0.0
66.7353,82.17,67.54,31.46,193.6,33.88,165.33,99.99,44.11,0.0,0.0,0.0,0.0,0.0,0.0,0.0,0.0,718.08,0.0
66.7453,75.57,60.94,26.62,193.6,33.88,167.53,101.75,45.87,0.0,0.0,0.0,0.0,0.0,0.0,0.0,0.0,705.76,0.0
66.7553,66.77,54.56,24.2,195.91,33.88,169.73,105.38,45.87,0.0,0.0,0.0,0.0,0.0,0.0,0.0,0.0,696.3,0.0
66.7653,60.17,48.73,21.78,193.6,33.88,171.93,109.01,47.63,0.0,0.0,0.0,0.0,0.0,0.0,0.0,0.0,686.73,0.0
66.7753,53.35,44.77,19.36,195.91,33.88,174.13,112.64,47.63,0.0,0.0,0.0,0.0,0.0,0.0,0.0,0.0,681.67,0.0
66.7853,44.11,38.94,16.94,193.6,35.97,178.53,116.49,49.39,0.0,0.0,0.0,0.0,0.0,0.0,0.0,0.0,673.97,0.0
66.7953,34.76,35.09,14.52,193.6,35.97,180.73,124.52,51.15,0.0,0.0,0.0,0.0,0.0,0.0,0.0,0.0,670.34,0.0
66.8053,27.83,29.15,12.1,191.29,35.97,185.13,130.57,52.91,0.0,0.0,0.0,0.0,0.0,0.0,0.0,0.0,664.95,0.0
66.8153,23.21,27.28,12.1,188.87,35.97,187.33,138.6,54.67,0.0,0.0,0.0,0.0,0.0,0.0,0.0,0.0,668.03,0.0
66.8253,20.9,23.32,9.68,186.56,38.06,191.73,146.74,56.54,0.0,0.0,0.0,0.0,0.0,0.0,0.0,0.0,673.53,0.0
66.8353,16.17,19.47,9.68,184.14,38.06,194.04,156.75,58.52,0.0,0.0,0.0,0.0,0.0,0.0,0.0,0.0,676.83,0.0
66.8453,13.86,17.49,7.26,184.14,40.15,196.24,164.89,60.5,0.0,0.0,0.0,0.0,0.0,0.0,0.0,0.0,684.53,0.0
66.8553,11.55,15.51,7.26,181.83,40.15,200.64,173.03,62.59,0.0,0.0,0.0,0.0,0.0,0.0,0.0,0.0,692.56,0.0
66.8653,9.24,11.66,7.26,179.41,40.15,202.84,181.28,64.57,0.0,0.0,0.0,0.0,0.0,0.0,0.0,0.0,696.41,0.0
66.8753,9.24,9.68,4.84,177.1,40.15,207.24,189.64,66.55,0.0,0.0,0.0,0.0,0.0,0.0,0.0,0.0,704.44,0.0
66.8853,6.93,7.7,4.84,172.37,40.15,209.44,195.8,68.64,0.0,0.0,0.0,0.0,0.0,0.0,0.0,0.0,705.87,0.0
66.8953,6.93,7.7,0.0,165.33,40.15,211.64,204.05,70.62,0.0,0.0,0.0,0.0,0.0,0.0,0.0,0.0,706.42,0.0
66.9053,4.62,5.83,0.0,156.31,38.06,211.64,212.41,72.6,0.0,0.0,0.0,0.0,0.0,0.0,0.0,0.0,701.47,0.0
66.9153,4.62,3.85,0.0,142.89,35.97,213.84,218.57,76.67,0.0,0.0,0.0,0.0,0.0,0.0,0.0,0.0,696.41,0.0
66.9253,0.0,3.85,0.0,129.47,31.68,211.64,224.84,78.65,0.0,0.0,0.0,0.0,0.0,0.0,0.0,0.0,680.13,0.0
66.9353,0.0,3.85,0.0,116.05,29.59,211.64,229.24,82.72,0.0,0.0,0.0,0.0,0.0,0.0,0.0,0.0,673.09,0.0
66.9453,0.0,3.85,0.0,100.54,25.41,209.44,229.24,86.79,0.0,0.0,0.0,0.0,0.0,0.0,0.0,0.0,655.27,0.0
66.9553,0.0,3.85,0.0,87.34,21.12,207.24,229.24,88.77,6.93,0.0,0.0,0.0,0.0,0.0,0.0,0.0,637.56,6.93
66.9653,0.0,0.0,0.0,71.83,16.94,205.04,227.04,92.84,24.53,4.62,0.0,0.0,0.0,0.0,0.0,0.0,613.69,29.15
66.9753,0.0,0.0,0.0,58.63,12.65,198.44,227.04,96.91,115.28,25.74,0.0,0.0,0.0,0.0,0.0,0.0,593.67,141.02
66.9853,0.0,0.0,0.0,44.77,10.56,189.53,222.75,98.89,212.41,49.17,9.57,0.0,0.0,0.0,0.0,0.0,566.5,271.15
66.9953,0.0,0.0,0.0,31.02,8.47,171.93,220.66,102.96,200.86,68.09,23.87,22.55,0.0,0.0,0.0,0.0,535.04,315.37
67.0053,0.0,0.0,0.0,20.68,6.27,150.48,216.48,104.94,203.17,91.74,35.86,39.6,0.0,0.0,5.06,0.0,498.85,375.43
67.0153,0.0,0.0,0.0,17.16,6.27,120.78,206.14,102.96,210.1,108.24,47.85,71.94,0.0,11.88,7.7,0.0,453.31,457.71
67.0253,0.0,0.0,0.0,15.51,6.27,85.47,187.55,98.89,219.34,125.51,55.11,90.75,0.0,40.37,12.76,0.0,393.69,543.84
67.0353,0.0,0.0,0.0,11.99,6.27,50.71,148.72,92.84,214.72,133.1,57.75,103.29,0.0,59.4,20.46,8.47,310.53,597.19
67.0453,0.0,0.0,0.0,10.34,6.27,35.09,98.12,80.74,217.03,140.58,63.25,109.56,5.5,75.68,35.97,12.65,230.56,660.22
67.0553,0.0,0.0,0.0,8.58,4.18,25.3,55.0,66.55,226.49,150.59,71.39,119.02,8.25,86.46,48.73,19.03,159.61,729.96
67.0653,0.0,0.0,0.0,6.82,0.0,19.47,36.63,49.39,236.28,158.07,79.64,128.48,11.0,97.35,59.51,23.21,112.31,793.54
67.0753,0.0,0.0,0.0,3.41,0.0,15.62,35.09,33.55,248.6,168.19,85.03,137.94,11.0,108.24,68.42,27.5,87.67,854.92
67.0853,0.0,0.0,0.0,0.0,0.0,11.66,25.96,22.88,253.55,173.03,93.28,144.32,13.75,119.13,80.3,29.59,60.5,906.95
67.0953,0.0,0.0,0.0,0.0,0.0,7.81,19.8,17.6,256.08,175.45,96.03,150.59,16.5,127.27,86.35,31.79,45.21,940.06
67.1053,0.0,0.0,0.0,0.0,0.0,7.81,15.18,8.8,253.55,175.45,98.67,156.97,16.5,135.41,95.26,35.97,31.79,967.78
67.1153,0.0,0.0,0.0,0.0,0.0,5.83,10.67,3.52,243.76,175.45,96.03,166.43,16.5,143.66,98.23,35.97,20.02,976.03
67.1253,0.0,0.0,0.0,0.0,0.0,3.85,9.13,3.52,231.44,170.61,93.28,176.0,19.25,151.8,104.17,38.06,16.5,984.61
67.1353,0.0,0.0,0.0,0.0,0.0,3.85,9.13,3.52,219.34,165.66,93.28,185.57,22.0,159.94,110.22,42.35,16.5,998.36
67.1453,0.0,0.0,0.0,0.0,0.0,0.0,7.59,3.52,205.48,158.07,87.78,191.95,22.0,168.19,118.91,44.44,11.11,996.82
67.1553,0.0,0.0,0.0,0.0,0.0,0.0,6.05,3.52,191.51,150.59,85.03,195.14,24.75,173.47,121.77,46.53,9.57,988.79
67.1653,0.0,0.0,0.0,0.0,0.0,0.0,4.51,0.0,175.34,140.58,79.64,201.63,24.75,178.86,127.6,48.73,4.51,977.13
67.1753,0.0,0.0,0.0,0.0,0.0,0.0,2.97,0.0,159.72,130.57,74.14,208.01,24.75,184.25,133.32,50.82,2.97,965.58
67.1853,0.0,0.0,0.0,0.0,0.0,0.0,2.97,0.0,144.87,120.56,68.75,211.2,24.75,189.64,136.29,52.91,2.97,948.97
67.1953,0.0,0.0,0.0,0.0,0.0,0.0,0.0,0.0,127.93,108.24,63.25,214.39,27.5,195.03,139.15,55.11,0.0,930.6
67.2053,0.0,0.0,0.0,0.0,0.0,0.0,0.0,0.0,113.3,98.78,55.11,217.58,27.5,197.67,142.12,57.53,0.0,909.59
67.2153,0.0,0.0,0.0,0.0,0.0,0.0,0.0,0.0,101.86,89.32,50.27,220.77,27.5,200.42,144.98,59.95,0.0,895.07
67.2253,0.0,0.0,0.0,0.0,0.0,0.0,0.0,0.0,88.44,79.86,45.43,224.07,27.5,205.81,147.84,59.95,0.0,878.9
67.2353,0.0,0.0,0.0,0.0,0.0,0.0,0.0,0.0,77.0,72.82,40.7,226.93,27.5,208.45,150.81,64.9,0.0,869.11
67.2453,0.0,0.0,0.0,0.0,0.0,0.0,0.0,0.0,65.56,65.67,38.28,229.79,27.5,211.2,153.67,64.9,0.0,856.57
67.2553,0.0,0.0,0.0,0.0,0.0,0.0,0.0,0.0,57.97,58.63,33.44,229.79,27.5,213.84,153.67,67.32,0.0,842.16
67.2653,0.0,0.0,0.0,0.0,0.0,0.0,0.0,0.0,47.41,51.59,28.71,232.76,27.5,216.59,156.53,67.32,0.0,828.41
67.2753,0.0,0.0,0.0,0.0,0.0,0.0,0.0,0.0,40.37,44.55,23.87,232.76,27.5,219.23,159.5,69.74,0.0,817.52
67.2853,0.0,0.0,0.0,0.0,0.0,0.0,0.0,0.0,33.33,39.82,19.14,232.76,27.5,224.73,165.33,72.16,0.0,814.77
67.2953,0.0,0.0,0.0,0.0,0.0,0.0,0.0,0.0,26.29,35.09,16.72,229.79,27.5,227.48,168.3,74.69,0.0,805.86
67.3053,0.0,0.0,0.0,0.0,0.0,0.0,0.0,0.0,21.01,28.05,11.88,226.93,27.5,230.34,174.24,77.11,0.0,797.06
67.3153,0.0,0.0,0.0,0.0,0.0,0.0,0.0,0.0,17.49,21.01,9.57,224.07,24.75,233.09,180.18,79.53,0.0,789.69
67.3253,0.0,0.0,0.0,0.0,0.0,0.0,0.0,0.0,13.97,16.39,9.57,220.77,27.5,235.95,189.09,84.48,0.0,797.72
67.3353,0.0,0.0,0.0,0.0,0.0,0.0,0.0,0.0,12.21,13.97,7.15,217.58,27.5,238.7,195.14,86.9,0.0,799.15
67.3453,0.0,0.0,0.0,0.0,0.0,0.0,0.0,0.0,10.45,11.66,7.15,214.39,24.75,244.31,204.05,89.32,0.0,806.08
67.3553,0.0,0.0,0.0,0.0,0.0,0.0,0.0,0.0,8.69,9.35,7.15,208.01,24.75,247.06,212.96,94.27,0.0,812.24
67.3653,0.0,0.0,0.0,0.0,0.0,0.0,0.0,0.0,8.69,6.93,4.73,201.63,24.75,249.92,221.98,96.69,0.0,815.32
67.3753,0.0,0.0,0.0,0.0,0.0,0.0,0.0,0.0,6.93,6.93,4.73,195.14,24.75,255.42,230.45,101.53,0.0,825.88
67.3853,0.0,0.0,0.0,0.0,0.0,0.0,0.0,0.0,6.93,4.62,0.0,188.76,24.75,258.28,238.92,106.48,0.0,828.74
67.3953,0.0,0.0,0.0,0.0,0.0,0.0,0.0,0.0,5.17,4.62,0.0,176.0,24.75,261.03,247.39,108.9,0.0,827.86
67.4053,0.0,0.0,0.0,0.0,0.0,0.0,0.0,0.0,5.17,0.0,0.0,163.24,22.0,261.03,253.0,113.85,0.0,818.29
67.4153,4.62,0.0,0.0,0.0,0.0,0.0,0.0,0.0,5.17,0.0,0.0,150.59,22.0,261.03,258.72,118.25,4.62,815.76
67.4253,9.24,0.0,0.0,0.0,0.0,0.0,0.0,0.0,3.41,0.0,0.0,134.86,19.25,258.28,264.33,122.76,9.24,802.89
67.4353,25.52,5.83,0.0,0.0,0.0,0.0,0.0,0.0,3.41,0.0,0.0,115.94,13.75,255.42,267.19,127.16,31.35,782.87
67.4453,91.08,23.32,0.0,0.0,0.0,0.0,0.0,0.0,0.0,0.0,0.0,97.02,13.75,249.92,267.19,131.67,114.4,759.55
67.4553,238.92,63.14,14.52,0.0,0.0,0.0,0.0,0.0,0.0,0.0,0.0,81.29,8.25,241.45,264.33,133.87,316.58,729.19
67.4653,241.45,89.54,31.46,10.34,0.0,0.0,0.0,0.0,0.0,0.0,0.0,59.4,5.5,227.48,264.33,138.38,372.79,695.09
67.4753,231.11,120.12,45.98,24.09,0.0,5.83,0.0,0.0,0.0,0.0,0.0,39.6,5.5,205.81,258.72,140.58,427.13,650.21
67.4853,228.58,143.11,55.77,32.67,0.0,9.68,0.0,0.0,0.0,0.0,0.0,25.41,0.0,170.83,253.0,140.58,469.81,589.82
67.4953,228.58,157.74,60.39,49.94,0.0,19.47,0.0,3.52,0.0,0.0,0.0,16.94,5.5,119.13,244.53,138.38,519.64,524.48
67.5053,228.58,170.61,65.12,58.63,0.0,37.07,0.0,8.8,0.0,0.0,0.0,14.08,5.5,70.18,218.9,129.47,568.81,438.13
67.5153,225.94,181.94,69.85,71.83,0.0,54.67,7.59,14.08,0.0,0.0,0.0,11.22,8.25,42.68,174.24,113.85,625.9,350.24
67.5253,233.75,195.58,79.31,82.83,0.0,67.54,18.26,19.36,0.0,0.0,0.0,11.22,8.25,30.8,115.94,99.11,696.63,265.32
67.5353,244.09,204.6,86.35,89.54,4.18,80.96,32.01,22.88,0.0,0.0,0.0,8.47,5.5,26.07,74.36,79.53,764.61,193.93
67.5453,251.9,211.42,95.81,96.14,10.56,92.18,45.76,26.4,0.0,0.0,0.0,8.47,5.5,18.92,48.73,55.11,830.17,136.73
67.5553,257.07,213.73,105.27,100.54,14.74,101.2,56.54,30.03,0.0,0.0,0.0,5.61,0.0,14.19,33.33,31.79,879.12,84.92
67.5653,257.07,213.73,107.69,107.14,19.03,110.11,67.32,33.55,0.0,0.0,0.0,0.0,0.0,11.88,23.1,12.65,915.64,47.63
67.5753,249.26,209.11,107.69,113.85,21.12,118.69,74.58,35.31,0.0,0.0,0.0,0.0,0.0,7.04,17.93,6.27,929.61,31.24
67.5853,238.92,202.4,105.27,120.56,23.21,125.07,81.84,38.83,0.0,0.0,0.0,0.0,0.0,4.73,15.4,4.18,936.1,24.31
67.5953,225.94,190.96,100.54,129.47,25.41,133.54,89.1,42.35,0.0,0.0,0.0,0.0,0.0,4.73,12.76,4.18,937.31,21.67
67.6053,211.2,179.63,95.81,136.18,27.5,139.92,94.49,44.11,0.0,0.0,0.0,0.0,0.0,0.0,10.23,0.0,928.84,10.23
67.6153,194.15,164.01,88.77,140.69,29.59,146.19,99.99,47.63,0.0,0.0,0.0,0.0,0.0,0.0,10.23,0.0,911.02,10.23
67.6253,182.05,151.47,84.04,145.09,31.68,150.48,107.25,49.39,0.0,0.0,0.0,0.0,0.0,0.0,7.7,0.0,901.45,7.7
67.6353,167.53,138.93,79.31,149.6,33.88,154.66,114.51,52.91,0.0,0.0,0.0,0.0,0.0,0.0,7.7,0.0,891.33,7.7
67.6453,155.21,128.48,74.58,149.6,33.88,158.95,120.45,54.67,0.0,0.0,0.0,0.0,0.0,0.0,5.06,0.0,875.82,5.06
67.6553,142.89,115.94,67.54,151.8,35.97,161.04,124.52,54.67,0.0,0.0,0.0,0.0,0.0,0.0,0.0,0.0,854.37,0.0
67.6653,128.15,102.74,62.81,154.11,38.06,165.33,128.59,56.54,0.0,0.0,0.0,0.0,0.0,0.0,0.0,0.0,836.33,0.0
67.6753,113.41,91.74,53.24,154.11,38.06,167.53,132.55,58.52,0.0,0.0,0.0,0.0,0.0,0.0,0.0,0.0,809.16,0.0
67.6853,99.88,78.54,48.4,154.11,38.06,169.73,136.62,58.52,0.0,0.0,0.0,0.0,0.0,0.0,0.0,0.0,783.86,0.0
67.6953,88.88,69.74,41.14,154.11,38.06,169.73,140.69,58.52,0.0,0.0,0.0,0.0,0.0,0.0,0.0,0.0,760.87,0.0
67.7053,77.77,60.94,36.3,151.8,38.06,171.93,144.65,60.5,0.0,0.0,0.0,0.0,0.0,0.0,0.0,0.0,741.95,0.0
67.7153,68.97,52.58,31.46,149.6,38.06,171.93,148.72,60.5,0.0,0.0,0.0,0.0,0.0,0.0,0.0,0.0,721.82,0.0
67.7253,60.17,46.75,26.62,147.4,40.15,174.13,152.79,60.5,0.0,0.0,0.0,0.0,0.0,0.0,0.0,0.0,708.51,0.0
67.7353,53.35,42.79,21.78,145.09,40.15,174.13,156.75,60.5,0.0,0.0,0.0,0.0,0.0,0.0,0.0,0.0,694.54,0.0
67.7453,44.11,36.96,19.36,140.69,40.15,174.13,162.8,60.5,0.0,0.0,0.0,0.0,0.0,0.0,0.0,0.0,678.7,0.0
67.7553,34.76,31.13,16.94,136.18,40.15,174.13,166.87,60.5,0.0,0.0,0.0,0.0,0.0,0.0,0.0,0.0,660.66,0.0
67.7653,27.83,27.28,12.1,131.67,40.15,174.13,175.12,60.5,0.0,0.0,0.0,0.0,0.0,0.0,0.0,0.0,648.78,0.0
67.7753,23.21,21.34,12.1,127.27,40.15,174.13,181.28,62.59,0.0,0.0,0.0,0.0,0.0,0.0,0.0,0.0,642.07,0.0
67.7853,18.59,19.47,9.68,122.76,40.15,174.13,187.55,60.5,0.0,0.0,0.0,0.0,0.0,0.0,0.0,0.0,632.83,0.0
67.7953,13.86,15.51,7.26,118.25,40.15,174.13,193.71,62.59,0.0,0.0,0.0,0.0,0.0,0.0,0.0,0.0,625.46,0.0
67.8053,13.86,11.66,7.26,113.85,40.15,176.33,202.07,62.59,0.0,0.0,0.0,0.0,0.0,0.0,0.0,0.0,627.77,0.0
67.8153,11.55,9.68,4.84,109.34,42.35,176.33,208.23,62.59,0.0,0.0,0.0,0.0,0.0,0.0,0.0,0.0,624.91,0.0
67.8253,9.24,7.7,4.84,104.94,42.35,178.53,216.48,64.57,0.0,0.0,0.0,0.0,0.0,0.0,0.0,0.0,628.65,0.0
67.8353,6.93,7.7,4.84,100.54,40.15,178.53,224.84,64.57,0.0,0.0,0.0,0.0,0.0,0.0,0.0,0.0,628.1,0.0
67.8453,6.93,5.83,0.0,98.34,40.15,180.73,231.44,64.57,0.0,0.0,0.0,0.0,0.0,0.0,0.0,0.0,627.99,0.0
67.8553,4.62,5.83,0.0,93.94,40.15,182.93,240.24,66.55,0.0,0.0,0.0,0.0,0.0,0.0,0.0,0.0,634.26,0.0
67.8652,4.62,5.83,0.0,87.34,38.06,182.93,249.04,68.64,0.0,0.0,0.0,0.0,0.0,0.0,0.0,0.0,636.46,0.0
67.8752,4.62,3.85,0.0,80.63,38.06,182.93,257.95,70.62,0.0,0.0,0.0,0.0,0.0,0.0,0.0,0.0,638.66,0.0
67.8852,0.0,3.85,0.0,74.03,35.97,182.93,266.75,72.6,0.0,0.0,0.0,0.0,0.0,0.0,0.0,0.0,636.13,0.0
67.8952,0.0,3.85,0.0,67.43,35.97,182.93,275.66,76.67,0.0,0.0,0.0,0.0,0.0,0.0,0.0,0.0,642.51,0.0
67.9052,0.0,0.0,0.0,58.63,33.88,180.73,282.37,80.74,0.0,0.0,0.0,0.0,0.0,0.0,0.0,0.0,636.35,0.0
67.9152,0.0,0.0,0.0,51.7,29.59,178.53,289.19,84.81,5.17,0.0,0.0,0.0,0.0,0.0,0.0,0.0,633.82,5.17
67.9252,0.0,0.0,0.0,43.01,25.41,174.13,289.19,88.77,21.01,0.0,0.0,0.0,0.0,0.0,0.0,0.0,620.51,21.01
67.9352,0.0,0.0,0.0,36.19,19.03,169.73,289.19,94.82,111.43,16.39,4.73,0.0,0.0,0.0,0.0,0.0,608.96,132.55
67.9452,0.0,0.0,0.0,27.5,14.74,158.95,286.88,96.91,226.49,46.86,14.3,0.0,0.0,0.0,0.0,0.0,584.98,287.65
67.9552,0.0,0.0,0.0,20.68,10.56,144.1,280.17,98.89,196.24,72.82,26.29,31.02,0.0,0.0,5.06,0.0,554.4,331.43
67.9652,0.0,0.0,0.0,13.75,6.27,122.98,275.66,102.96,198.55,103.51,40.7,68.75,0.0,4.73,7.7,0.0,521.62,423.94
67.9752,0.0,0.0,0.0,13.75,6.27,94.49,264.55,102.96,210.1,125.51,50.27,97.02,0.0,35.64,12.76,4.18,482.02,535.48
67.9852,0.0,0.0,0.0,11.99,4.18,63.03,242.44,98.89,212.41,138.05,55.11,115.94,0.0,59.4,17.93,8.47,420.53,607.31
67.9952,0.0,0.0,0.0,10.34,6.27,41.03,197.89,90.86,205.48,140.58,57.75,122.21,0.0,72.93,25.63,12.65,346.39,637.23
68.0052,0.0,0.0,0.0,8.58,6.27,27.28,138.6,76.67,205.48,145.64,60.5,128.48,0.0,83.82,35.97,16.94,257.4,676.83
68.0152,0.0,0.0,0.0,6.82,6.27,21.45,76.45,58.52,210.1,153.12,66.0,137.94,5.5,91.96,43.67,19.03,169.51,727.32
68.0252,0.0,0.0,0.0,5.17,4.18,17.49,45.76,44.11,219.34,160.6,71.39,147.51,8.25,100.1,51.37,23.21,116.71,781.77
68.0352,0.0,0.0,0.0,3.41,0.0,13.64,33.55,31.79,231.44,170.61,79.64,153.78,8.25,110.99,59.51,25.41,82.39,839.63
68.0452,0.0,0.0,0.0,0.0,0.0,9.68,27.5,19.36,241.23,175.45,85.03,163.24,11.0,119.13,65.45,27.5,56.54,888.03
68.0552,0.0,0.0,0.0,0.0,0.0,7.81,19.8,12.32,243.76,180.29,87.78,169.62,13.75,127.27,71.39,29.59,39.93,923.45
68.0652,0.0,0.0,0.0,0.0,0.0,5.83,0.0,5.28,238.81,180.29,87.78,182.38,13.75,132.77,74.36,29.59,11.11,939.73
68.0752,0.0,0.0,0.0,0.0,0.0,3.85,12.21,3.52,231.44,180.29,85.03,188.76,13.75,138.16,80.3,31.79,19.58,949.52
68.0852,0.0,0.0,0.0,0.0,0.0,3.85,10.67,3.52,221.65,177.87,85.03,198.44,13.75,143.66,80.3,31.79,18.04,952.49
68.0952,0.0,0.0,0.0,0.0,0.0,3.85,9.13,0.0,212.41,173.03,82.39,208.01,16.5,149.05,83.27,33.88,12.98,958.54
68.1052,0.0,0.0,0.0,0.0,0.0,0.0,7.59,0.0,200.86,168.19,79.64,214.39,16.5,154.55,89.32,35.97,7.59,959.42
68.1152,0.0,0.0,0.0,0.0,0.0,0.0,4.51,0.0,189.2,160.6,76.89,220.77,16.5,159.94,92.29,35.97,4.51,952.16
68.1252,0.0,0.0,0.0,0.0,0.0,0.0,2.97,0.0,175.34,150.59,71.39,224.07,19.25,165.44,98.23,38.06,2.97,942.37
68.1352,0.0,0.0,0.0,0.0,0.0,0.0,0.0,0.0,161.81,140.58,68.75,226.93,19.25,170.83,101.2,38.06,0.0,927.41
68.1452,0.0,0.0,0.0,0.0,0.0,0.0,0.0,0.0,151.25,133.1,66.0,229.79,19.25,173.47,104.17,40.26,0.0,917.29
68.1552,0.0,0.0,0.0,0.0,0.0,0.0,0.0,0.0,138.49,123.09,63.25,232.76,22.0,178.86,110.22,42.35,0.0,911.02
68.1652,0.0,0.0,0.0,0.0,0.0,0.0,0.0,0.0,127.93,115.5,57.75,232.76,22.0,181.61,113.08,42.35,0.0,892.98
68.1752,0.0,0.0,0.0,0.0,0.0,0.0,0.0,0.0,117.37,105.93,55.11,232.76,22.0,187.0,115.94,44.44,0.0,880.55
68.1852,0.0,0.0,0.0,0.0,0.0,0.0,0.0,0.0,107.58,98.78,52.69,235.62,22.0,189.64,118.91,44.44,0.0,869.66
68.1952,0.0,0.0,0.0,0.0,0.0,0.0,0.0,0.0,99.99,91.74,50.27,235.62,24.75,192.39,121.77,48.73,0.0,865.26
68.2052,0.0,0.0,0.0,0.0,0.0,0.0,0.0,0.0,90.42,84.59,45.43,238.59,24.75,197.67,127.6,48.73,0.0,857.78
68.2152,0.0,0.0,0.0,0.0,0.0,0.0,0.0,0.0,80.85,77.55,43.12,241.45,24.75,203.06,130.46,50.82,0.0,852.06
68.2252,0.0,0.0,0.0,0.0,0.0,0.0,0.0,0.0,71.28,70.4,38.28,244.42,24.75,208.45,136.29,52.91,0.0,846.78
68.2352,0.0,0.0,0.0,0.0,0.0,0.0,0.0,0.0,61.71,63.36,35.86,244.42,24.75,213.84,142.12,57.53,0.0,843.59
68.2452,0.0,0.0,0.0,0.0,0.0,0.0,0.0,0.0,54.45,56.21,33.44,244.42,27.5,219.23,147.84,59.95,0.0,843.04
68.2552,0.0,0.0,0.0,0.0,0.0,0.0,0.0,0.0,47.41,51.59,31.13,244.42,27.5,224.73,153.67,62.37,0.0,842.82
68.2652,0.0,0.0,0.0,0.0,0.0,0.0,0.0,0.0,40.37,44.55,26.29,244.42,27.5,230.34,159.5,67.32,0.0,840.29
68.2752,0.0,0.0,0.0,0.0,0.0,0.0,0.0,0.0,35.09,39.82,23.87,244.42,27.5,235.95,168.3,72.16,0.0,847.11
68.2852,0.0,0.0,0.0,0.0,0.0,0.0,0.0,0.0,28.05,35.09,21.56,241.45,27.5,238.7,177.21,74.69,0.0,844.25
68.2952,0.0,0.0,0.0,0.0,0.0,0.0,0.0,0.0,22.77,30.47,19.14,238.59,27.5,244.31,186.12,79.53,0.0,848.43
68.3052,0.0,0.0,0.0,0.0,0.0,0.0,0.0,0.0,19.25,23.43,14.3,235.62,30.25,249.92,198.11,81.95,0.0,852.83
68.3152,0.0,0.0,0.0,0.0,0.0,0.0,0.0,0.0,15.73,18.7,11.88,229.79,30.25,252.67,207.02,86.9,0.0,852.94
68.3252,0.0,0.0,0.0,0.0,0.0,0.0,0.0,0.0,13.97,13.97,11.88,224.07,30.25,258.28,218.9,89.32,0.0,860.64
68.3352,0.0,0.0,0.0,0.0,0.0,0.0,0.0,0.0,12.21,11.66,9.57,217.58,30.25,258.28,227.59,94.27,0.0,861.41
68.3452,0.0,0.0,0.0,0.0,0.0,0.0,0.0,0.0,8.69,9.35,7.15,208.01,30.25,261.03,236.06,96.69,0.0,857.23
68.3552,0.0,0.0,0.0,0.0,0.0,0.0,0.0,0.0,8.69,6.93,4.73,198.44,30.25,263.89,244.53,99.11,0.0,856.57
68.3652,0.0,0.0,0.0,0.0,0.0,0.0,0.0,0.0,6.93,6.93,4.73,185.57,27.5,263.89,250.14,101.53,0.0,847.22
68.3752,0.0,0.0,0.0,0.0,0.0,0.0,0.0,0.0,5.17,4.62,0.0,169.62,27.5,263.89,255.86,106.48,0.0,833.14
68.3852,0.0,0.0,0.0,0.0,0.0,0.0,0.0,0.0,5.17,4.62,0.0,153.78,24.75,258.28,261.47,108.9,0.0,816.97
68.3952,11.55,3.85,0.0,0.0,0.0,0.0,0.0,0.0,3.41,0.0,0.0,137.94,19.25,258.28,264.33,111.32,15.4,794.53
68.4052,34.76,7.7,0.0,0.0,0.0,0.0,0.0,0.0,3.41,0.0,0.0,115.94,16.5,252.67,264.33,116.05,42.46,768.9
68.4152,145.31,35.09,0.0,0.0,0.0,0.0,0.0,0.0,3.41,0.0,0.0,97.02,13.75,247.06,264.33,120.45,180.4,746.02
68.4252,241.45,69.74,19.36,3.41,0.0,0.0,0.0,0.0,0.0,0.0,0.0,75.02,8.25,238.7,264.33,127.16,333.96,713.46
68.4352,231.11,93.94,36.3,24.09,0.0,5.83,0.0,0.0,0.0,0.0,0.0,53.68,5.5,219.23,261.47,133.87,391.27,673.75
68.4452,233.75,126.39,53.24,37.84,0.0,13.64,0.0,5.28,0.0,0.0,0.0,33.88,0.0,189.64,258.72,138.38,470.14,620.62
68.4552,233.75,143.11,60.39,49.94,0.0,29.26,2.97,8.8,0.0,0.0,0.0,19.8,0.0,146.3,253.0,138.38,528.22,557.48
68.4652,236.28,155.65,65.12,58.63,0.0,44.88,7.59,14.08,0.0,0.0,0.0,16.94,5.5,89.21,238.92,136.18,582.23,486.75
68.4752,231.11,161.92,67.54,69.63,0.0,58.63,15.18,17.6,0.0,0.0,0.0,14.08,5.5,52.25,201.08,124.96,621.61,397.87
68.4852,233.75,172.81,72.27,78.43,4.18,74.25,27.5,22.88,0.0,0.0,0.0,11.22,5.5,33.22,144.98,108.9,686.07,303.82
68.4952,238.92,181.94,79.31,87.34,8.47,85.47,39.71,26.4,0.0,0.0,0.0,11.22,5.5,28.49,89.32,89.32,747.56,223.85
68.5052,246.73,188.76,86.35,96.14,12.65,96.69,51.92,30.03,0.0,0.0,0.0,8.47,5.5,23.65,56.54,67.32,809.27,161.48
68.5152,251.9,195.58,91.08,102.74,16.94,110.11,61.93,33.55,0.0,0.0,0.0,5.61,0.0,16.61,38.5,40.26,863.83,100.98
68.5252,254.43,200.09,95.81,111.54,19.03,116.6,72.82,35.31,0.0,0.0,0.0,0.0,0.0,11.88,25.63,14.74,905.63,52.25
68.5352,249.26,197.78,98.23,120.56,21.12,125.07,80.08,38.83,0.0,0.0,0.0,0.0,0.0,7.04,17.93,6.27,930.93,31.24
68.5452,241.45,193.27,95.81,129.47,23.21,133.54,85.47,40.59,0.0,0.0,0.0,0.0,0.0,7.04,15.4,6.27,942.81,28.71
68.5552,228.58,186.45,91.08,140.69,25.41,142.01,89.1,44.11,0.0,0.0,0.0,0.0,0.0,4.73,12.76,4.18,947.43,21.67
68.5652,213.62,175.12,86.35,149.6,27.5,148.39,92.73,45.87,0.0,0.0,0.0,0.0,0.0,4.73,12.76,4.18,939.18,21.67
68.5752,199.1,161.92,81.73,154.11,27.5,152.57,98.12,47.63,0.0,0.0,0.0,0.0,0.0,4.73,10.23,0.0,922.68,14.96
68.5852,184.47,149.38,74.58,163.02,29.59,156.86,99.99,47.63,0.0,0.0,0.0,0.0,0.0,0.0,10.23,0.0,905.52,10.23
68.5952,169.95,138.93,69.85,167.64,29.59,161.04,103.62,49.39,0.0,0.0,0.0,0.0,0.0,0.0,10.23,0.0,890.01,10.23
68.6052,157.63,126.39,65.12,172.37,31.68,165.33,107.25,51.15,0.0,0.0,0.0,0.0,0.0,0.0,7.7,0.0,876.92,7.7
68.6152,142.89,115.94,58.08,174.68,31.68,167.53,109.01,51.15,0.0,0.0,0.0,0.0,0.0,0.0,7.7,0.0,850.96,7.7
68.6252,128.15,102.74,53.24,179.41,31.68,169.73,109.01,52.91,0.0,0.0,0.0,0.0,0.0,0.0,7.7,0.0,826.87,7.7
68.6352,113.41,91.74,45.98,184.14,31.68,171.93,110.88,52.91,0.0,0.0,0.0,0.0,0.0,0.0,5.06,0.0,802.67,5.06
68.6452,102.08,80.74,38.72,186.56,31.68,171.93,110.88,52.91,0.0,0.0,0.0,0.0,0.0,0.0,5.06,0.0,775.5,5.06
68.6552,88.88,69.74,33.88,191.29,31.68,174.13,109.01,52.91,0.0,0.0,0.0,0.0,0.0,0.0,5.06,0.0,751.52,5.06
68.6652,77.77,58.74,29.04,195.91,31.68,176.33,109.01,54.67,0.0,0.0,0.0,0.0,0.0,0.0,0.0,0.0,733.15,0.0
68.6752,64.57,52.58,21.78,200.64,29.59,176.33,107.25,54.67,0.0,0.0,0.0,0.0,0.0,0.0,0.0,0.0,707.41,0.0
68.6852,51.04,44.77,16.94,203.06,29.59,178.53,107.25,54.67,0.0,0.0,0.0,0.0,0.0,0.0,0.0,0.0,685.85,0.0
68.6952,39.49,36.96,14.52,205.37,29.59,180.73,107.25,52.91,0.0,0.0,0.0,0.0,0.0,0.0,0.0,0.0,666.82,0.0
68.7052,30.14,31.13,12.1,207.79,27.5,180.73,109.01,54.67,0.0,0.0,0.0,0.0,0.0,0.0,0.0,0.0,653.07,0.0
68.7152,23.21,25.3,9.68,207.79,27.5,182.93,110.88,54.67,0.0,0.0,0.0,0.0,0.0,0.0,0.0,0.0,641.96,0.0
68.7252,18.59,21.34,7.26,205.37,27.5,182.93,112.64,54.67,0.0,0.0,0.0,0.0,0.0,0.0,0.0,0.0,630.3,0.0
68.7352,13.86,17.49,7.26,205.37,27.5,185.13,116.49,54.67,0.0,0.0,0.0,0.0,0.0,0.0,0.0,0.0,627.77,0.0
68.7452,11.55,13.64,4.84,203.06,27.5,187.33,120.45,56.54,0.0,0.0,0.0,0.0,0.0,0.0,0.0,0.0,624.91,0.0
68.7552,11.55,11.66,4.84,200.64,27.5,189.53,126.5,56.54,0.0,0.0,0.0,0.0,0.0,0.0,0.0,0.0,628.76,0.0
68.7652,9.24,9.68,4.84,195.91,27.5,194.04,132.55,58.52,0.0,0.0,0.0,0.0,0.0,0.0,0.0,0.0,632.28,0.0
68.7752,6.93,7.7,0.0,193.6,27.5,196.24,138.6,60.5,0.0,0.0,0.0,0.0,0.0,0.0,0.0,0.0,631.07,0.0
68.7852,6.93,7.7,0.0,188.87,27.5,198.44,144.65,62.59,0.0,0.0,0.0,0.0,0.0,0.0,0.0,0.0,636.68,0.0
68.7952,4.62,5.83,0.0,184.14,27.5,200.64,152.79,64.57,0.0,0.0,0.0,0.0,0.0,0.0,0.0,0.0,640.09,0.0
68.8052,4.62,5.83,0.0,181.83,27.5,202.84,160.82,66.55,0.0,0.0,0.0,0.0,0.0,0.0,0.0,0.0,649.99,0.0
68.8152,4.62,5.83,0.0,174.68,29.59,205.04,166.87,68.64,0.0,0.0,0.0,0.0,0.0,0.0,0.0,0.0,655.27,0.0
68.8252,0.0,3.85,0.0,169.95,27.5,207.24,175.12,70.62,0.0,0.0,0.0,0.0,0.0,0.0,0.0,0.0,654.28,0.0
68.8352,0.0,3.85,0.0,163.02,27.5,209.44,183.37,72.6,0.0,0.0,0.0,0.0,0.0,0.0,0.0,0.0,659.78,0.0
68.8452,0.0,3.85,0.0,154.11,27.5,211.64,189.64,76.67,0.0,0.0,0.0,0.0,0.0,0.0,0.0,0.0,663.41,0.0
68.8552,0.0,3.85,0.0,145.09,27.5,211.64,197.89,78.65,0.0,0.0,0.0,0.0,0.0,0.0,0.0,0.0,664.62,0.0
68.8652,0.0,3.85,0.0,133.98,25.41,211.64,204.05,82.72,0.0,0.0,0.0,0.0,0.0,0.0,0.0,0.0,661.65,0.0
68.8752,0.0,3.85,0.0,120.56,23.21,209.44,208.23,86.79,0.0,0.0,0.0,0.0,0.0,0.0,0.0,0.0,652.08,0.0
68.8852,0.0,0.0,0.0,107.14,21.12,209.44,210.32,90.86,0.0,0.0,0.0,0.0,0.0,0.0,0.0,0.0,638.88,0.0
68.8952,0.0,0.0,0.0,96.14,16.94,209.44,212.41,94.82,0.0,0.0,0.0,0.0,0.0,0.0,0.0,0.0,629.75,0.0
68.9052,0.0,0.0,0.0,82.83,14.74,207.24,212.41,98.89,6.93,0.0,0.0,0.0,0.0,0.0,0.0,0.0,616.11,6.93
68.9152,0.0,0.0,0.0,69.63,12.65,202.84,210.32,104.94,35.09,6.93,0.0,0.0,0.0,0.0,0.0,0.0,600.38,42.02
68.9252,0.0,0.0,0.0,55.11,10.56,194.04,210.32,109.01,189.2,37.51,7.15,0.0,0.0,0.0,0.0,0.0,579.04,233.86
68.9352,0.0,0.0,0.0,43.01,8.47,182.93,208.23,113.08,221.65,56.21,14.3,5.61,0.0,0.0,5.06,0.0,555.72,302.83
68.9452,0.0,0.0,0.0,29.26,6.27,161.04,204.05,115.17,217.03,87.01,31.13,28.27,0.0,0.0,7.7,0.0,515.79,371.14
68.9552,0.0,0.0,0.0,22.33,6.27,135.63,197.89,113.08,214.72,113.08,43.12,50.82,0.0,0.0,7.7,0.0,475.2,429.44
68.9652,0.0,0.0,0.0,18.92,6.27,98.89,179.3,109.01,221.65,130.57,50.27,84.48,0.0,16.61,12.76,0.0,412.39,516.34
68.9752,0.0,0.0,0.0,15.51,6.27,60.83,142.67,102.96,224.07,143.11,55.11,103.29,0.0,37.95,15.4,4.18,328.24,583.11
68.9852,0.0,0.0,0.0,13.75,8.47,41.03,92.73,92.84,219.34,148.06,60.5,115.94,0.0,64.79,23.1,8.47,248.82,640.2
68.9952,0.0,0.0,0.0,10.34,4.18,27.28,50.38,76.67,228.91,158.07,68.75,125.4,5.5,78.32,38.5,14.74,168.85,718.19
69.0052,0.0,0.0,0.0,6.82,4.18,21.45,35.09,54.67,241.23,168.19,79.64,131.67,8.25,89.21,51.37,19.03,122.21,788.59
69.0152,0.0,0.0,0.0,5.17,0.0,17.49,30.47,38.83,258.5,177.87,87.78,137.94,11.0,100.1,62.48,23.21,91.96,858.88
69.0252,0.0,0.0,0.0,3.41,0.0,11.66,27.5,26.4,273.24,185.13,98.67,141.13,13.75,105.49,74.36,25.41,68.97,917.18
69.0352,0.0,0.0,0.0,3.41,0.0,9.68,19.8,17.6,280.72,189.97,104.17,144.32,16.5,113.63,80.3,27.5,50.49,957.11
69.0452,0.0,0.0,0.0,3.41,0.0,7.81,13.75,8.8,283.25,192.39,106.92,147.51,16.5,116.38,86.35,29.59,33.77,978.89
69.0552,0.0,0.0,0.0,0.0,0.0,5.83,7.59,3.52,280.72,189.97,106.92,153.78,16.5,121.88,89.32,31.79,16.94,990.88
69.0652,0.0,0.0,0.0,0.0,0.0,5.83,7.59,3.52,273.24,187.55,104.17,156.97,16.5,127.27,95.26,33.88,16.94,994.84
69.0752,0.0,0.0,0.0,0.0,0.0,3.85,6.05,3.52,260.92,185.13,101.42,163.24,19.25,132.77,98.23,33.88,13.42,994.84
69.0852,0.0,0.0,0.0,0.0,0.0,3.85,4.51,0.0,251.13,177.87,98.67,166.43,19.25,138.16,104.17,35.97,8.36,991.65
69.0952,0.0,0.0,0.0,0.0,0.0,0.0,2.97,0.0,236.28,173.03,96.03,169.62,19.25,140.91,107.14,38.06,2.97,980.32
69.1052,0.0,0.0,0.0,0.0,0.0,0.0,0.0,0.0,224.07,165.66,93.28,172.81,22.0,146.3,113.08,38.06,0.0,975.26
69.1152,0.0,0.0,0.0,0.0,0.0,0.0,0.0,0.0,212.41,155.65,90.53,172.81,22.0,149.05,115.94,40.26,0.0,958.65
69.1252,0.0,0.0,0.0,0.0,0.0,0.0,0.0,0.0,200.86,148.06,87.78,176.0,22.0,151.8,118.91,40.26,0.0,945.67
69.1352,0.0,0.0,0.0,0.0,0.0,0.0,0.0,0.0,186.89,140.58,85.03,176.0,24.75,154.55,121.77,42.35,0.0,931.92
69.1452,0.0,0.0,0.0,0.0,0.0,0.0,0.0,0.0,175.34,133.1,79.64,176.0,24.75,157.19,124.63,42.35,0.0,913.0
69.1552,0.0,0.0,0.0,0.0,0.0,0.0,0.0,0.0,163.9,125.51,76.89,179.19,24.75,159.94,130.46,44.44,0.0,905.08
69.1652,0.0,0.0,0.0,0.0,0.0,0.0,0.0,0.0,153.34,118.03,74.14,179.19,24.75,162.69,133.32,44.44,0.0,889.9
69.1752,0.0,0.0,0.0,0.0,0.0,0.0,0.0,0.0,144.87,110.66,71.39,179.19,27.5,168.19,136.29,46.53,0.0,884.62
69.1852,0.0,0.0,0.0,0.0,0.0,0.0,0.0,0.0,136.4,103.51,68.75,179.19,27.5,170.83,139.15,48.73,0.0,874.06
69.1952,0.0,0.0,0.0,0.0,0.0,0.0,0.0,0.0,127.93,98.78,66.0,182.38,27.5,173.47,144.98,48.73,0.0,869.77
69.2052,0.0,0.0,0.0,0.0,0.0,0.0,0.0,0.0,117.37,91.74,63.25,182.38,30.25,178.86,147.84,52.91,0.0,864.6
69.2152,0.0,0.0,0.0,0.0,0.0,0.0,0.0,0.0,109.45,87.01,57.75,185.57,30.25,184.25,153.67,55.11,0.0,863.06
69.2252,0.0,0.0,0.0,0.0,0.0,0.0,0.0,0.0,99.99,79.86,55.11,188.76,30.25,187.0,159.5,57.53,0.0,858.0
69.2352,0.0,0.0,0.0,0.0,0.0,0.0,0.0,0.0,92.29,75.13,50.27,191.95,33.0,192.39,165.33,59.95,0.0,860.31
69.2452,0.0,0.0,0.0,0.0,0.0,0.0,0.0,0.0,82.72,68.09,47.85,195.14,33.0,197.67,171.27,64.9,0.0,860.64
69.2552,0.0,0.0,0.0,0.0,0.0,0.0,0.0,0.0,75.13,63.36,45.43,195.14,33.0,203.06,180.18,67.32,0.0,862.62
69.2652,0.0,0.0,0.0,0.0,0.0,0.0,0.0,0.0,67.43,58.63,43.12,198.44,35.75,208.45,186.12,69.74,0.0,867.68
69.2752,0.0,0.0,0.0,0.0,0.0,0.0,0.0,0.0,59.84,53.9,40.7,201.63,35.75,216.59,195.14,74.69,0.0,878.24
69.2852,0.0,0.0,0.0,0.0,0.0,0.0,0.0,0.0,52.69,46.86,35.86,204.82,35.75,221.98,204.05,77.11,0.0,879.12
69.2951,0.0,0.0,0.0,0.0,0.0,0.0,0.0,0.0,43.89,42.13,33.44,204.82,38.5,227.48,212.96,79.53,0.0,882.75
69.3051,0.0,0.0,0.0,0.0,0.0,0.0,0.0,0.0,36.85,37.51,31.13,204.82,38.5,233.09,224.73,84.48,0.0,891.11
69.3151,0.0,0.0,0.0,0.0,0.0,0.0,0.0,0.0,29.81,30.47,26.29,204.82,38.5,235.95,236.06,86.9,0.0,888.8
69.3251,0.0,0.0,0.0,0.0,0.0,0.0,0.0,0.0,22.77,23.43,21.56,201.63,38.5,241.45,244.53,91.74,0.0,885.61
69.3351,0.0,0.0,0.0,0.0,0.0,0.0,0.0,0.0,17.49,16.39,14.3,195.14,38.5,244.31,258.72,96.69,0.0,881.54
69.3451,0.0,0.0,0.0,0.0,0.0,0.0,0.0,0.0,13.97,11.66,11.88,185.57,38.5,247.06,267.19,99.11,0.0,874.94
69.3551,0.0,0.0,0.0,0.0,0.0,0.0,0.0,0.0,10.45,9.35,9.57,172.81,38.5,247.06,275.66,104.06,0.0,867.46
69.3651,6.93,0.0,0.0,0.0,0.0,0.0,0.0,0.0,8.69,6.93,7.15,160.05,35.75,247.06,284.46,106.48,6.93,856.57
69.3751,23.21,3.85,0.0,0.0,0.0,0.0,0.0,0.0,6.93,4.62,4.73,144.32,33.0,247.06,290.4,108.9,27.06,839.96
69.3851,88.88,15.51,0.0,0.0,0.0,0.0,0.0,0.0,6.93,4.62,0.0,128.48,30.25,244.31,293.37,113.85,104.39,821.81
69.3951,228.58,50.6,12.1,0.0,0.0,0.0,0.0,0.0,5.17,0.0,0.0,106.48,24.75,241.45,293.37,118.25,291.28,789.47
69.4051,238.92,74.14,29.04,6.82,0.0,0.0,0.0,0.0,3.41,0.0,0.0,84.48,19.25,230.34,290.4,124.96,348.92,752.84
69.4151,233.75,102.74,45.98,18.92,0.0,3.85,0.0,0.0,3.41,0.0,0.0,56.54,13.75,213.84,287.43,131.67,405.24,706.64
69.4251,231.11,126.39,55.77,25.85,0.0,7.81,0.0,0.0,0.0,0.0,0.0,36.74,8.25,187.0,281.49,136.18,446.93,649.66
69.4351,228.58,143.11,60.39,39.6,0.0,11.66,0.0,0.0,0.0,0.0,0.0,19.8,5.5,146.3,272.8,140.58,483.34,584.98
69.4451,228.58,155.65,62.81,48.18,0.0,21.45,0.0,5.28,0.0,0.0,0.0,14.08,5.5,94.6,258.72,140.58,521.95,513.48
69.4551,228.58,164.01,67.54,55.11,0.0,35.09,0.0,7.04,0.0,0.0,0.0,11.22,5.5,52.25,224.73,131.67,557.37,425.37
69.4651,236.28,177.43,74.58,63.03,0.0,48.84,2.97,12.32,0.0,0.0,0.0,8.47,5.5,33.22,165.33,113.85,615.45,326.37
69.4751,249.26,190.96,84.04,67.43,0.0,56.65,9.13,15.84,0.0,0.0,0.0,8.47,5.5,26.07,104.17,94.27,673.31,238.48
69.4851,264.88,204.6,91.08,71.83,0.0,65.34,16.72,19.36,0.0,0.0,0.0,5.61,5.5,21.34,62.48,74.69,733.81,169.62
69.4951,277.86,213.73,100.54,76.23,0.0,72.05,27.5,21.12,0.0,0.0,0.0,0.0,0.0,16.61,41.03,48.73,789.03,106.37
69.5051,290.62,222.75,110.0,80.63,6.27,78.76,35.09,22.88,0.0,0.0,0.0,0.0,0.0,11.88,25.63,25.41,847.0,62.92
69.5151,293.15,227.15,112.42,82.83,8.47,83.27,39.71,24.64,0.0,0.0,0.0,0.0,0.0,7.04,17.93,6.27,871.64,31.24
69.5251,293.15,227.15,112.42,87.34,10.56,87.67,44.22,26.4,0.0,0.0,0.0,0.0,0.0,4.73,15.4,0.0,888.91,20.13
69.5351,287.98,224.95,112.42,91.74,10.56,92.18,47.3,28.27,0.0,0.0,0.0,0.0,0.0,4.73,12.76,4.18,895.4,21.67
69.5451,280.39,220.55,110.0,96.14,12.65,96.69,51.92,28.27,0.0,0.0,0.0,0.0,0.0,4.73,12.76,0.0,896.61,17.49
69.5551,270.05,213.73,107.69,98.34,14.74,101.2,56.54,30.03,0.0,0.0,0.0,0.0,0.0,0.0,10.23,0.0,892.32,10.23
69.5651,259.6,206.91,105.27,100.54,16.94,105.6,60.06,31.79,0.0,0.0,0.0,0.0,0.0,0.0,10.23,0.0,886.71,10.23
69.5751,251.9,200.09,102.96,104.94,16.94,107.91,65.56,31.79,0.0,0.0,0.0,0.0,0.0,0.0,7.7,0.0,882.09,7.7
69.5851,241.45,190.96,100.54,107.14,19.03,112.42,69.19,33.55,0.0,0.0,0.0,0.0,0.0,0.0,7.7,0.0,874.28,7.7
69.5951,231.11,181.94,98.23,109.34,21.12,114.51,72.82,33.55,0.0,0.0,0.0,0.0,0.0,0.0,5.06,0.0,862.62,5.06
69.6051,220.88,172.81,95.81,109.34,23.21,116.6,76.45,35.31,0.0,0.0,0.0,0.0,0.0,0.0,5.06,0.0,850.41,5.06
69.6151,211.2,164.01,91.08,111.54,23.21,118.69,80.08,35.31,0.0,0.0,0.0,0.0,0.0,0.0,5.06,0.0,835.12,5.06
69.6251,201.52,155.65,86.35,113.85,25.41,120.78,81.84,37.07,0.0,0.0,0.0,0.0,0.0,0.0,0.0,0.0,822.47,0.0
69.6351,189.31,145.2,81.73,118.25,25.41,122.98,85.47,37.07,0.0,0.0,0.0,0.0,0.0,0.0,0.0,0.0,805.42,0.0
69.6451,179.63,136.84,77.0,120.56,25.41,127.16,87.23,38.83,0.0,0.0,0.0,0.0,0.0,0.0,0.0,0.0,792.66,0.0
69.6551,169.95,130.57,72.27,124.96,27.5,129.25,89.1,38.83,0.0,0.0,0.0,0.0,0.0,0.0,0.0,0.0,782.43,0.0
69.6651,160.05,122.21,69.85,127.27,27.5,133.54,92.73,40.59,0.0,0.0,0.0,0.0,0.0,0.0,0.0,0.0,773.74,0.0
69.6751,150.26,113.85,65.12,131.67,29.59,135.63,96.36,40.59,0.0,0.0,0.0,0.0,0.0,0.0,0.0,0.0,763.07,0.0
69.6851,142.89,107.14,62.81,136.18,29.59,139.92,99.99,42.35,0.0,0.0,0.0,0.0,0.0,0.0,0.0,0.0,760.87,0.0
69.6951,133.1,98.34,58.08,140.69,31.68,144.1,103.62,44.11,0.0,0.0,0.0,0.0,0.0,0.0,0.0,0.0,753.72,0.0
69.7051,125.73,91.74,55.77,142.89,33.88,148.39,107.25,44.11,0.0,0.0,0.0,0.0,0.0,0.0,0.0,0.0,749.76,0.0
69.7151,115.83,85.14,53.24,147.4,33.88,152.57,114.51,45.87,0.0,0.0,0.0,0.0,0.0,0.0,0.0,0.0,748.44,0.0
69.7251,106.48,76.34,48.4,151.8,35.97,158.95,120.45,47.63,0.0,0.0,0.0,0.0,0.0,0.0,0.0,0.0,746.02,0.0
69.7351,97.68,69.74,45.98,154.11,38.06,163.13,128.59,49.39,0.0,0.0,0.0,0.0,0.0,0.0,0.0,0.0,746.68,0.0
69.7451,88.88,63.14,43.56,156.31,38.06,169.73,138.6,51.15,0.0,0.0,0.0,0.0,0.0,0.0,0.0,0.0,749.43,0.0
69.7551,77.77,54.56,38.72,158.51,40.15,176.33,148.72,54.67,0.0,0.0,0.0,0.0,0.0,0.0,0.0,0.0,749.43,0.0
69.7651,66.77,48.73,33.88,158.51,42.35,178.53,160.82,56.54,0.0,0.0,0.0,0.0,0.0,0.0,0.0,0.0,746.13,0.0
69.7751,57.97,42.79,29.04,158.51,44.44,185.13,170.94,58.52,0.0,0.0,0.0,0.0,0.0,0.0,0.0,0.0,747.34,0.0
69.7851,48.73,38.94,24.2,160.82,46.53,189.53,185.46,62.59,0.0,0.0,0.0,0.0,0.0,0.0,0.0,0.0,756.8,0.0
69.7951,37.18,31.13,19.36,158.51,48.62,191.73,199.98,62.59,0.0,0.0,0.0,0.0,0.0,0.0,0.0,0.0,749.1,0.0
69.8051,27.83,25.3,14.52,154.11,50.82,194.04,212.41,64.57,0.0,0.0,0.0,0.0,0.0,0.0,0.0,0.0,743.6,0.0
69.8151,20.9,19.47,12.1,151.8,50.82,196.24,227.04,68.64,0.0,0.0,0.0,0.0,0.0,0.0,0.0,0.0,747.01,0.0
69.8251,16.17,13.64,9.68,147.4,50.82,198.44,238.04,70.62,0.0,0.0,0.0,0.0,0.0,0.0,0.0,0.0,744.81,0.0
69.8351,11.55,9.68,7.26,138.38,48.62,198.44,249.04,70.62,0.0,0.0,0.0,0.0,0.0,0.0,0.0,0.0,733.59,0.0
69.8451,9.24,7.7,4.84,127.27,46.53,198.44,255.75,72.6,0.0,0.0,0.0,0.0,0.0,0.0,0.0,0.0,722.37,0.0
69.8551,6.93,5.83,0.0,116.05,42.35,198.44,260.15,76.67,5.17,0.0,0.0,0.0,0.0,0.0,0.0,0.0,706.42,5.17
69.8651,4.62,5.83,0.0,100.54,38.06,198.44,262.35,80.74,21.01,0.0,0.0,0.0,0.0,0.0,0.0,0.0,690.58,21.01
69.8751,4.62,3.85,0.0,85.03,31.68,196.24,262.35,84.81,105.71,21.01,4.73,0.0,0.0,0.0,0.0,0.0,668.58,131.45
69.8851,0.0,3.85,0.0,67.43,25.41,189.53,262.35,88.77,212.41,46.86,11.88,0.0,0.0,0.0,0.0,0.0,637.34,271.15
69.8951,0.0,3.85,0.0,49.94,16.94,180.73,257.95,92.84,203.17,68.09,26.29,19.8,0.0,0.0,5.06,0.0,602.25,322.41
69.9051,0.0,0.0,0.0,34.43,10.56,163.13,253.55,94.82,205.48,94.05,38.28,36.74,0.0,0.0,7.7,0.0,556.49,382.25
69.9151,0.0,0.0,0.0,22.33,6.27,139.92,246.84,96.91,203.17,108.24,43.12,59.4,0.0,0.0,10.23,0.0,512.27,424.16
69.9251,0.0,0.0,0.0,15.51,4.18,110.11,235.84,96.91,200.86,120.56,45.43,84.48,0.0,21.34,10.23,0.0,462.55,482.9
69.9351,0.0,0.0,0.0,13.75,4.18,76.56,214.39,94.82,193.82,125.51,47.85,97.02,0.0,40.37,12.76,0.0,403.7,517.33
69.9451,0.0,0.0,0.0,11.99,4.18,44.88,179.3,88.77,193.82,130.57,50.27,109.56,0.0,62.04,20.46,8.47,329.12,575.19
69.9551,0.0,0.0,0.0,8.58,6.27,29.26,128.59,76.67,198.55,140.58,57.75,115.94,0.0,72.93,33.33,12.65,249.37,631.73
69.9651,0.0,0.0,0.0,6.82,4.18,21.45,76.45,60.5,207.79,148.06,63.25,125.4,5.5,83.82,43.67,14.74,169.4,692.23
69.9751,0.0,0.0,0.0,5.17,4.18,17.49,45.76,47.63,219.34,158.07,68.75,131.67,8.25,91.96,43.67,19.03,120.23,740.74
69.9851,0.0,0.0,0.0,3.41,0.0,13.64,33.55,33.55,228.91,165.66,76.89,141.13,11.0,102.74,62.48,23.21,84.15,812.02
69.9951,0.0,0.0,0.0,0.0,0.0,9.68,25.96,22.88,236.28,170.61,82.39,147.51,11.0,108.24,71.39,25.41,58.52,852.83
70.0051,0.0,0.0,0.0,0.0,0.0,7.81,19.8,15.84,238.81,175.45,85.03,156.97,13.75,116.38,74.36,27.5,43.45,888.25
70.0151,0.0,0.0,0.0,0.0,0.0,5.83,13.75,7.04,233.86,177.87,85.03,169.62,13.75,124.52,77.33,29.59,26.62,911.57
70.0251,0.0,0.0,0.0,0.0,0.0,3.85,9.13,3.52,226.49,177.87,82.39,182.38,13.75,132.77,80.3,31.79,16.5,927.74
70.0351,0.0,0.0,0.0,0.0,0.0,3.85,10.67,3.52,219.34,177.87,82.39,195.14,16.5,140.91,86.35,31.79,18.04,950.29
70.0451,0.0,0.0,0.0,0.0,0.0,0.0,6.05,0.0,210.1,175.45,79.64,208.01,16.5,151.8,89.32,33.88,6.05,964.7
70.0551,0.0,0.0,0.0,0.0,0.0,0.0,4.51,0.0,198.55,168.19,79.64,214.39,19.25,157.19,98.23,35.97,4.51,971.41
70.0651,0.0,0.0,0.0,0.0,0.0,0.0,2.97,0.0,186.89,163.13,76.89,224.07,19.25,165.44,101.2,38.06,2.97,974.93
70.0751,0.0,0.0,0.0,0.0,0.0,0.0,0.0,0.0,175.34,153.12,74.14,229.79,19.25,170.83,107.14,40.26,0.0,969.87
70.0851,0.0,0.0,0.0,0.0,0.0,0.0,0.0,0.0,161.81,145.64,71.39,232.76,22.0,176.22,110.22,40.26,0.0,960.3
70.0951,0.0,0.0,0.0,0.0,0.0,0.0,0.0,0.0,151.25,135.52,66.0,235.62,22.0,181.61,113.08,42.35,0.0,947.43
70.1051,0.0,0.0,0.0,0.0,0.0,0.0,0.0,0.0,138.49,128.04,63.25,238.59,22.0,187.0,118.91,44.44,0.0,940.72
70.1151,0.0,0.0,0.0,0.0,0.0,0.0,0.0,0.0,125.84,118.03,60.5,241.45,22.0,189.64,118.91,44.44,0.0,920.81
70.1251,0.0,0.0,0.0,0.0,0.0,0.0,0.0,0.0,115.28,108.24,55.11,244.42,22.0,192.39,121.77,46.53,0.0,905.74
70.1351,0.0,0.0,0.0,0.0,0.0,0.0,0.0,0.0,103.73,98.78,50.27,247.28,24.75,197.67,124.63,48.73,0.0,895.84
70.1451,0.0,0.0,0.0,0.0,0.0,0.0,0.0,0.0,94.16,91.74,47.85,250.14,24.75,200.42,127.6,48.73,0.0,885.39
70.1551,0.0,0.0,0.0,0.0,0.0,0.0,0.0,0.0,84.7,84.59,43.12,253.11,24.75,205.81,130.46,50.82,0.0,877.36
70.1651,0.0,0.0,0.0,0.0,0.0,0.0,0.0,0.0,73.15,75.13,40.7,253.11,24.75,208.45,133.32,52.91,0.0,861.52
70.1751,0.0,0.0,0.0,0.0,0.0,0.0,0.0,0.0,65.56,68.09,35.86,255.97,24.75,213.84,136.29,52.91,0.0,853.27
70.1851,0.0,0.0,0.0,0.0,0.0,0.0,0.0,0.0,57.97,63.36,33.44,255.97,24.75,216.59,142.12,55.11,0.0,849.31
70.1951,0.0,0.0,0.0,0.0,0.0,0.0,0.0,0.0,50.93,56.21,31.13,258.94,24.75,221.98,144.98,57.53,0.0,846.45
70.2051,0.0,0.0,0.0,0.0,0.0,0.0,0.0,0.0,43.89,51.59,28.71,258.94,27.5,224.73,147.84,59.95,0.0,843.15
70.2151,0.0,0.0,0.0,0.0,0.0,0.0,0.0,0.0,38.61,46.86,23.87,258.94,27.5,227.48,153.67,62.37,0.0,839.3
70.2251,0.0,0.0,0.0,0.0,0.0,0.0,0.0,0.0,33.33,42.13,21.56,258.94,24.75,233.09,156.53,64.9,0.0,835.23
70.2351,0.0,0.0,0.0,0.0,0.0,0.0,0.0,0.0,28.05,37.51,19.14,258.94,27.5,235.95,162.36,67.32,0.0,836.77
70.2451,0.0,0.0,0.0,0.0,0.0,0.0,0.0,0.0,22.77,32.78,14.3,258.94,27.5,241.45,168.3,69.74,0.0,835.78
70.2551,0.0,0.0,0.0,0.0,0.0,0.0,0.0,0.0,19.25,28.05,11.88,255.97,27.5,244.31,177.21,74.69,0.0,838.86
70.2651,0.0,0.0,0.0,0.0,0.0,0.0,0.0,0.0,15.73,21.01,11.88,255.97,27.5,249.92,186.12,77.11,0.0,845.24
70.2751,0.0,0.0,0.0,0.0,0.0,0.0,0.0,0.0,13.97,16.39,9.57,253.11,27.5,255.42,195.14,81.95,0.0,853.05
70.2851,0.0,0.0,0.0,0.0,0.0,0.0,0.0,0.0,10.45,13.97,9.57,247.28,27.5,258.28,204.05,84.48,0.0,855.58
70.2951,0.0,0.0,0.0,0.0,0.0,0.0,0.0,0.0,8.69,11.66,7.15,241.45,27.5,263.89,215.93,89.32,0.0,865.59
70.3051,0.0,0.0,0.0,0.0,0.0,0.0,0.0,0.0,8.69,9.35,4.73,229.79,27.5,266.64,221.98,96.69,0.0,865.37
70.3151,0.0,0.0,0.0,0.0,0.0,0.0,0.0,0.0,6.93,6.93,4.73,217.58,27.5,269.39,230.45,101.53,0.0,865.04
70.3251,0.0,0.0,0.0,0.0,0.0,0.0,0.0,0.0,6.93,4.62,0.0,201.63,24.75,269.39,236.06,106.48,0.0,849.86
70.3351,0.0,0.0,0.0,0.0,0.0,0.0,0.0,0.0,5.17,4.62,0.0,185.57,22.0,269.39,241.67,111.32,0.0,839.74
70.3451,6.93,0.0,0.0,0.0,0.0,0.0,0.0,0.0,5.17,4.62,0.0,166.43,19.25,269.39,244.53,118.25,6.93,827.64
70.3551,13.86,3.85,0.0,0.0,0.0,0.0,0.0,0.0,3.41,0.0,0.0,147.51,16.5,266.64,247.39,122.76,17.71,804.21
70.3651,48.73,9.68,0.0,0.0,0.0,0.0,0.0,0.0,3.41,0.0,0.0,125.4,13.75,263.89,247.39,129.47,58.41,783.31
70.3751,174.79,44.77,4.84,0.0,0.0,0.0,0.0,0.0,3.41,0.0,0.0,103.29,8.25,258.28,247.39,133.87,224.4,754.49
70.3851,251.9,71.94,24.2,5.17,0.0,0.0,0.0,0.0,0.0,0.0,0.0,81.29,5.5,247.06,244.53,140.58,353.21,718.96
70.3951,238.92,100.54,41.14,20.68,0.0,3.85,0.0,0.0,0.0,0.0,0.0,53.68,0.0,224.73,241.67,145.09,405.13,665.17
70.4051,241.45,130.57,55.77,29.26,0.0,9.68,0.0,3.52,0.0,0.0,0.0,33.88,0.0,192.39,241.67,147.29,470.25,615.23
70.4151,238.92,147.29,62.81,44.77,0.0,15.62,0.0,5.28,0.0,0.0,0.0,22.55,5.5,146.3,233.2,147.29,514.69,554.84
70.4251,241.45,164.01,67.54,55.11,0.0,29.26,2.97,7.04,0.0,0.0,0.0,16.94,5.5,89.21,212.96,142.89,567.38,467.5
70.4351,236.28,172.81,69.85,67.43,0.0,44.88,4.51,12.32,0.0,0.0,0.0,14.08,5.5,52.25,174.24,129.47,608.08,375.54
70.4451,236.28,186.45,74.58,80.63,0.0,60.83,13.75,15.84,0.0,0.0,0.0,11.22,8.25,35.64,121.77,113.85,668.36,290.73
70.4551,244.09,197.78,81.73,89.54,4.18,74.25,22.88,19.36,0.0,0.0,0.0,11.22,5.5,28.49,74.36,94.27,733.81,213.84
70.4651,249.26,204.6,88.77,98.34,6.27,85.47,36.63,22.88,0.0,0.0,0.0,8.47,5.5,21.34,48.73,69.74,792.22,153.78
70.4751,259.6,211.42,98.23,104.94,12.65,96.69,48.84,28.27,0.0,0.0,0.0,5.61,0.0,16.61,35.97,40.26,860.64,98.45
70.4851,262.24,213.73,105.27,109.34,16.94,105.6,58.3,30.03,0.0,0.0,0.0,0.0,0.0,11.88,25.63,16.94,901.45,54.45
70.4951,259.6,213.73,107.69,116.05,21.12,114.51,67.32,31.79,0.0,0.0,0.0,0.0,0.0,7.04,17.93,6.27,931.81,31.24
70.5051,251.9,206.91,105.27,120.56,23.21,120.78,74.58,33.55,0.0,0.0,0.0,0.0,0.0,7.04,15.4,4.18,936.76,26.62
70.5151,238.92,200.09,102.96,127.27,25.41,127.16,80.08,35.31,0.0,0.0,0.0,0.0,0.0,4.73,15.4,4.18,937.2,24.31
70.5251,225.94,188.76,98.23,133.98,27.5,133.54,85.47,37.07,0.0,0.0,0.0,0.0,0.0,4.73,12.76,0.0,930.49,17.49
70.5351,211.2,177.43,93.5,138.38,29.59,139.92,90.86,38.83,0.0,0.0,0.0,0.0,0.0,4.73,10.23,0.0,919.71,14.96
70.5451,199.1,164.01,88.77,140.69,29.59,142.01,96.36,40.59,0.0,0.0,0.0,0.0,0.0,0.0,10.23,0.0,901.12,10.23
70.5551,186.89,153.56,84.04,142.89,31.68,146.19,99.99,42.35,0.0,0.0,0.0,0.0,0.0,0.0,7.7,0.0,887.59,7.7
70.5651,177.21,143.11,79.31,145.09,33.88,148.39,105.38,44.11,0.0,0.0,0.0,0.0,0.0,0.0,7.7,0.0,876.48,7.7
70.5751,167.53,132.66,74.58,145.09,35.97,150.48,109.01,44.11,0.0,0.0,0.0,0.0,0.0,0.0,7.7,0.0,859.43,7.7
70.5851,152.68,122.21,69.85,147.4,35.97,152.57,112.64,47.63,0.0,0.0,0.0,0.0,0.0,0.0,5.06,0.0,840.95,5.06
70.5951,137.94,109.34,62.81,149.6,35.97,154.66,114.51,47.63,0.0,0.0,0.0,0.0,0.0,0.0,5.06,0.0,812.46,5.06
70.6051,123.2,98.34,55.77,149.6,38.06,156.86,116.49,49.39,0.0,0.0,0.0,0.0,0.0,0.0,5.06,0.0,787.71,5.06
70.6151,110.99,85.14,50.82,151.8,38.06,158.95,120.45,49.39,0.0,0.0,0.0,0.0,0.0,0.0,0.0,0.0,765.6,0.0
70.6251,99.88,76.34,43.56,151.8,38.06,161.04,122.54,51.15,0.0,0.0,0.0,0.0,0.0,0.0,0.0,0.0,744.37,0.0
70.6351,86.68,67.54,38.72,154.11,38.06,163.13,124.52,51.15,0.0,0.0,0.0,0.0,0.0,0.0,0.0,0.0,723.91,0.0
70.6451,75.57,58.74,33.88,156.31,40.15,165.33,128.59,52.91,0.0,0.0,0.0,0.0,0.0,0.0,0.0,0.0,711.48,0.0
70.6551,66.77,50.6,29.04,156.31,38.06,167.53,130.57,52.91,0.0,0.0,0.0,0.0,0.0,0.0,0.0,0.0,691.79,0.0
70.6651,55.77,44.77,24.2,156.31,40.15,169.73,134.64,54.67,0.0,0.0,0.0,0.0,0.0,0.0,0.0,0.0,680.24,0.0
70.6751,44.11,38.94,16.94,156.31,40.15,171.93,138.6,54.67,0.0,0.0,0.0,0.0,0.0,0.0,0.0,0.0,661.65,0.0
70.6851,34.76,33.11,14.52,156.31,40.15,174.13,142.67,56.54,0.0,0.0,0.0,0.0,0.0,0.0,0.0,0.0,652.19,0.0
70.6951,27.83,29.15,12.1,156.31,40.15,176.33,148.72,56.54,0.0,0.0,0.0,0.0,0.0,0.0,0.0,0.0,647.13,0.0
70.7051,20.9,23.32,9.68,156.31,40.15,178.53,154.77,56.54,0.0,0.0,0.0,0.0,0.0,0.0,0.0,0.0,640.2,0.0
70.715,18.59,19.47,9.68,154.11,40.15,180.73,162.8,58.52,0.0,0.0,0.0,0.0,0.0,0.0,0.0,0.0,644.05,0.0
70.725,13.86,15.51,7.26,151.8,40.15,185.13,170.94,60.5,0.0,0.0,0.0,0.0,0.0,0.0,0.0,0.0,645.15,0.0
70.735,11.55,13.64,7.26,149.6,40.15,187.33,177.21,62.59,0.0,0.0,0.0,0.0,0.0,0.0,0.0,0.0,649.33,0.0
70.745,9.24,9.68,4.84,147.4,40.15,189.53,187.55,64.57,0.0,0.0,0.0,0.0,0.0,0.0,0.0,0.0,652.96,0.0
70.755,9.24,9.68,4.84,145.09,40.15,194.04,193.71,66.55,0.0,0.0,0.0,0.0,0.0,0.0,0.0,0.0,663.3,0.0
70.765,6.93,7.7,0.0,140.69,40.15,196.24,202.07,66.55,0.0,0.0,0.0,0.0,0.0,0.0,0.0,0.0,660.33,0.0
70.775,4.62,5.83,0.0,136.18,38.06,198.44,210.32,68.64,0.0,0.0,0.0,0.0,0.0,0.0,0.0,0.0,662.09,0.0
70.785,4.62,5.83,0.0,129.47,38.06,198.44,218.57,70.62,0.0,0.0,0.0,0.0,0.0,0.0,0.0,0.0,665.61,0.0
70.795,4.62,5.83,0.0,120.56,35.97,200.64,224.84,74.69,0.0,0.0,0.0,0.0,0.0,0.0,0.0,0.0,667.15,0.0
70.805,0.0,3.85,0.0,111.54,33.88,200.64,231.44,78.65,0.0,0.0,0.0,0.0,0.0,0.0,0.0,0.0,660.0,0.0
70.815,0.0,3.85,0.0,100.54,31.68,200.64,238.04,82.72,0.0,0.0,0.0,0.0,0.0,0.0,0.0,0.0,657.47,0.0
70.825,0.0,3.85,0.0,87.34,27.5,198.44,242.44,86.79,0.0,0.0,0.0,0.0,0.0,0.0,0.0,0.0,646.36,0.0
70.835,0.0,3.85,0.0,76.23,23.21,196.24,244.64,90.86,0.0,0.0,0.0,0.0,0.0,0.0,0.0,0.0,635.03,0.0
70.845,0.0,0.0,0.0,65.23,19.03,194.04,244.64,94.82,5.17,0.0,0.0,0.0,0.0,0.0,0.0,0.0,617.76,5.17
70.855,0.0,0.0,0.0,53.35,14.74,189.53,242.44,98.89,28.05,4.62,0.0,0.0,0.0,0.0,0.0,0.0,598.95,32.67
70.865,0.0,0.0,0.0,43.01,12.65,182.93,240.24,102.96,168.41,32.78,7.15,0.0,0.0,0.0,0.0,0.0,581.79,208.34
70.875,0.0,0.0,0.0,32.67,8.47,169.73,235.84,104.94,251.13,58.63,14.3,5.61,0.0,0.0,0.0,0.0,551.65,329.67
70.885,0.0,0.0,0.0,22.33,6.27,148.39,231.44,106.92,238.81,91.74,31.13,28.27,0.0,0.0,5.06,0.0,515.35,395.01
70.895,0.0,0.0,0.0,15.51,6.27,120.78,222.75,106.92,233.86,120.56,43.12,53.68,0.0,0.0,5.06,0.0,472.23,456.28
70.905,0.0,0.0,0.0,15.51,6.27,85.47,204.05,102.96,236.28,140.58,50.27,87.56,0.0,7.04,7.7,0.0,414.26,529.43
70.915,0.0,0.0,0.0,11.99,8.47,50.71,166.87,94.82,231.44,153.12,52.69,109.56,0.0,21.34,10.23,0.0,332.86,578.38
70.925,0.0,0.0,0.0,10.34,8.47,33.22,109.01,82.72,221.65,155.65,55.11,125.4,0.0,45.1,12.76,4.18,243.76,619.85
70.935,0.0,0.0,0.0,8.58,4.18,25.3,56.54,68.64,226.49,165.66,63.25,144.32,0.0,72.93,17.93,8.47,163.24,699.05
70.945,0.0,0.0,0.0,5.17,4.18,19.47,38.17,49.39,238.81,177.87,71.39,153.78,0.0,86.46,30.8,14.74,116.38,773.85
70.955,0.0,0.0,0.0,3.41,0.0,13.64,30.47,33.55,251.13,187.55,79.64,166.43,5.5,97.35,43.67,19.03,81.07,850.3
70.965,0.0,0.0,0.0,0.0,0.0,9.68,24.42,22.88,258.5,194.81,87.78,172.81,11.0,110.99,53.9,23.21,56.98,913.0
70.975,0.0,0.0,0.0,0.0,0.0,7.81,19.8,14.08,260.92,194.81,93.28,182.38,13.75,121.88,65.45,25.41,41.69,957.88
70.985,0.0,0.0,0.0,0.0,0.0,7.81,13.75,5.28,253.55,194.81,93.28,191.95,16.5,130.02,71.39,29.59,26.84,981.09
70.995,0.0,0.0,0.0,0.0,0.0,5.83,10.67,3.52,241.23,192.39,90.53,204.82,16.5,138.16,77.33,29.59,20.02,990.55
71.005,0.0,0.0,0.0,0.0,0.0,3.85,10.67,3.52,228.91,185.13,87.78,217.58,16.5,146.3,83.27,31.79,18.04,997.26
71.015,0.0,0.0,0.0,0.0,0.0,3.85,9.13,3.52,212.41,180.29,85.03,226.93,19.25,154.55,86.35,33.88,16.5,998.69
71.025,0.0,0.0,0.0,0.0,0.0,3.85,7.59,3.52,198.55,170.61,79.64,235.62,19.25,159.94,92.29,35.97,14.96,991.87
71.035,0.0,0.0,0.0,0.0,0.0,0.0,6.05,0.0,182.27,160.6,76.89,244.42,19.25,168.19,98.23,35.97,6.05,985.82
71.045,0.0,0.0,0.0,0.0,0.0,0.0,4.51,0.0,163.9,150.59,71.39,250.14,22.0,173.47,101.2,38.06,4.51,970.75
71.055,0.0,0.0,0.0,0.0,0.0,0.0,2.97,0.0,149.16,138.05,66.0,253.11,22.0,178.86,104.17,38.06,2.97,949.41
71.065,0.0,0.0,0.0,0.0,0.0,0.0,2.97,0.0,134.31,125.51,60.5,258.94,22.0,184.25,107.14,40.26,2.97,932.91
71.075,0.0,0.0,0.0,0.0,0.0,0.0,0.0,0.0,117.37,113.08,55.11,264.77,22.0,187.0,110.22,42.35,0.0,911.9
71.085,0.0,0.0,0.0,0.0,0.0,0.0,0.0,0.0,103.73,103.51,50.27,267.63,22.0,192.39,113.08,42.35,0.0,894.96
71.095,0.0,0.0,0.0,0.0,0.0,0.0,0.0,0.0,90.42,91.74,45.43,267.63,22.0,197.67,113.08,42.35,0.0,870.32
71.105,0.0,0.0,0.0,0.0,0.0,0.0,0.0,0.0,78.98,82.28,40.7,270.6,22.0,200.42,115.94,44.44,0.0,855.36
71.115,0.0,0.0,0.0,0.0,0.0,0.0,0.0,0.0,67.43,72.82,38.28,270.6,24.75,205.81,118.91,44.44,0.0,843.04
71.125,0.0,0.0,0.0,0.0,0.0,0.0,0.0,0.0,57.97,65.67,33.44,270.6,24.75,208.45,118.91,48.73,0.0,828.52
71.135,0.0,0.0,0.0,0.0,0.0,0.0,0.0,0.0,50.93,58.63,31.13,270.6,22.0,211.2,124.63,48.73,0.0,817.85
71.145,0.0,0.0,0.0,0.0,0.0,0.0,0.0,0.0,43.89,51.59,26.29,273.46,22.0,216.59,127.6,50.82,0.0,812.24
71.155,0.0,0.0,0.0,0.0,0.0,0.0,0.0,0.0,36.85,46.86,23.87,273.46,22.0,219.23,130.46,52.91,0.0,805.64
71.165,0.0,0.0,0.0,0.0,0.0,0.0,0.0,0.0,31.57,42.13,19.14,270.6,22.0,224.73,136.29,55.11,0.0,801.57
71.175,0.0,0.0,0.0,0.0,0.0,0.0,0.0,0.0,26.29,37.51,14.3,270.6,22.0,227.48,142.12,59.95,0.0,800.25
71.185,0.0,0.0,0.0,0.0,0.0,0.0,0.0,0.0,21.01,32.78,11.88,267.63,22.0,233.09,147.84,62.37,0.0,798.6
71.195,0.0,0.0,0.0,0.0,0.0,0.0,0.0,0.0,17.49,25.74,9.57,264.77,22.0,235.95,153.67,67.32,0.0,796.51
71.205,0.0,0.0,0.0,0.0,0.0,0.0,0.0,0.0,13.97,21.01,9.57,261.8,24.75,238.7,162.36,69.74,0.0,801.9
71.215,0.0,0.0,0.0,0.0,0.0,0.0,0.0,0.0,12.21,16.39,9.57,258.94,24.75,244.31,168.3,72.16,0.0,806.63
71.225,0.0,0.0,0.0,0.0,0.0,0.0,0.0,0.0,10.45,13.97,7.15,253.11,24.75,247.06,177.21,77.11,0.0,810.81
71.235,0.0,0.0,0.0,0.0,0.0,0.0,0.0,0.0,8.69,11.66,7.15,247.28,24.75,249.92,186.12,79.53,0.0,815.1
71.245,0.0,0.0,0.0,0.0,0.0,0.0,0.0,0.0,8.69,9.35,4.73,241.45,24.75,255.42,198.11,84.48,0.0,826.98
71.255,0.0,0.0,0.0,0.0,0.0,0.0,0.0,0.0,6.93,9.35,4.73,232.76,24.75,261.03,207.02,89.32,0.0,835.89
71.265,0.0,0.0,0.0,0.0,0.0,0.0,0.0,0.0,6.93,6.93,4.73,224.07,24.75,263.89,215.93,91.74,0.0,838.97
71.275,0.0,0.0,0.0,0.0,0.0,0.0,0.0,0.0,5.17,6.93,0.0,214.39,24.75,266.64,227.59,96.69,0.0,842.16
71.285,0.0,0.0,0.0,0.0,0.0,0.0,0.0,0.0,5.17,4.62,0.0,201.63,22.0,266.64,233.2,99.11,0.0,832.37
71.295,0.0,0.0,0.0,0.0,0.0,0.0,0.0,0.0,5.17,4.62,0.0,185.57,19.25,266.64,238.92,104.06,0.0,824.23
71.305,6.93,0.0,0.0,0.0,0.0,0.0,0.0,0.0,3.41,4.62,0.0,169.62,19.25,266.64,244.53,106.48,6.93,814.55
71.315,25.52,3.85,0.0,0.0,0.0,0.0,0.0,0.0,3.41,0.0,0.0,150.59,13.75,263.89,247.39,111.32,29.37,790.35
71.325,88.88,19.47,0.0,0.0,0.0,0.0,0.0,0.0,3.41,0.0,0.0,128.48,11.0,261.03,250.14,116.05,108.35,770.11
71.335,244.09,60.94,16.94,3.41,0.0,0.0,0.0,0.0,0.0,0.0,0.0,109.56,8.25,255.42,247.39,122.76,325.38,743.38
71.345,241.45,82.94,33.88,10.34,0.0,0.0,0.0,0.0,0.0,0.0,0.0,84.48,5.5,244.31,247.39,127.16,368.61,708.84
71.355,233.75,113.85,50.82,24.09,0.0,7.81,0.0,0.0,0.0,0.0,0.0,56.54,0.0,221.98,244.53,131.67,430.32,654.72
71.365,233.75,136.84,62.81,37.84,0.0,13.64,0.0,3.52,0.0,0.0,0.0,33.88,0.0,189.64,241.67,133.87,488.4,599.06
71.375,233.75,153.56,67.54,49.94,0.0,29.26,0.0,7.04,0.0,0.0,0.0,22.55,5.5,140.91,236.06,136.18,541.09,541.2
71.385,231.11,164.01,72.27,58.63,0.0,44.88,6.05,12.32,0.0,0.0,0.0,16.94,5.5,86.46,212.96,131.67,589.27,453.53
71.395,228.58,172.81,74.58,69.63,0.0,58.63,13.75,15.84,0.0,0.0,0.0,16.94,8.25,52.25,168.3,120.45,633.82,366.19
71.405,233.75,186.45,81.73,78.43,4.18,72.05,24.42,19.36,0.0,0.0,0.0,14.08,8.25,35.64,115.94,104.06,700.37,277.97
71.415,241.45,193.27,88.77,85.03,8.47,83.27,36.63,22.88,0.0,0.0,0.0,11.22,5.5,26.07,71.39,89.32,759.77,203.5
71.425,249.26,202.4,98.23,89.54,10.56,94.49,48.84,26.4,0.0,0.0,0.0,8.47,5.5,21.34,48.73,62.37,819.72,146.41
71.435,257.07,206.91,107.69,96.14,16.94,103.4,58.3,30.03,0.0,0.0,0.0,5.61,0.0,14.19,35.97,35.97,876.48,91.74
71.445,257.07,209.11,110.0,102.74,19.03,112.42,67.32,31.79,0.0,0.0,0.0,0.0,0.0,11.88,25.63,16.94,909.48,54.45
71.455,251.9,206.91,110.0,107.14,21.12,118.69,74.58,33.55,0.0,0.0,0.0,0.0,0.0,7.04,17.93,4.18,923.89,29.15
71.465,244.09,202.4,107.69,116.05,23.21,125.07,78.21,35.31,0.0,0.0,0.0,0.0,0.0,7.04,15.4,4.18,932.03,26.62
71.475,233.75,195.58,102.96,122.76,25.41,131.45,83.71,37.07,0.0,0.0,0.0,0.0,0.0,4.73,12.76,0.0,932.69,17.49
71.485,220.88,186.45,98.23,131.67,25.41,137.72,87.23,38.83,0.0,0.0,0.0,0.0,0.0,4.73,10.23,0.0,926.42,14.96
71.495,208.78,175.12,93.5,136.18,27.5,142.01,90.86,40.59,0.0,0.0,0.0,0.0,0.0,0.0,10.23,0.0,914.54,10.23
71.505,196.68,164.01,91.08,138.38,29.59,146.19,94.49,42.35,0.0,0.0,0.0,0.0,0.0,0.0,7.7,0.0,902.77,7.7
71.515,186.89,153.56,86.35,140.69,29.59,148.39,98.12,42.35,0.0,0.0,0.0,0.0,0.0,0.0,7.7,0.0,885.94,7.7
71.525,177.21,143.11,81.73,142.89,29.59,148.39,99.99,44.11,0.0,0.0,0.0,0.0,0.0,0.0,5.06,0.0,867.02,5.06
71.535,167.53,134.75,77.0,142.89,31.68,150.48,101.75,44.11,0.0,0.0,0.0,0.0,0.0,0.0,5.06,0.0,850.19,5.06
71.545,155.21,124.3,69.85,145.09,31.68,152.57,103.62,45.87,0.0,0.0,0.0,0.0,0.0,0.0,0.0,0.0,828.19,0.0
71.555,142.89,113.85,65.12,142.89,31.68,152.57,107.25,44.11,0.0,0.0,0.0,0.0,0.0,0.0,0.0,0.0,800.36,0.0
71.565,133.1,102.74,60.39,142.89,33.88,152.57,109.01,45.87,0.0,0.0,0.0,0.0,0.0,0.0,0.0,0.0,780.45,0.0
71.575,123.2,93.94,55.77,140.69,33.88,152.57,112.64,45.87,0.0,0.0,0.0,0.0,0.0,0.0,0.0,0.0,758.56,0.0
71.585,113.41,85.14,53.24,140.69,35.97,154.66,114.51,45.87,0.0,0.0,0.0,0.0,0.0,0.0,0.0,0.0,743.49,0.0
71.595,104.28,76.34,48.4,138.38,35.97,154.66,120.45,45.87,0.0,0.0,0.0,0.0,0.0,0.0,0.0,0.0,724.35,0.0
71.605,97.68,69.74,45.98,138.38,38.06,156.86,122.54,47.63,0.0,0.0,0.0,0.0,0.0,0.0,0.0,0.0,716.87,0.0
71.615,88.88,63.14,41.14,138.38,38.06,158.95,128.59,49.39,0.0,0.0,0.0,0.0,0.0,0.0,0.0,0.0,706.53,0.0
71.625,79.97,56.54,38.72,138.38,40.15,161.04,134.64,49.39,0.0,0.0,0.0,0.0,0.0,0.0,0.0,0.0,698.83,0.0
71.635,68.97,50.6,33.88,138.38,40.15,165.33,140.69,51.15,0.0,0.0,0.0,0.0,0.0,0.0,0.0,0.0,689.15,0.0
71.645,62.37,44.77,29.04,138.38,40.15,167.53,148.72,51.15,0.0,0.0,0.0,0.0,0.0,0.0,0.0,0.0,682.11,0.0
71.655,53.35,38.94,24.2,136.18,42.35,171.93,156.75,52.91,0.0,0.0,0.0,0.0,0.0,0.0,0.0,0.0,676.61,0.0
71.665,44.11,35.09,21.78,136.18,44.44,174.13,168.96,54.67,0.0,0.0,0.0,0.0,0.0,0.0,0.0,0.0,679.36,0.0
71.675,37.18,31.13,16.94,133.98,44.44,178.53,179.3,56.54,0.0,0.0,0.0,0.0,0.0,0.0,0.0,0.0,678.04,0.0
71.685,30.14,25.3,14.52,131.67,46.53,180.73,191.62,58.52,0.0,0.0,0.0,0.0,0.0,0.0,0.0,0.0,679.03,0.0
71.695,23.21,21.34,12.1,129.47,48.62,182.93,204.05,60.5,0.0,0.0,0.0,0.0,0.0,0.0,0.0,0.0,682.22,0.0
71.705,20.9,17.49,12.1,127.27,48.62,185.13,214.39,62.59,0.0,0.0,0.0,0.0,0.0,0.0,0.0,0.0,688.49,0.0
71.715,16.17,13.64,9.68,124.96,48.62,189.53,224.84,64.57,0.0,0.0,0.0,0.0,0.0,0.0,0.0,0.0,692.01,0.0
71.725,13.86,9.68,7.26,120.56,48.62,191.73,235.84,64.57,0.0,0.0,0.0,0.0,0.0,0.0,0.0,0.0,692.12,0.0
71.735,9.24,7.7,7.26,116.05,48.62,194.04,244.64,66.55,0.0,0.0,0.0,0.0,0.0,0.0,0.0,0.0,694.1,0.0
71.745,9.24,7.7,4.84,111.54,46.53,194.04,251.35,68.64,0.0,0.0,0.0,0.0,0.0,0.0,0.0,0.0,693.88,0.0
71.755,6.93,5.83,0.0,102.74,44.44,194.04,260.15,70.62,0.0,0.0,0.0,0.0,0.0,0.0,0.0,0.0,684.75,0.0
71.765,4.62,5.83,0.0,91.74,42.35,194.04,266.75,72.6,0.0,0.0,0.0,0.0,0.0,0.0,0.0,0.0,677.93,0.0
71.775,4.62,3.85,0.0,80.63,38.06,194.04,271.15,74.69,3.41,0.0,0.0,0.0,0.0,0.0,0.0,0.0,667.04,3.41
71.785,0.0,3.85,0.0,69.63,33.88,189.53,275.66,78.65,8.69,0.0,0.0,0.0,0.0,0.0,0.0,0.0,651.2,8.69
71.795,0.0,3.85,0.0,56.87,29.59,187.33,275.66,82.72,24.53,0.0,0.0,0.0,0.0,0.0,0.0,0.0,636.02,24.53
71.805,0.0,0.0,0.0,48.18,25.41,180.73,273.35,86.79,107.58,23.43,4.73,0.0,0.0,0.0,0.0,0.0,614.46,135.74
71.815,0.0,0.0,0.0,37.84,19.03,171.93,268.95,88.77,205.48,53.9,14.3,0.0,0.0,0.0,5.06,0.0,586.52,278.74
71.825,0.0,0.0,0.0,27.5,12.65,156.86,262.35,90.86,177.65,72.82,26.29,36.74,0.0,0.0,10.23,0.0,550.22,323.73
71.835,0.0,0.0,0.0,18.92,8.47,137.72,253.55,92.84,191.51,108.24,40.7,84.48,0.0,23.65,15.4,0.0,511.5,463.98
71.845,0.0,0.0,0.0,13.75,6.27,112.42,244.64,92.84,207.79,130.57,52.69,106.48,0.0,52.25,20.46,8.47,469.92,578.71
71.855,0.0,0.0,0.0,11.99,4.18,80.96,224.84,90.86,207.79,143.11,55.11,122.21,0.0,67.54,25.63,10.56,412.83,631.95
71.865,0.0,0.0,0.0,10.34,6.27,48.84,191.62,84.81,203.17,143.11,55.11,128.48,5.5,75.68,33.33,12.65,341.88,657.03
71.875,0.0,0.0,0.0,8.58,6.27,31.24,142.67,72.6,200.86,150.59,57.75,137.94,5.5,83.82,41.03,16.94,261.36,694.43
71.885,0.0,0.0,0.0,6.82,4.18,23.43,87.23,56.54,200.86,158.07,60.5,147.51,8.25,94.6,48.73,21.12,178.2,739.64
71.895,0.0,0.0,0.0,5.17,4.18,19.47,48.84,42.35,207.79,165.66,63.25,156.97,8.25,102.74,53.9,23.21,120.01,781.77
71.905,0.0,0.0,0.0,5.17,0.0,15.62,35.09,30.03,214.72,173.03,68.75,166.43,8.25,110.99,62.48,25.41,85.91,830.06
71.915,0.0,0.0,0.0,3.41,0.0,11.66,25.96,17.6,221.65,177.87,76.89,179.19,11.0,119.13,71.39,29.59,58.63,886.71
71.925,0.0,0.0,0.0,3.41,0.0,9.68,19.8,12.32,224.07,182.71,79.64,188.76,13.75,127.27,77.33,29.59,45.21,923.12
71.935,0.0,0.0,0.0,0.0,0.0,7.81,15.18,5.28,221.65,182.71,79.64,201.63,13.75,135.41,80.3,33.88,28.27,948.97
71.945,0.0,0.0,0.0,0.0,0.0,5.83,12.21,3.52,210.1,182.71,76.89,214.39,16.5,140.91,83.27,33.88,21.56,958.65
71.955,0.0,0.0,0.0,0.0,0.0,5.83,10.67,3.52,200.86,177.87,74.14,229.79,13.75,149.05,86.35,35.97,20.02,967.78
71.965,0.0,0.0,0.0,0.0,0.0,3.85,9.13,3.52,186.89,173.03,71.39,241.45,16.5,157.19,89.32,35.97,16.5,971.74
71.975,0.0,0.0,0.0,0.0,0.0,3.85,7.59,3.52,175.34,165.66,68.75,250.14,16.5,162.69,92.29,38.06,14.96,969.43
71.985,0.0,0.0,0.0,0.0,0.0,0.0,6.05,3.52,161.81,158.07,66.0,258.94,16.5,168.19,98.23,40.26,9.57,968.0
71.995,0.0,0.0,0.0,0.0,0.0,0.0,6.05,0.0,151.25,148.06,63.25,267.63,19.25,176.22,101.2,42.35,6.05,969.21
72.005,0.0,0.0,0.0,0.0,0.0,0.0,4.51,0.0,138.49,138.05,57.75,273.46,19.25,178.86,104.17,42.35,4.51,952.38
72.015,0.0,0.0,0.0,0.0,0.0,0.0,2.97,0.0,125.84,128.04,55.11,279.51,19.25,184.25,107.14,44.44,2.97,943.58
72.025,0.0,0.0,0.0,0.0,0.0,0.0,2.97,0.0,113.3,118.03,50.27,282.7,19.25,189.64,107.14,44.44,2.97,924.77
72.035,0.0,0.0,0.0,0.0,0.0,0.0,0.0,0.0,101.86,105.93,45.43,288.97,19.25,192.39,110.22,46.53,0.0,910.58
72.045,0.0,0.0,0.0,0.0,0.0,0.0,0.0,0.0,90.42,96.47,43.12,292.16,22.0,197.67,113.08,46.53,0.0,901.45
72.055,0.0,0.0,0.0,0.0,0.0,0.0,0.0,0.0,78.98,87.01,38.28,292.16,22.0,200.42,113.08,48.73,0.0,880.66
72.065,0.0,0.0,0.0,0.0,0.0,0.0,0.0,0.0,71.28,77.55,35.86,295.35,19.25,205.81,115.94,50.82,0.0,871.86
72.075,0.0,0.0,0.0,0.0,0.0,0.0,0.0,0.0,61.71,72.82,33.44,295.35,22.0,211.2,118.91,52.91,0.0,868.34
72.085,0.0,0.0,0.0,0.0,0.0,0.0,0.0,0.0,56.21,65.67,31.13,298.43,22.0,213.84,121.77,55.11,0.0,864.16
72.095,0.0,0.0,0.0,0.0,0.0,0.0,0.0,0.0,49.17,60.94,28.71,298.43,22.0,219.23,121.77,59.95,0.0,860.2
72.105,0.0,0.0,0.0,0.0,0.0,0.0,0.0,0.0,43.89,53.9,26.29,298.43,22.0,221.98,127.6,62.37,0.0,856.46
72.115,0.0,0.0,0.0,0.0,0.0,0.0,0.0,0.0,38.61,49.17,21.56,298.43,22.0,227.48,130.46,64.9,0.0,852.61
72.125,0.0,0.0,0.0,0.0,0.0,0.0,0.0,0.0,33.33,46.86,19.14,298.43,22.0,230.34,133.32,69.74,0.0,853.16
72.135,0.0,0.0,0.0,0.0,0.0,0.0,0.0,0.0,28.05,42.13,16.72,298.43,22.0,235.95,139.15,72.16,0.0,854.59
72.1449,0.0,0.0,0.0,0.0,0.0,0.0,0.0,0.0,22.77,37.51,14.3,298.43,22.0,238.7,142.12,74.69,0.0,850.52
72.1549,0.0,0.0,0.0,0.0,0.0,0.0,0.0,0.0,19.25,32.78,11.88,298.43,22.0,244.31,147.84,79.53,0.0,856.02
72.1649,0.0,0.0,0.0,0.0,0.0,0.0,0.0,0.0,15.73,25.74,9.57,295.35,22.0,247.06,153.67,81.95,0.0,851.07
72.1749,0.0,0.0,0.0,0.0,0.0,0.0,0.0,0.0,13.97,21.01,9.57,292.16,22.0,249.92,159.5,84.48,0.0,852.61
72.1849,0.0,0.0,0.0,0.0,0.0,0.0,0.0,0.0,12.21,16.39,9.57,288.97,22.0,255.42,165.33,89.32,0.0,859.21
72.1949,0.0,0.0,0.0,0.0,0.0,0.0,0.0,0.0,10.45,13.97,7.15,285.89,22.0,258.28,171.27,91.74,0.0,860.75
72.2049,0.0,0.0,0.0,0.0,0.0,0.0,0.0,0.0,8.69,11.66,7.15,279.51,22.0,261.03,180.18,94.27,0.0,864.49
72.2149,0.0,0.0,0.0,0.0,0.0,0.0,0.0,0.0,6.93,11.66,4.73,270.6,22.0,266.64,186.12,99.11,0.0,867.79
72.2249,0.0,0.0,0.0,0.0,0.0,0.0,0.0,0.0,6.93,9.35,4.73,264.77,22.0,269.39,195.14,101.53,0.0,873.84
72.2349,0.0,0.0,0.0,0.0,0.0,0.0,0.0,0.0,5.17,6.93,4.73,250.14,19.25,272.25,204.05,106.48,0.0,869.0
72.2449,0.0,0.0,0.0,0.0,0.0,0.0,0.0,0.0,5.17,4.62,0.0,235.62,19.25,272.25,212.96,108.9,0.0,858.77
72.2549,0.0,0.0,0.0,0.0,0.0,0.0,0.0,0.0,3.41,4.62,0.0,217.58,16.5,272.25,215.93,113.85,0.0,844.14
72.2649,0.0,0.0,0.0,0.0,0.0,0.0,0.0,0.0,3.41,4.62,0.0,198.44,16.5,272.25,221.98,118.25,0.0,835.45
72.2749,0.0,0.0,0.0,0.0,0.0,0.0,0.0,0.0,3.41,4.62,0.0,179.19,13.75,269.39,224.73,124.96,0.0,820.05
72.2849,9.24,0.0,0.0,0.0,0.0,0.0,0.0,0.0,3.41,0.0,0.0,156.97,11.0,269.39,227.59,131.67,9.24,800.03
72.2949,37.18,5.83,0.0,0.0,0.0,0.0,0.0,0.0,0.0,0.0,0.0,137.94,8.25,263.89,230.45,138.38,43.01,778.91
72.3049,130.57,31.13,0.0,0.0,0.0,0.0,0.0,0.0,0.0,0.0,0.0,112.75,5.5,258.28,230.45,145.09,161.7,752.07
72.3149,233.75,63.14,21.78,3.41,0.0,0.0,0.0,0.0,0.0,0.0,0.0,87.56,5.5,247.06,233.2,154.0,322.08,727.32
72.3249,218.46,82.94,38.72,18.92,0.0,0.0,0.0,0.0,0.0,0.0,0.0,59.4,0.0,224.73,236.06,160.71,359.04,680.9
72.3349,218.46,109.34,53.24,25.85,0.0,7.81,0.0,3.52,0.0,0.0,0.0,36.74,0.0,192.39,236.06,165.22,418.22,630.41
72.3449,223.41,126.39,65.12,37.84,0.0,13.64,0.0,5.28,0.0,0.0,0.0,25.41,5.5,143.66,230.45,165.22,471.68,570.24
72.3549,231.11,141.02,72.27,44.77,0.0,29.26,4.51,8.8,0.0,0.0,0.0,19.8,5.5,86.46,207.02,158.51,531.74,477.29
72.3649,236.28,151.47,79.31,49.94,0.0,42.9,12.21,12.32,0.0,0.0,0.0,16.94,5.5,52.25,168.3,142.89,584.43,385.88
72.3749,241.45,161.92,88.77,53.35,0.0,54.67,24.42,17.6,0.0,0.0,0.0,14.08,8.25,37.95,113.08,127.16,642.18,300.52
72.3849,254.43,175.12,100.54,56.87,8.47,65.34,38.17,21.12,0.0,0.0,0.0,11.22,8.25,28.49,71.39,108.9,720.06,228.25
72.3949,270.05,186.45,110.0,60.83,12.65,72.05,47.3,24.64,0.0,0.0,0.0,11.22,5.5,23.65,53.9,81.95,783.97,176.22
72.4049,280.39,195.58,119.79,63.03,14.74,78.76,55.0,26.4,0.0,0.0,0.0,5.61,0.0,18.92,38.5,50.82,833.69,113.85
72.4149,287.98,202.4,127.27,67.43,19.03,85.47,63.69,28.27,0.0,0.0,0.0,0.0,0.0,14.19,25.63,23.21,881.54,63.03
72.4249,290.62,202.4,129.69,69.63,21.12,89.98,70.95,30.03,0.0,0.0,0.0,0.0,0.0,9.46,17.93,6.27,904.42,33.66
72.4349,285.45,202.4,132.22,76.23,23.21,96.69,76.45,33.55,0.0,0.0,0.0,0.0,0.0,7.04,15.4,4.18,926.2,26.62
72.4449,277.86,197.78,129.69,80.63,25.41,103.4,83.71,35.31,0.0,0.0,0.0,0.0,0.0,4.73,12.76,4.18,933.79,21.67
72.4549,264.88,188.76,127.27,85.03,27.5,107.91,90.86,38.83,0.0,0.0,0.0,0.0,0.0,4.73,12.76,0.0,931.04,17.49
72.4649,251.9,179.63,122.32,87.34,29.59,114.51,98.12,40.59,0.0,0.0,0.0,0.0,0.0,4.73,10.23,0.0,924.0,14.96
72.4749,236.28,170.61,117.37,89.54,31.68,118.69,107.25,44.11,0.0,0.0,0.0,0.0,0.0,0.0,10.23,0.0,915.53,10.23
72.4849,223.41,159.83,114.84,91.74,33.88,122.98,114.51,45.87,0.0,0.0,0.0,0.0,0.0,0.0,7.7,0.0,907.06,7.7
72.4949,211.2,149.38,107.69,93.94,35.97,127.16,122.54,47.63,0.0,0.0,0.0,0.0,0.0,0.0,7.7,0.0,895.51,7.7
72.5049,199.1,138.93,105.27,96.14,38.06,131.45,130.57,49.39,0.0,0.0,0.0,0.0,0.0,0.0,7.7,0.0,888.91,7.7
72.5149,186.89,130.57,98.23,96.14,40.15,135.63,136.62,51.15,0.0,0.0,0.0,0.0,0.0,0.0,5.06,0.0,875.38,5.06
72.5249,174.79,122.21,93.5,98.34,42.35,137.72,142.67,52.91,0.0,0.0,0.0,0.0,0.0,0.0,5.06,0.0,864.49,5.06
72.5349,162.58,111.54,86.35,98.34,42.35,139.92,148.72,54.67,0.0,0.0,0.0,0.0,0.0,0.0,0.0,0.0,844.47,0.0
72.5449,150.26,100.54,79.31,98.34,42.35,142.01,152.79,54.67,0.0,0.0,0.0,0.0,0.0,0.0,0.0,0.0,820.27,0.0
72.5549,137.94,91.74,74.58,100.54,44.44,146.19,158.84,54.67,0.0,0.0,0.0,0.0,0.0,0.0,0.0,0.0,808.94,0.0
72.5649,125.73,82.94,67.54,100.54,46.53,148.39,162.8,56.54,0.0,0.0,0.0,0.0,0.0,0.0,0.0,0.0,791.01,0.0
72.5749,113.41,74.14,60.39,102.74,46.53,150.48,166.87,58.52,0.0,0.0,0.0,0.0,0.0,0.0,0.0,0.0,773.08,0.0
72.5849,99.88,65.34,55.77,102.74,46.53,152.57,170.94,58.52,0.0,0.0,0.0,0.0,0.0,0.0,0.0,0.0,752.29,0.0
72.5949,91.08,56.54,48.4,102.74,46.53,154.66,175.12,58.52,0.0,0.0,0.0,0.0,0.0,0.0,0.0,0.0,733.59,0.0
72.6049,77.77,50.6,41.14,102.74,48.62,156.86,179.3,58.52,0.0,0.0,0.0,0.0,0.0,0.0,0.0,0.0,715.55,0.0
72.6149,66.77,42.79,33.88,104.94,46.53,158.95,183.37,60.5,0.0,0.0,0.0,0.0,0.0,0.0,0.0,0.0,697.73,0.0
72.6249,55.77,36.96,26.62,104.94,46.53,161.04,187.55,60.5,0.0,0.0,0.0,0.0,0.0,0.0,0.0,0.0,679.91,0.0
72.6349,44.11,31.13,21.78,104.94,48.62,163.13,193.71,60.5,0.0,0.0,0.0,0.0,0.0,0.0,0.0,0.0,667.92,0.0
72.6449,32.45,27.28,16.94,104.94,48.62,165.33,197.89,60.5,0.0,0.0,0.0,0.0,0.0,0.0,0.0,0.0,653.95,0.0
72.6549,25.52,21.34,14.52,102.74,48.62,167.53,206.14,60.5,0.0,0.0,0.0,0.0,0.0,0.0,0.0,0.0,646.91,0.0
72.6649,20.9,17.49,12.1,102.74,48.62,169.73,212.41,62.59,0.0,0.0,0.0,0.0,0.0,0.0,0.0,0.0,646.58,0.0
72.6749,16.17,13.64,9.68,102.74,50.82,171.93,220.66,62.59,0.0,0.0,0.0,0.0,0.0,0.0,0.0,0.0,648.23,0.0
72.6849,13.86,11.66,7.26,100.54,48.62,174.13,229.24,64.57,0.0,0.0,0.0,0.0,0.0,0.0,0.0,0.0,649.88,0.0
72.6949,11.55,9.68,7.26,98.34,48.62,176.33,238.04,66.55,0.0,0.0,0.0,0.0,0.0,0.0,0.0,0.0,656.37,0.0
72.7049,9.24,7.7,4.84,96.14,48.62,178.53,244.64,66.55,0.0,0.0,0.0,0.0,0.0,0.0,0.0,0.0,656.26,0.0
72.7149,6.93,5.83,4.84,93.94,46.53,180.73,253.55,70.62,0.0,0.0,0.0,0.0,0.0,0.0,0.0,0.0,662.97,0.0
72.7249,6.93,5.83,0.0,87.34,46.53,182.93,260.15,72.6,0.0,0.0,0.0,0.0,0.0,0.0,0.0,0.0,662.31,0.0
72.7349,4.62,3.85,0.0,80.63,44.44,182.93,268.95,76.67,0.0,0.0,0.0,0.0,0.0,0.0,0.0,0.0,662.09,0.0
72.7449,4.62,3.85,0.0,71.83,40.15,182.93,273.35,78.65,0.0,0.0,0.0,0.0,0.0,0.0,0.0,0.0,655.38,0.0
72.7549,0.0,3.85,0.0,63.03,35.97,180.73,275.66,82.72,0.0,0.0,0.0,0.0,0.0,0.0,0.0,0.0,641.96,0.0
72.7649,0.0,3.85,0.0,55.11,31.68,178.53,277.86,88.77,12.21,0.0,0.0,0.0,0.0,0.0,0.0,0.0,635.8,12.21
72.7749,0.0,3.85,0.0,44.77,25.41,176.33,275.66,90.86,50.93,9.35,0.0,0.0,0.0,0.0,0.0,0.0,616.88,60.28
72.7849,0.0,0.0,0.0,37.84,21.12,169.73,273.35,96.91,212.41,44.55,9.57,0.0,0.0,0.0,0.0,0.0,598.95,266.53
72.7949,0.0,0.0,0.0,27.5,14.74,158.95,268.95,98.89,210.1,65.67,19.14,16.94,0.0,0.0,0.0,0.0,569.03,311.85
72.8049,0.0,0.0,0.0,18.92,10.56,139.92,262.35,100.87,210.1,98.78,35.86,48.07,0.0,0.0,5.06,0.0,532.62,397.87
72.8149,0.0,0.0,0.0,13.75,6.27,116.6,253.55,102.96,214.72,120.56,45.43,84.48,0.0,14.19,7.7,0.0,493.13,487.08
72.8249,0.0,0.0,0.0,11.99,6.27,85.47,235.84,100.87,219.34,135.52,52.69,106.48,0.0,40.37,12.76,0.0,440.44,567.16
72.8349,0.0,0.0,0.0,10.34,6.27,52.69,204.05,94.82,210.1,138.05,52.69,119.02,0.0,56.98,15.4,6.27,368.17,598.51
72.8449,0.0,0.0,0.0,8.58,8.47,33.22,152.79,84.81,207.79,143.11,57.75,128.48,0.0,75.68,23.1,12.65,287.87,648.56
72.8549,0.0,0.0,0.0,6.82,6.27,23.43,94.49,68.64,212.41,150.59,63.25,134.86,5.5,86.46,35.97,16.94,199.65,705.98
72.8649,0.0,0.0,0.0,5.17,4.18,19.47,51.92,52.91,224.07,158.07,71.39,141.13,5.5,97.35,48.73,21.12,133.65,767.36
72.8749,0.0,0.0,0.0,3.41,4.18,15.62,36.63,38.83,238.81,168.19,79.64,147.51,8.25,105.49,53.9,23.21,98.67,825.0
72.8849,0.0,0.0,0.0,0.0,0.0,11.66,30.47,24.64,248.6,173.03,87.78,156.97,11.0,113.63,65.45,27.5,66.77,883.96
72.8949,0.0,0.0,0.0,0.0,0.0,9.68,28.93,17.6,251.13,175.45,90.53,163.24,13.75,124.52,74.36,29.59,56.21,922.57
72.9049,0.0,0.0,0.0,0.0,0.0,7.81,18.26,8.8,246.18,175.45,93.28,172.81,13.75,132.77,83.27,31.79,34.87,949.3
72.9149,0.0,0.0,0.0,0.0,0.0,5.83,12.21,3.52,233.86,173.03,90.53,185.57,16.5,143.66,89.32,33.88,21.56,966.35
72.9249,0.0,0.0,0.0,0.0,0.0,3.85,10.67,3.52,219.34,170.61,87.78,198.44,16.5,154.55,92.29,35.97,18.04,975.48
72.9349,0.0,0.0,0.0,0.0,0.0,3.85,10.67,3.52,205.48,163.13,85.03,211.2,19.25,165.44,101.2,40.26,18.04,990.99
72.9449,0.0,0.0,0.0,0.0,0.0,3.85,9.13,3.52,191.51,155.65,82.39,224.07,19.25,176.22,107.14,42.35,16.5,998.58
72.9549,0.0,0.0,0.0,0.0,0.0,0.0,7.59,3.52,175.34,145.64,79.64,229.79,19.25,184.25,113.08,46.53,11.11,993.52
72.9649,0.0,0.0,0.0,0.0,0.0,0.0,6.05,0.0,157.63,135.52,74.14,238.59,22.0,189.64,115.94,48.73,6.05,982.19
72.9749,0.0,0.0,0.0,0.0,0.0,0.0,4.51,0.0,142.78,123.09,66.0,244.42,22.0,195.03,121.77,52.91,4.51,968.0
72.9849,0.0,0.0,0.0,0.0,0.0,0.0,2.97,0.0,125.84,113.08,60.5,247.28,22.0,200.42,124.63,52.91,2.97,946.66
72.9949,0.0,0.0,0.0,0.0,0.0,0.0,2.97,0.0,111.43,101.2,55.11,253.11,22.0,205.81,124.63,55.11,2.97,928.4
73.0049,0.0,0.0,0.0,0.0,0.0,0.0,0.0,0.0,96.14,91.74,47.85,258.94,22.0,208.45,127.6,57.53,0.0,910.25
73.0149,0.0,0.0,0.0,0.0,0.0,0.0,0.0,0.0,82.72,79.86,43.12,261.8,24.75,213.84,127.6,59.95,0.0,893.64
73.0249,0.0,0.0,0.0,0.0,0.0,0.0,0.0,0.0,67.43,70.4,38.28,264.77,24.75,216.59,130.46,62.37,0.0,875.05
73.0349,0.0,0.0,0.0,0.0,0.0,0.0,0.0,0.0,56.21,60.94,33.44,267.63,22.0,221.98,130.46,64.9,0.0,857.56
73.0449,0.0,0.0,0.0,0.0,0.0,0.0,0.0,0.0,47.41,53.9,28.71,270.6,22.0,224.73,133.32,67.32,0.0,847.99
73.0549,0.0,0.0,0.0,0.0,0.0,0.0,0.0,0.0,38.61,46.86,23.87,273.46,22.0,227.48,133.32,67.32,0.0,832.92
73.0649,0.0,0.0,0.0,0.0,0.0,0.0,0.0,0.0,33.33,42.13,19.14,273.46,22.0,230.34,133.32,69.74,0.0,823.46
73.0749,0.0,0.0,0.0,0.0,0.0,0.0,0.0,0.0,26.29,37.51,14.3,273.46,22.0,233.09,136.29,72.16,0.0,815.1
73.0849,0.0,0.0,0.0,0.0,0.0,0.0,0.0,0.0,21.01,32.78,11.88,270.6,22.0,235.95,139.15,74.69,0.0,808.06
73.0949,0.0,0.0,0.0,0.0,0.0,0.0,0.0,0.0,17.49,23.43,9.57,267.63,22.0,238.7,142.12,77.11,0.0,798.05
73.1049,0.0,0.0,0.0,0.0,0.0,0.0,0.0,0.0,13.97,18.7,9.57,264.77,19.25,241.45,144.98,77.11,0.0,789.8
73.1149,0.0,0.0,0.0,0.0,0.0,0.0,0.0,0.0,12.21,16.39,7.15,261.8,19.25,244.31,147.84,79.53,0.0,788.48
73.1249,0.0,0.0,0.0,0.0,0.0,0.0,0.0,0.0,10.45,13.97,7.15,258.94,19.25,247.06,153.67,81.95,0.0,792.44
73.1349,0.0,0.0,0.0,0.0,0.0,0.0,0.0,0.0,8.69,11.66,7.15,253.11,19.25,249.92,156.53,86.9,0.0,793.21
73.1449,0.0,0.0,0.0,0.0,0.0,0.0,0.0,0.0,6.93,9.35,7.15,250.14,19.25,252.67,162.36,89.32,0.0,797.17
73.1549,0.0,0.0,0.0,0.0,0.0,0.0,0.0,0.0,6.93,9.35,4.73,244.42,19.25,255.42,168.3,91.74,0.0,800.14
73.1649,0.0,0.0,0.0,0.0,0.0,0.0,0.0,0.0,6.93,6.93,4.73,238.59,19.25,261.03,177.21,94.27,0.0,808.94
73.1749,0.0,0.0,0.0,0.0,0.0,0.0,0.0,0.0,5.17,6.93,4.73,232.76,19.25,263.89,183.15,99.11,0.0,814.99
73.1849,0.0,0.0,0.0,0.0,0.0,0.0,0.0,0.0,5.17,6.93,0.0,224.07,19.25,269.39,192.06,104.06,0.0,820.93
73.1949,0.0,0.0,0.0,0.0,0.0,0.0,0.0,0.0,5.17,4.62,0.0,214.39,16.5,272.25,201.08,108.9,0.0,822.91
73.2049,0.0,0.0,0.0,0.0,0.0,0.0,0.0,0.0,5.17,4.62,0.0,201.63,16.5,275.0,209.99,113.85,0.0,826.76
73.2149,0.0,0.0,0.0,0.0,0.0,0.0,0.0,0.0,3.41,4.62,0.0,188.76,16.5,275.0,215.93,118.25,0.0,822.47
73.2249,0.0,0.0,0.0,0.0,0.0,0.0,0.0,0.0,3.41,0.0,0.0,172.81,13.75,275.0,224.73,124.96,0.0,814.66
73.2349,4.62,0.0,0.0,0.0,0.0,0.0,0.0,0.0,3.41,0.0,0.0,153.78,13.75,275.0,230.45,131.67,4.62,808.06
73.2449,13.86,3.85,0.0,0.0,0.0,0.0,0.0,0.0,0.0,0.0,0.0,134.86,11.0,272.25,236.06,138.38,17.71,792.55
73.2549,34.76,7.7,0.0,0.0,0.0,0.0,0.0,0.0,0.0,0.0,0.0,112.75,8.25,266.64,238.92,145.09,42.46,771.65
73.2649,118.36,33.11,0.0,0.0,0.0,0.0,0.0,0.0,0.0,0.0,0.0,93.94,5.5,261.03,238.92,149.6,151.47,748.99
73.2749,238.92,71.94,21.78,5.17,0.0,0.0,0.0,0.0,0.0,0.0,0.0,71.94,0.0,247.06,238.92,156.31,337.81,714.23
73.2849,236.28,93.94,38.72,20.68,0.0,3.85,0.0,0.0,0.0,0.0,0.0,50.82,0.0,224.73,238.92,158.51,393.47,672.98
73.2949,236.28,124.3,55.77,29.26,0.0,9.68,0.0,0.0,0.0,0.0,0.0,31.02,0.0,189.64,238.92,160.71,455.29,620.29
73.3049,236.28,141.02,65.12,43.01,0.0,19.47,0.0,3.52,0.0,0.0,0.0,22.55,0.0,140.91,227.59,158.51,508.42,549.56
73.3149,238.92,155.65,69.85,51.7,0.0,35.09,2.97,8.8,0.0,0.0,0.0,19.8,5.5,83.82,204.05,147.29,562.98,460.46
73.3249,236.28,166.1,74.58,60.83,0.0,50.71,7.59,14.08,0.0,0.0,0.0,16.94,5.5,49.83,159.5,131.67,610.17,363.44
73.3349,238.92,177.43,81.73,71.83,0.0,65.34,19.8,17.6,0.0,0.0,0.0,14.08,8.25,35.64,107.14,113.85,672.65,278.96
73.3449,249.26,190.96,88.77,78.43,4.18,78.76,32.01,21.12,0.0,0.0,0.0,11.22,5.5,28.49,68.42,94.27,743.49,207.9
73.3549,254.43,197.78,95.81,85.03,10.56,89.98,44.22,24.64,0.0,0.0,0.0,8.47,5.5,21.34,48.73,67.32,802.45,151.36
73.3649,262.24,204.6,107.69,91.74,14.74,101.2,56.54,28.27,0.0,0.0,0.0,5.61,0.0,14.19,35.97,40.26,867.02,96.03
73.3749,264.88,204.6,112.42,96.14,19.03,110.11,69.19,33.55,0.0,0.0,0.0,0.0,0.0,9.46,23.1,19.03,909.92,51.59
73.3849,259.6,202.4,114.84,102.74,23.21,118.69,78.21,35.31,0.0,0.0,0.0,0.0,0.0,7.04,17.93,6.27,935.0,31.24
73.3949,246.73,195.58,112.42,109.34,25.41,125.07,87.23,38.83,0.0,0.0,0.0,0.0,0.0,4.73,15.4,4.18,940.61,24.31
73.4049,233.75,184.25,107.69,116.05,29.59,133.54,94.49,42.35,0.0,0.0,0.0,0.0,0.0,4.73,12.76,4.18,941.71,21.67
73.4149,218.46,172.81,102.96,122.76,31.68,139.92,101.75,45.87,0.0,0.0,0.0,0.0,0.0,0.0,7.7,0.0,936.21,7.7
73.4249,201.52,159.83,95.81,127.27,31.68,146.19,109.01,47.63,0.0,0.0,0.0,0.0,0.0,0.0,7.7,0.0,918.94,7.7
73.4349,186.89,147.29,91.08,131.67,33.88,152.57,114.51,49.39,0.0,0.0,0.0,0.0,0.0,0.0,5.06,0.0,907.28,5.06
73.4449,174.79,134.75,84.04,133.98,35.97,154.66,122.54,51.15,0.0,0.0,0.0,0.0,0.0,0.0,0.0,0.0,891.88,0.0
73.4549,160.05,124.3,79.31,136.18,38.06,158.95,126.5,52.91,0.0,0.0,0.0,0.0,0.0,0.0,0.0,0.0,876.26,0.0
73.4649,147.84,113.85,72.27,138.38,38.06,161.04,132.55,54.67,0.0,0.0,0.0,0.0,0.0,0.0,0.0,0.0,858.66,0.0
73.4749,133.1,100.54,65.12,140.69,38.06,163.13,134.64,56.54,0.0,0.0,0.0,0.0,0.0,0.0,0.0,0.0,831.82,0.0
73.4849,115.83,87.34,55.77,140.69,40.15,165.33,136.62,58.52,0.0,0.0,0.0,0.0,0.0,0.0,0.0,0.0,800.25,0.0
73.4949,102.08,76.34,48.4,142.89,40.15,169.73,138.6,58.52,0.0,0.0,0.0,0.0,0.0,0.0,0.0,0.0,776.71,0.0
73.5049,88.88,65.34,41.14,142.89,40.15,169.73,140.69,58.52,0.0,0.0,0.0,0.0,0.0,0.0,0.0,0.0,747.34,0.0
73.5149,77.77,56.54,36.3,142.89,38.06,171.93,142.67,60.5,0.0,0.0,0.0,0.0,0.0,0.0,0.0,0.0,726.66,0.0
73.5249,66.77,48.73,29.04,145.09,38.06,174.13,142.67,60.5,0.0,0.0,0.0,0.0,0.0,0.0,0.0,0.0,704.99,0.0
73.5349,55.77,42.79,24.2,145.09,38.06,174.13,142.67,60.5,0.0,0.0,0.0,0.0,0.0,0.0,0.0,0.0,683.21,0.0
73.5449,44.11,36.96,19.36,145.09,38.06,176.33,144.65,60.5,0.0,0.0,0.0,0.0,0.0,0.0,0.0,0.0,665.06,0.0
73.5549,32.45,31.13,14.52,142.89,35.97,176.33,146.74,60.5,0.0,0.0,0.0,0.0,0.0,0.0,0.0,0.0,640.53,0.0
73.5649,25.52,27.28,12.1,142.89,35.97,176.33,150.7,60.5,0.0,0.0,0.0,0.0,0.0,0.0,0.0,0.0,631.29,0.0
73.5748,20.9,21.34,9.68,140.69,35.97,176.33,152.79,60.5,0.0,0.0,0.0,0.0,0.0,0.0,0.0,0.0,618.2,0.0
73.5848,16.17,19.47,9.68,138.38,35.97,178.53,156.75,60.5,0.0,0.0,0.0,0.0,0.0,0.0,0.0,0.0,615.45,0.0
73.5948,13.86,15.51,7.26,138.38,35.97,178.53,160.82,60.5,0.0,0.0,0.0,0.0,0.0,0.0,0.0,0.0,610.83,0.0
73.6048,11.55,11.66,7.26,136.18,35.97,180.73,166.87,62.59,0.0,0.0,0.0,0.0,0.0,0.0,0.0,0.0,612.81,0.0
73.6148,9.24,9.68,4.84,133.98,35.97,182.93,173.03,62.59,0.0,0.0,0.0,0.0,0.0,0.0,0.0,0.0,612.26,0.0
73.6248,9.24,9.68,4.84,131.67,35.97,185.13,179.3,64.57,0.0,0.0,0.0,0.0,0.0,0.0,0.0,0.0,620.4,0.0
73.6348,6.93,7.7,4.84,131.67,35.97,187.33,183.37,66.55,0.0,0.0,0.0,0.0,0.0,0.0,0.0,0.0,624.36,0.0
73.6448,6.93,5.83,0.0,127.27,35.97,189.53,189.64,66.55,0.0,0.0,0.0,0.0,0.0,0.0,0.0,0.0,621.72,0.0
73.6548,4.62,5.83,0.0,127.27,35.97,191.73,197.89,68.64,0.0,0.0,0.0,0.0,0.0,0.0,0.0,0.0,631.95,0.0
73.6648,4.62,5.83,0.0,122.76,35.97,194.04,204.05,70.62,0.0,0.0,0.0,0.0,0.0,0.0,0.0,0.0,637.89,0.0
73.6748,4.62,5.83,0.0,118.25,33.88,194.04,212.41,72.6,0.0,0.0,0.0,0.0,0.0,0.0,0.0,0.0,641.63,0.0
73.6848,0.0,3.85,0.0,113.85,33.88,196.24,218.57,74.69,0.0,0.0,0.0,0.0,0.0,0.0,0.0,0.0,641.08,0.0
73.6948,0.0,3.85,0.0,104.94,31.68,196.24,224.84,76.67,0.0,0.0,0.0,0.0,0.0,0.0,0.0,0.0,638.22,0.0
73.7048,0.0,3.85,0.0,98.34,31.68,196.24,231.44,78.65,0.0,0.0,0.0,0.0,0.0,0.0,0.0,0.0,640.2,0.0
73.7148,0.0,3.85,0.0,89.54,29.59,194.04,235.84,80.74,0.0,0.0,0.0,0.0,0.0,0.0,0.0,0.0,633.6,0.0
73.7248,0.0,0.0,0.0,80.63,25.41,194.04,240.24,84.81,0.0,0.0,0.0,0.0,0.0,0.0,0.0,0.0,625.13,0.0
73.7348,0.0,0.0,0.0,71.83,23.21,194.04,242.44,90.86,0.0,0.0,0.0,0.0,0.0,0.0,0.0,0.0,622.38,0.0
73.7448,0.0,0.0,0.0,60.83,19.03,191.73,242.44,96.91,8.69,0.0,0.0,0.0,0.0,0.0,0.0,0.0,610.94,8.69
73.7548,0.0,0.0,0.0,51.7,16.94,187.33,240.24,102.96,40.37,6.93,0.0,0.0,0.0,0.0,0.0,0.0,599.17,47.3
73.7648,0.0,0.0,0.0,43.01,12.65,180.73,238.04,106.92,233.86,35.09,7.15,0.0,0.0,0.0,0.0,0.0,581.35,276.1
73.7748,0.0,0.0,0.0,31.02,10.56,167.53,235.84,110.99,238.81,53.9,14.3,5.61,0.0,0.0,0.0,0.0,555.94,312.62
73.7848,0.0,0.0,0.0,22.33,6.27,148.39,231.44,113.08,224.07,89.32,33.44,25.41,0.0,0.0,0.0,0.0,521.51,372.24
73.7948,0.0,0.0,0.0,17.16,6.27,120.78,222.75,113.08,219.34,115.5,43.12,53.68,0.0,0.0,5.06,0.0,480.04,436.7
73.8048,0.0,0.0,0.0,15.51,6.27,87.67,204.05,109.01,228.91,135.52,50.27,90.75,0.0,9.46,10.23,0.0,422.51,525.14
73.8148,0.0,0.0,0.0,11.99,8.47,52.69,168.96,100.87,224.07,145.64,52.69,112.75,0.0,26.07,10.23,0.0,342.98,571.45
73.8248,0.0,0.0,0.0,10.34,8.47,37.07,116.49,90.86,217.03,148.06,57.75,125.4,0.0,49.83,15.4,4.18,263.23,617.65
73.8348,0.0,0.0,0.0,8.58,6.27,27.28,61.93,76.67,219.34,158.07,63.25,137.94,0.0,70.18,20.46,10.56,180.73,679.8
73.8448,0.0,0.0,0.0,5.17,4.18,21.45,39.71,54.67,231.44,168.19,68.75,147.51,5.5,83.82,33.33,14.74,125.18,753.28
73.8548,0.0,0.0,0.0,5.17,0.0,15.62,32.01,38.83,241.23,177.87,79.64,156.97,8.25,94.6,43.67,19.03,91.63,821.26
73.8648,0.0,0.0,0.0,0.0,0.0,11.66,25.96,26.4,253.55,185.13,87.78,166.43,11.0,105.49,53.9,21.12,64.02,884.4
73.8748,0.0,0.0,0.0,0.0,0.0,9.68,21.34,17.6,256.08,187.55,90.53,172.81,13.75,113.63,62.48,25.41,48.62,922.24
73.8848,0.0,0.0,0.0,0.0,0.0,7.81,15.18,7.04,256.08,189.97,93.28,179.19,13.75,121.88,71.39,27.5,30.03,953.04
73.8948,0.0,0.0,0.0,0.0,0.0,5.83,9.13,3.52,248.6,187.55,93.28,185.57,16.5,127.27,74.36,29.59,18.48,962.72
73.9048,0.0,0.0,0.0,0.0,0.0,5.83,9.13,3.52,236.28,185.13,90.53,195.14,16.5,135.41,80.3,29.59,18.48,968.88
73.9148,0.0,0.0,0.0,0.0,0.0,3.85,9.13,3.52,226.49,180.29,87.78,204.82,19.25,140.91,86.35,31.79,16.5,977.68
73.9248,0.0,0.0,0.0,0.0,0.0,3.85,7.59,3.52,212.41,173.03,85.03,211.2,19.25,149.05,89.32,33.88,14.96,973.17
73.9348,0.0,0.0,0.0,0.0,0.0,0.0,4.51,0.0,198.55,165.66,82.39,217.58,19.25,154.55,95.26,33.88,4.51,967.12
73.9448,0.0,0.0,0.0,0.0,0.0,0.0,2.97,0.0,184.58,155.65,79.64,224.07,22.0,159.94,101.2,35.97,2.97,963.05
73.9548,0.0,0.0,0.0,0.0,0.0,0.0,0.0,0.0,170.72,148.06,74.14,226.93,22.0,165.44,104.17,38.06,0.0,949.52
73.9648,0.0,0.0,0.0,0.0,0.0,0.0,0.0,0.0,157.63,138.05,71.39,232.76,22.0,170.83,107.14,38.06,0.0,937.86
73.9748,0.0,0.0,0.0,0.0,0.0,0.0,0.0,0.0,142.78,125.51,66.0,235.62,22.0,173.47,110.22,40.26,0.0,915.86
73.9848,0.0,0.0,0.0,0.0,0.0,0.0,0.0,0.0,130.02,115.5,60.5,235.62,24.75,178.86,113.08,40.26,0.0,898.59
73.9948,0.0,0.0,0.0,0.0,0.0,0.0,0.0,0.0,117.37,105.93,57.75,238.59,24.75,181.61,115.94,42.35,0.0,884.29
74.0048,0.0,0.0,0.0,0.0,0.0,0.0,0.0,0.0,105.71,98.78,52.69,241.45,24.75,187.0,118.91,42.35,0.0,871.64
74.0148,0.0,0.0,0.0,0.0,0.0,0.0,0.0,0.0,96.14,89.32,47.85,241.45,24.75,189.64,124.63,44.44,0.0,858.22
74.0248,0.0,0.0,0.0,0.0,0.0,0.0,0.0,0.0,86.57,82.28,45.43,241.45,27.5,195.03,127.6,46.53,0.0,852.39
74.0348,0.0,0.0,0.0,0.0,0.0,0.0,0.0,0.0,77.0,75.13,43.12,244.42,27.5,200.42,130.46,48.73,0.0,846.78
74.0448,0.0,0.0,0.0,0.0,0.0,0.0,0.0,0.0,67.43,68.09,40.7,244.42,27.5,203.06,136.29,48.73,0.0,836.22
74.0548,0.0,0.0,0.0,0.0,0.0,0.0,0.0,0.0,59.84,60.94,38.28,247.28,27.5,208.45,139.15,50.82,0.0,832.26
74.0648,0.0,0.0,0.0,0.0,0.0,0.0,0.0,0.0,50.93,56.21,33.44,247.28,27.5,213.84,144.98,55.11,0.0,829.29
74.0748,0.0,0.0,0.0,0.0,0.0,0.0,0.0,0.0,43.89,49.17,31.13,247.28,27.5,219.23,147.84,59.95,0.0,825.99
74.0848,0.0,0.0,0.0,0.0,0.0,0.0,0.0,0.0,38.61,44.55,26.29,250.14,27.5,221.98,153.67,62.37,0.0,825.11
74.0948,0.0,0.0,0.0,0.0,0.0,0.0,0.0,0.0,33.33,39.82,23.87,247.28,27.5,227.48,162.36,67.32,0.0,828.96
74.1048,0.0,0.0,0.0,0.0,0.0,0.0,0.0,0.0,28.05,37.51,21.56,247.28,27.5,233.09,171.27,69.74,0.0,836.0
74.1148,0.0,0.0,0.0,0.0,0.0,0.0,0.0,0.0,22.77,30.47,16.72,247.28,30.25,238.7,180.18,72.16,0.0,838.53
74.1248,0.0,0.0,0.0,0.0,0.0,0.0,0.0,0.0,17.49,25.74,14.3,244.42,30.25,241.45,189.09,77.11,0.0,839.85
74.1348,0.0,0.0,0.0,0.0,0.0,0.0,0.0,0.0,15.73,18.7,11.88,244.42,30.25,247.06,198.11,79.53,0.0,845.68
74.1448,0.0,0.0,0.0,0.0,0.0,0.0,0.0,0.0,12.21,13.97,9.57,241.45,30.25,252.67,207.02,84.48,0.0,851.62
74.1548,0.0,0.0,0.0,0.0,0.0,0.0,0.0,0.0,10.45,13.97,7.15,235.62,30.25,255.42,215.93,86.9,0.0,855.69
74.1648,0.0,0.0,0.0,0.0,0.0,0.0,0.0,0.0,8.69,11.66,7.15,229.79,30.25,258.28,224.73,91.74,0.0,862.29
74.1748,0.0,0.0,0.0,0.0,0.0,0.0,0.0,0.0,6.93,9.35,4.73,220.77,30.25,261.03,230.45,94.27,0.0,857.78
74.1848,4.62,0.0,0.0,0.0,0.0,0.0,0.0,0.0,6.93,6.93,4.73,204.82,27.5,263.89,238.92,99.11,4.62,852.83
74.1948,6.93,0.0,0.0,0.0,0.0,0.0,0.0,0.0,5.17,4.62,0.0,188.76,24.75,263.89,244.53,101.53,6.93,833.25
74.2048,16.17,0.0,0.0,0.0,0.0,0.0,0.0,0.0,5.17,4.62,0.0,172.81,24.75,261.03,247.39,104.06,16.17,819.83
74.2148,44.11,5.83,0.0,0.0,0.0,0.0,0.0,0.0,3.41,0.0,0.0,153.78,19.25,261.03,253.0,111.32,49.94,801.79
74.2248,145.31,31.13,0.0,0.0,0.0,0.0,0.0,0.0,3.41,0.0,0.0,134.86,16.5,258.28,253.0,118.25,176.44,784.3
74.2348,233.75,58.74,24.2,3.41,0.0,0.0,0.0,0.0,0.0,0.0,0.0,112.75,13.75,252.67,253.0,124.96,320.1,757.13
74.2448,225.94,76.34,38.72,15.51,0.0,0.0,0.0,0.0,0.0,0.0,0.0,84.48,8.25,241.45,250.14,133.87,356.51,718.19
74.2548,220.88,100.54,50.82,22.33,0.0,7.81,0.0,0.0,0.0,0.0,0.0,56.54,5.5,219.23,250.14,140.58,402.38,671.99
74.2648,218.46,118.03,60.39,32.67,0.0,11.66,0.0,3.52,0.0,0.0,0.0,36.74,0.0,189.64,244.53,145.09,444.73,616.0
74.2748,218.46,132.66,65.12,43.01,0.0,23.43,0.0,5.28,0.0,0.0,0.0,22.55,5.5,146.3,238.92,149.6,487.96,562.87
74.2848,218.46,145.2,67.54,49.94,0.0,39.05,4.51,10.56,0.0,0.0,0.0,19.8,5.5,91.96,221.98,145.09,535.26,484.33
74.2948,218.46,153.56,72.27,56.87,0.0,52.69,13.75,14.08,0.0,0.0,0.0,16.94,8.25,52.25,180.18,131.67,581.68,389.29
74.3048,225.94,168.3,79.31,63.03,0.0,63.03,24.42,17.6,0.0,0.0,0.0,14.08,8.25,35.64,127.6,118.25,641.63,303.82
74.3148,238.92,177.43,88.77,69.63,6.27,72.05,36.63,22.88,0.0,0.0,0.0,11.22,8.25,28.49,77.33,101.53,712.58,226.82
74.3248,251.9,188.76,100.54,74.03,12.65,80.96,47.3,26.4,0.0,0.0,0.0,8.47,5.5,28.49,53.9,79.53,782.54,175.89
74.3348,264.88,193.27,110.0,76.23,16.94,89.98,58.3,28.27,0.0,0.0,0.0,5.61,0.0,16.61,46.2,50.82,837.87,119.24
74.3448,267.41,197.78,117.37,80.63,19.03,96.69,67.32,30.03,0.0,0.0,0.0,0.0,0.0,11.88,28.27,27.5,876.26,67.65
74.3548,264.88,197.78,117.37,85.03,21.12,103.4,76.45,33.55,0.0,0.0,0.0,0.0,0.0,9.46,20.46,8.47,899.58,38.39
74.3648,257.07,195.58,117.37,91.74,23.21,110.11,81.84,35.31,0.0,0.0,0.0,0.0,0.0,7.04,15.4,4.18,912.23,26.62
74.3748,246.73,188.76,114.84,100.54,25.41,118.69,89.1,37.07,0.0,0.0,0.0,0.0,0.0,4.73,15.4,4.18,921.14,24.31
74.3848,233.75,181.94,110.0,107.14,27.5,125.07,94.49,40.59,0.0,0.0,0.0,0.0,0.0,4.73,12.76,0.0,920.48,17.49
74.3948,220.88,170.61,105.27,113.85,29.59,131.45,101.75,42.35,0.0,0.0,0.0,0.0,0.0,0.0,10.23,0.0,915.75,10.23
74.4048,208.78,159.83,100.54,116.05,29.59,137.72,107.25,45.87,0.0,0.0,0.0,0.0,0.0,0.0,10.23,0.0,905.63,10.23
74.4148,194.15,149.38,95.81,120.56,33.88,142.01,112.64,47.63,0.0,0.0,0.0,0.0,0.0,0.0,7.7,0.0,896.06,7.7
74.4248,182.05,138.93,91.08,122.76,33.88,146.19,118.47,49.39,0.0,0.0,0.0,0.0,0.0,0.0,7.7,0.0,882.75,7.7
74.4348,169.95,126.39,84.04,124.96,35.97,148.39,124.52,51.15,0.0,0.0,0.0,0.0,0.0,0.0,5.06,0.0,865.37,5.06
74.4448,155.21,115.94,77.0,127.27,35.97,150.48,128.59,52.91,0.0,0.0,0.0,0.0,0.0,0.0,5.06,0.0,843.37,5.06
74.4548,140.47,102.74,69.85,129.47,38.06,152.57,132.55,52.91,0.0,0.0,0.0,0.0,0.0,0.0,0.0,0.0,818.62,0.0
74.4648,125.73,91.74,62.81,129.47,38.06,156.86,136.62,54.67,0.0,0.0,0.0,0.0,0.0,0.0,0.0,0.0,795.96,0.0
74.4748,110.99,80.74,55.77,129.47,38.06,158.95,138.6,54.67,0.0,0.0,0.0,0.0,0.0,0.0,0.0,0.0,767.25,0.0
74.4848,99.88,71.94,48.4,131.67,40.15,158.95,142.67,56.54,0.0,0.0,0.0,0.0,0.0,0.0,0.0,0.0,750.2,0.0
74.4948,88.88,63.14,43.56,131.67,40.15,161.04,144.65,56.54,0.0,0.0,0.0,0.0,0.0,0.0,0.0,0.0,729.63,0.0
74.5048,77.77,54.56,38.72,131.67,40.15,163.13,148.72,56.54,0.0,0.0,0.0,0.0,0.0,0.0,0.0,0.0,711.26,0.0
74.5148,68.97,46.75,33.88,131.67,40.15,165.33,150.7,56.54,0.0,0.0,0.0,0.0,0.0,0.0,0.0,0.0,693.99,0.0
74.5248,57.97,40.92,26.62,131.67,40.15,167.53,154.77,56.54,0.0,0.0,0.0,0.0,0.0,0.0,0.0,0.0,676.17,0.0
74.5348,46.42,36.96,21.78,131.67,40.15,169.73,158.84,56.54,0.0,0.0,0.0,0.0,0.0,0.0,0.0,0.0,662.09,0.0
74.5448,34.76,29.15,16.94,129.47,40.15,169.73,164.89,58.52,0.0,0.0,0.0,0.0,0.0,0.0,0.0,0.0,643.61,0.0
74.5548,27.83,25.3,14.52,129.47,40.15,171.93,170.94,58.52,0.0,0.0,0.0,0.0,0.0,0.0,0.0,0.0,638.66,0.0
74.5648,23.21,19.47,12.1,127.27,40.15,174.13,179.3,58.52,0.0,0.0,0.0,0.0,0.0,0.0,0.0,0.0,634.15,0.0
74.5748,18.59,15.51,9.68,124.96,40.15,176.33,187.55,60.5,0.0,0.0,0.0,0.0,0.0,0.0,0.0,0.0,633.27,0.0
74.5848,13.86,11.66,7.26,122.76,42.35,178.53,197.89,62.59,0.0,0.0,0.0,0.0,0.0,0.0,0.0,0.0,636.9,0.0
74.5948,11.55,11.66,7.26,118.25,42.35,180.73,206.14,64.57,0.0,0.0,0.0,0.0,0.0,0.0,0.0,0.0,642.51,0.0
74.6048,11.55,9.68,7.26,116.05,40.15,185.13,216.48,66.55,0.0,0.0,0.0,0.0,0.0,0.0,0.0,0.0,652.85,0.0
74.6148,9.24,7.7,4.84,113.85,42.35,187.33,224.84,66.55,0.0,0.0,0.0,0.0,0.0,0.0,0.0,0.0,656.7,0.0
74.6248,6.93,5.83,4.84,109.34,40.15,187.33,233.64,68.64,0.0,0.0,0.0,0.0,0.0,0.0,0.0,0.0,656.7,0.0
74.6348,4.62,5.83,0.0,102.74,40.15,189.53,242.44,70.62,0.0,0.0,0.0,0.0,0.0,0.0,0.0,0.0,655.93,0.0
74.6448,4.62,5.83,0.0,96.14,38.06,189.53,251.35,72.6,0.0,0.0,0.0,0.0,0.0,0.0,0.0,0.0,658.13,0.0
74.6548,4.62,3.85,0.0,89.54,35.97,191.73,260.15,74.69,0.0,0.0,0.0,0.0,0.0,0.0,0.0,0.0,660.55,0.0
74.6648,0.0,3.85,0.0,80.63,33.88,189.53,266.75,76.67,0.0,0.0,0.0,0.0,0.0,0.0,0.0,0.0,651.31,0.0
74.6748,0.0,3.85,0.0,69.63,31.68,189.53,273.35,80.74,0.0,0.0,0.0,0.0,0.0,0.0,0.0,0.0,648.78,0.0
74.6848,0.0,0.0,0.0,60.83,27.5,185.13,275.66,84.81,0.0,0.0,0.0,0.0,0.0,0.0,0.0,0.0,633.93,0.0
74.6948,0.0,0.0,0.0,51.7,23.21,182.93,275.66,88.77,12.21,0.0,0.0,0.0,0.0,0.0,0.0,0.0,622.27,12.21
74.7048,0.0,0.0,0.0,43.01,19.03,176.33,273.35,92.84,67.43,9.35,0.0,0.0,0.0,0.0,0.0,0.0,604.56,76.78
74.7148,0.0,0.0,0.0,34.43,12.65,167.53,268.95,94.82,241.23,44.55,9.57,0.0,0.0,0.0,0.0,0.0,578.38,295.35
74.7248,0.0,0.0,0.0,25.85,8.47,152.57,264.55,98.89,226.49,70.4,26.29,14.08,0.0,0.0,7.7,0.0,550.33,344.96
74.7348,0.0,0.0,0.0,17.16,6.27,129.25,257.95,100.87,224.07,110.66,40.7,45.21,0.0,0.0,10.23,0.0,511.5,430.87
74.7448,0.0,0.0,0.0,13.75,6.27,101.2,246.84,100.87,224.07,135.52,50.27,84.48,0.0,11.88,12.76,0.0,468.93,518.98
74.7548,0.0,0.0,0.0,11.99,6.27,67.54,220.66,96.91,226.49,150.59,55.11,109.56,0.0,35.64,15.4,4.18,403.37,596.97
74.7648,0.0,0.0,0.0,10.34,6.27,39.05,179.3,86.79,217.03,153.12,55.11,122.21,0.0,56.98,17.93,6.27,321.75,628.65
74.7748,0.0,0.0,0.0,8.58,6.27,27.28,122.54,74.69,217.03,160.6,63.25,134.86,0.0,78.32,25.63,12.65,239.36,692.34
74.7848,0.0,0.0,0.0,6.82,4.18,21.45,65.56,58.52,224.07,170.61,68.75,141.13,5.5,89.21,41.03,16.94,156.53,757.24
74.7948,0.0,0.0,0.0,3.41,0.0,17.49,44.22,44.11,236.28,180.29,76.89,147.51,8.25,100.1,48.73,19.03,109.23,817.08
74.8048,0.0,0.0,0.0,3.41,0.0,13.64,32.01,30.03,248.6,189.97,82.39,156.97,11.0,105.49,56.54,23.21,79.09,874.17
74.8148,0.0,0.0,0.0,0.0,0.0,9.68,25.96,19.36,256.08,194.81,87.78,160.05,11.0,113.63,65.45,25.41,55.0,914.21
74.8248,0.0,0.0,0.0,0.0,0.0,7.81,19.8,14.08,253.55,197.23,90.53,169.62,13.75,119.13,71.39,27.5,41.69,942.7
74.8348,0.0,0.0,0.0,0.0,0.0,5.83,12.21,5.28,251.13,197.23,90.53,176.0,13.75,124.52,74.36,29.59,23.32,957.11
74.8448,0.0,0.0,0.0,0.0,0.0,3.85,9.13,3.52,243.76,194.81,87.78,185.57,13.75,130.02,77.33,29.59,16.5,962.61
74.8548,0.0,0.0,0.0,0.0,0.0,3.85,9.13,3.52,233.86,192.39,87.78,195.14,16.5,135.41,80.3,31.79,16.5,973.17
74.8648,0.0,0.0,0.0,0.0,0.0,0.0,7.59,0.0,221.65,187.55,85.03,201.63,16.5,140.91,83.27,31.79,7.59,968.33
74.8748,0.0,0.0,0.0,0.0,0.0,0.0,6.05,0.0,210.1,182.71,82.39,211.2,16.5,143.66,86.35,33.88,6.05,966.79
74.8848,0.0,0.0,0.0,0.0,0.0,0.0,4.51,0.0,196.24,175.45,76.89,217.58,16.5,149.05,92.29,33.88,4.51,957.88
74.8948,0.0,0.0,0.0,0.0,0.0,0.0,2.97,0.0,184.58,165.66,74.14,224.07,19.25,154.55,95.26,35.97,2.97,953.48
74.9048,0.0,0.0,0.0,0.0,0.0,0.0,0.0,0.0,170.72,158.07,71.39,229.79,19.25,159.94,101.2,35.97,0.0,946.33
74.9148,0.0,0.0,0.0,0.0,0.0,0.0,0.0,0.0,159.72,148.06,68.75,232.76,22.0,162.69,104.17,38.06,0.0,936.21
74.9248,0.0,0.0,0.0,0.0,0.0,0.0,0.0,0.0,149.16,138.05,66.0,235.62,22.0,168.19,107.14,38.06,0.0,924.22
74.9348,0.0,0.0,0.0,0.0,0.0,0.0,0.0,0.0,136.4,130.57,60.5,235.62,22.0,170.83,110.22,40.26,0.0,906.4
74.9448,0.0,0.0,0.0,0.0,0.0,0.0,0.0,0.0,125.84,120.56,57.75,235.62,22.0,176.22,113.08,40.26,0.0,891.33
74.9548,0.0,0.0,0.0,0.0,0.0,0.0,0.0,0.0,115.28,110.66,55.11,238.59,22.0,178.86,118.91,42.35,0.0,881.76
74.9648,0.0,0.0,0.0,0.0,0.0,0.0,0.0,0.0,105.71,101.2,52.69,235.62,22.0,184.25,118.91,42.35,0.0,862.73
74.9748,0.0,0.0,0.0,0.0,0.0,0.0,0.0,0.0,98.01,96.47,50.27,238.59,22.0,187.0,124.63,44.44,0.0,861.41
74.9848,0.0,0.0,0.0,0.0,0.0,0.0,0.0,0.0,90.42,89.32,47.85,235.62,24.75,192.39,127.6,44.44,0.0,852.39
74.9948,0.0,0.0,0.0,0.0,0.0,0.0,0.0,0.0,84.7,82.28,45.43,235.62,24.75,195.03,133.32,46.53,0.0,847.66
75.0047,0.0,0.0,0.0,0.0,0.0,0.0,0.0,0.0,78.98,77.55,45.43,235.62,24.75,200.42,136.29,48.73,0.0,847.77
75.0147,0.0,0.0,0.0,0.0,0.0,0.0,0.0,0.0,73.15,72.82,40.7,238.59,27.5,205.81,142.12,50.82,0.0,851.51
75.0247,0.0,0.0,0.0,0.0,0.0,0.0,0.0,0.0,65.56,68.09,40.7,238.59,27.5,208.45,147.84,52.91,0.0,849.64
75.0347,0.0,0.0,0.0,0.0,0.0,0.0,0.0,0.0,59.84,60.94,38.28,241.45,27.5,213.84,150.81,55.11,0.0,847.77
75.0447,0.0,0.0,0.0,0.0,0.0,0.0,0.0,0.0,50.93,56.21,35.86,244.42,27.5,219.23,156.53,59.95,0.0,850.63
75.0547,0.0,0.0,0.0,0.0,0.0,0.0,0.0,0.0,43.89,49.17,31.13,247.28,27.5,224.73,162.36,62.37,0.0,848.43
75.0647,0.0,0.0,0.0,0.0,0.0,0.0,0.0,0.0,36.85,44.55,28.71,247.28,27.5,230.34,171.27,67.32,0.0,853.82
75.0747,0.0,0.0,0.0,0.0,0.0,0.0,0.0,0.0,29.81,39.82,23.87,250.14,27.5,235.95,180.18,72.16,0.0,859.43
75.0847,0.0,0.0,0.0,0.0,0.0,0.0,0.0,0.0,22.77,32.78,19.14,247.28,27.5,244.31,189.09,74.69,0.0,857.56
75.0947,0.0,0.0,0.0,0.0,0.0,0.0,0.0,0.0,19.25,25.74,14.3,244.42,30.25,249.92,201.08,79.53,0.0,864.49
75.1047,0.0,0.0,0.0,0.0,0.0,0.0,0.0,0.0,15.73,21.01,11.88,241.45,30.25,252.67,209.99,84.48,0.0,867.46
75.1147,0.0,0.0,0.0,0.0,0.0,0.0,0.0,0.0,12.21,16.39,9.57,235.62,30.25,258.28,221.98,89.32,0.0,873.62
75.1247,0.0,0.0,0.0,0.0,0.0,0.0,0.0,0.0,10.45,11.66,7.15,226.93,30.25,261.03,230.45,94.27,0.0,872.19
75.1347,0.0,0.0,0.0,0.0,0.0,0.0,0.0,0.0,8.69,9.35,7.15,214.39,27.5,261.03,238.92,99.11,0.0,866.14
75.1447,0.0,0.0,0.0,0.0,0.0,0.0,0.0,0.0,6.93,6.93,4.73,198.44,27.5,263.89,247.39,101.53,0.0,857.34
75.1547,0.0,0.0,0.0,0.0,0.0,0.0,0.0,0.0,5.17,4.62,0.0,182.38,24.75,263.89,250.14,108.9,0.0,839.85
75.1647,0.0,0.0,0.0,0.0,0.0,0.0,0.0,0.0,5.17,4.62,0.0,166.43,22.0,263.89,255.86,113.85,0.0,831.82
75.1747,13.86,0.0,0.0,0.0,0.0,0.0,0.0,0.0,3.41,0.0,0.0,147.51,19.25,263.89,255.86,120.45,13.86,810.37
75.1847,53.35,9.68,0.0,0.0,0.0,0.0,0.0,0.0,3.41,0.0,0.0,128.48,16.5,261.03,258.72,127.16,63.03,795.3
75.1947,199.1,42.79,7.26,0.0,0.0,0.0,0.0,0.0,3.41,0.0,0.0,106.48,11.0,255.42,258.72,133.87,249.15,768.9
75.2047,238.92,63.14,24.2,3.41,0.0,0.0,0.0,0.0,0.0,0.0,0.0,84.48,8.25,244.31,255.86,140.58,329.67,733.48
75.2147,223.41,87.34,41.14,18.92,0.0,3.85,0.0,0.0,0.0,0.0,0.0,56.54,5.5,224.73,255.86,145.09,374.66,687.72
75.2247,225.94,118.03,55.77,25.85,0.0,9.68,0.0,3.52,0.0,0.0,0.0,36.74,0.0,195.03,253.0,149.6,438.79,634.37
75.2347,228.58,134.75,62.81,39.6,0.0,15.62,0.0,3.52,0.0,0.0,0.0,22.55,0.0,154.55,247.39,151.8,484.88,576.29
75.2447,231.11,149.38,67.54,46.53,0.0,29.26,0.0,7.04,0.0,0.0,0.0,19.8,5.5,100.1,233.2,147.29,530.86,505.89
75.2547,228.58,155.65,69.85,53.35,0.0,42.9,4.51,10.56,0.0,0.0,0.0,14.08,8.25,56.98,198.11,136.18,565.4,413.6
75.2647,231.11,164.01,74.58,58.63,0.0,54.67,13.75,14.08,0.0,0.0,0.0,14.08,5.5,37.95,144.98,122.76,610.83,325.27
75.2747,238.92,177.43,81.73,65.23,0.0,65.34,22.88,17.6,0.0,0.0,0.0,11.22,8.25,28.49,89.32,104.06,669.13,241.34
75.2847,246.73,184.25,88.77,74.03,6.27,76.56,35.09,21.12,0.0,0.0,0.0,8.47,5.5,23.65,59.51,84.48,732.82,181.61
75.2947,254.43,195.58,98.23,78.43,10.56,85.47,45.76,24.64,0.0,0.0,0.0,5.61,0.0,18.92,43.67,57.53,793.1,125.73
75.3047,259.6,197.78,105.27,85.03,14.74,94.49,55.0,28.27,0.0,0.0,0.0,0.0,0.0,14.19,30.8,33.88,840.18,78.87
75.3147,259.6,200.09,107.69,91.74,16.94,103.4,61.93,30.03,0.0,0.0,0.0,0.0,0.0,9.46,20.46,10.56,871.42,40.48
75.3247,254.43,197.78,107.69,100.54,19.03,112.42,69.19,31.79,0.0,0.0,0.0,0.0,0.0,7.04,17.93,4.18,892.87,29.15
75.3347,244.09,193.27,105.27,109.34,21.12,118.69,74.58,33.55,0.0,0.0,0.0,0.0,0.0,4.73,15.4,4.18,899.91,24.31
75.3447,231.11,186.45,100.54,118.25,23.21,127.16,80.08,35.31,0.0,0.0,0.0,0.0,0.0,4.73,12.76,4.18,902.11,21.67
75.3547,218.46,175.12,95.81,124.96,25.41,133.54,85.47,38.83,0.0,0.0,0.0,0.0,0.0,0.0,12.76,0.0,897.6,12.76
75.3647,203.94,164.01,91.08,131.67,27.5,139.92,90.86,40.59,0.0,0.0,0.0,0.0,0.0,0.0,10.23,0.0,889.57,10.23
75.3747,191.73,151.47,86.35,136.18,27.5,144.1,96.36,42.35,0.0,0.0,0.0,0.0,0.0,0.0,7.7,0.0,876.04,7.7
75.3847,177.21,141.02,81.73,138.38,29.59,150.48,101.75,45.87,0.0,0.0,0.0,0.0,0.0,0.0,5.06,0.0,866.03,5.06
75.3947,165.0,130.57,77.0,140.69,31.68,152.57,109.01,47.63,0.0,0.0,0.0,0.0,0.0,0.0,5.06,0.0,854.15,5.06
75.4047,152.68,120.12,72.27,142.89,33.88,156.86,112.64,47.63,0.0,0.0,0.0,0.0,0.0,0.0,0.0,0.0,838.97,0.0
75.4147,137.94,107.14,65.12,145.09,33.88,158.95,118.47,49.39,0.0,0.0,0.0,0.0,0.0,0.0,0.0,0.0,815.98,0.0
75.4247,123.2,93.94,58.08,145.09,35.97,161.04,122.54,49.39,0.0,0.0,0.0,0.0,0.0,0.0,0.0,0.0,789.25,0.0
75.4347,108.68,82.94,53.24,145.09,38.06,163.13,128.59,51.15,0.0,0.0,0.0,0.0,0.0,0.0,0.0,0.0,770.88,0.0
75.4447,97.68,74.14,45.98,145.09,38.06,165.33,132.55,51.15,0.0,0.0,0.0,0.0,0.0,0.0,0.0,0.0,749.98,0.0
75.4547,84.48,63.14,41.14,142.89,38.06,167.53,138.6,52.91,0.0,0.0,0.0,0.0,0.0,0.0,0.0,0.0,728.75,0.0
75.4647,75.57,54.56,33.88,142.89,40.15,169.73,142.67,52.91,0.0,0.0,0.0,0.0,0.0,0.0,0.0,0.0,712.36,0.0
75.4747,64.57,46.75,29.04,140.69,40.15,169.73,148.72,52.91,0.0,0.0,0.0,0.0,0.0,0.0,0.0,0.0,692.56,0.0
75.4847,53.35,40.92,21.78,138.38,40.15,171.93,152.79,54.67,0.0,0.0,0.0,0.0,0.0,0.0,0.0,0.0,673.97,0.0
75.4947,39.49,33.11,16.94,136.18,40.15,174.13,158.84,54.67,0.0,0.0,0.0,0.0,0.0,0.0,0.0,0.0,653.51,0.0
75.5047,27.83,27.28,14.52,133.98,40.15,174.13,166.87,56.54,0.0,0.0,0.0,0.0,0.0,0.0,0.0,0.0,641.3,0.0
75.5147,20.9,21.34,9.68,129.47,40.15,176.33,175.12,56.54,0.0,0.0,0.0,0.0,0.0,0.0,0.0,0.0,629.53,0.0
75.5247,16.17,17.49,9.68,122.76,40.15,176.33,181.28,58.52,0.0,0.0,0.0,0.0,0.0,0.0,0.0,0.0,622.38,0.0
75.5347,13.86,11.66,7.26,118.25,40.15,178.53,189.64,58.52,0.0,0.0,0.0,0.0,0.0,0.0,0.0,0.0,617.87,0.0
75.5447,9.24,9.68,7.26,113.85,40.15,178.53,199.98,60.5,0.0,0.0,0.0,0.0,0.0,0.0,0.0,0.0,619.19,0.0
75.5547,9.24,7.7,4.84,109.34,40.15,180.73,208.23,62.59,0.0,0.0,0.0,0.0,0.0,0.0,0.0,0.0,622.82,0.0
75.5647,6.93,5.83,4.84,104.94,38.06,182.93,214.39,62.59,0.0,0.0,0.0,0.0,0.0,0.0,0.0,0.0,620.51,0.0
75.5747,4.62,5.83,0.0,100.54,38.06,185.13,222.75,66.55,0.0,0.0,0.0,0.0,0.0,0.0,0.0,0.0,623.48,0.0
75.5847,4.62,5.83,0.0,93.94,35.97,185.13,229.24,66.55,0.0,0.0,0.0,0.0,0.0,0.0,0.0,0.0,621.28,0.0
75.5947,4.62,3.85,0.0,89.54,33.88,187.33,235.84,70.62,0.0,0.0,0.0,0.0,0.0,0.0,0.0,0.0,625.68,0.0
75.6047,0.0,3.85,0.0,82.83,33.88,189.53,244.64,72.6,3.41,0.0,0.0,0.0,0.0,0.0,0.0,0.0,627.33,3.41
75.6147,0.0,3.85,0.0,76.23,31.68,189.53,249.04,76.67,3.41,0.0,0.0,0.0,0.0,0.0,0.0,0.0,627.0,3.41
75.6247,0.0,0.0,0.0,67.43,27.5,187.33,255.75,80.74,3.41,0.0,0.0,0.0,0.0,0.0,0.0,0.0,618.75,3.41
75.6347,0.0,0.0,0.0,58.63,25.41,187.33,260.15,84.81,5.17,0.0,0.0,0.0,0.0,0.0,0.0,0.0,616.33,5.17
75.6447,0.0,0.0,0.0,51.7,21.12,182.93,262.35,88.77,10.45,0.0,0.0,0.0,0.0,0.0,0.0,0.0,606.87,10.45
75.6547,0.0,0.0,0.0,43.01,19.03,178.53,262.35,92.84,24.53,6.93,0.0,0.0,0.0,0.0,0.0,0.0,595.76,31.46
75.6647,0.0,0.0,0.0,34.43,14.74,169.73,262.35,96.91,111.43,35.09,7.15,0.0,0.0,0.0,0.0,0.0,578.16,153.67
75.6747,0.0,0.0,0.0,25.85,10.56,158.95,260.15,98.89,231.44,70.4,26.29,11.22,0.0,0.0,10.23,0.0,554.4,349.58
75.6847,0.0,0.0,0.0,18.92,6.27,139.92,253.55,100.87,214.72,105.93,40.7,71.94,0.0,7.04,15.4,0.0,519.53,455.73
75.6947,0.0,0.0,0.0,13.75,6.27,116.6,244.64,100.87,224.07,138.05,57.75,112.75,0.0,52.25,23.1,6.27,482.13,614.24
75.7047,0.0,0.0,0.0,11.99,6.27,85.47,229.24,96.91,226.49,148.06,66.0,128.48,5.5,70.18,28.27,12.65,429.88,685.63
75.7147,0.0,0.0,0.0,11.99,6.27,52.69,193.71,90.86,214.72,150.59,63.25,141.13,5.5,78.32,35.97,14.74,355.52,704.22
75.7247,0.0,0.0,0.0,8.58,6.27,35.09,142.67,78.65,203.17,153.12,63.25,150.59,5.5,89.21,43.67,16.94,271.26,725.45
75.7347,0.0,0.0,0.0,6.82,6.27,25.3,85.47,66.55,203.17,160.6,66.0,163.24,8.25,102.74,48.73,19.03,190.41,771.76
75.7447,0.0,0.0,0.0,5.17,4.18,19.47,48.84,49.39,203.17,168.19,71.39,176.0,11.0,113.63,56.54,23.21,127.05,823.13
75.7547,0.0,0.0,0.0,3.41,0.0,15.62,35.09,35.31,210.1,173.03,76.89,188.76,11.0,124.52,65.45,27.5,89.43,877.25
75.7647,0.0,0.0,0.0,0.0,0.0,11.66,28.93,22.88,217.03,177.87,85.03,195.14,13.75,135.41,77.33,29.59,63.47,931.15
75.7747,0.0,0.0,0.0,0.0,0.0,9.68,21.34,15.84,219.34,180.29,90.53,204.82,16.5,146.3,86.35,33.88,46.86,978.01
75.7847,0.0,0.0,0.0,0.0,0.0,7.81,16.72,7.04,214.72,180.29,90.53,214.39,19.25,154.55,95.26,35.97,31.57,1004.96
75.7947,0.0,0.0,0.0,0.0,0.0,5.83,12.21,3.52,203.17,173.03,87.78,224.07,19.25,162.69,98.23,35.97,21.56,1004.19
75.8047,0.0,0.0,0.0,0.0,0.0,5.83,10.67,3.52,189.2,168.19,85.03,235.62,19.25,173.47,104.17,40.26,20.02,1015.19
75.8147,0.0,0.0,0.0,0.0,0.0,3.85,10.67,3.52,173.03,158.07,79.64,244.42,22.0,181.61,107.14,42.35,18.04,1008.26
75.8247,0.0,0.0,0.0,0.0,0.0,3.85,9.13,3.52,157.63,148.06,74.14,250.14,22.0,189.64,113.08,44.44,16.5,999.13
75.8347,0.0,0.0,0.0,0.0,0.0,0.0,7.59,0.0,142.78,135.52,68.75,258.94,22.0,197.67,118.91,46.53,7.59,991.1
75.8447,0.0,0.0,0.0,0.0,0.0,0.0,6.05,0.0,125.84,120.56,63.25,261.8,22.0,203.06,124.63,48.73,6.05,969.87
75.8547,0.0,0.0,0.0,0.0,0.0,0.0,4.51,0.0,109.45,108.24,57.75,267.63,24.75,208.45,127.6,50.82,4.51,954.69
75.8647,0.0,0.0,0.0,0.0,0.0,0.0,2.97,0.0,94.16,96.47,50.27,270.6,24.75,211.2,130.46,52.91,2.97,930.82
75.8747,0.0,0.0,0.0,0.0,0.0,0.0,2.97,0.0,80.85,84.59,45.43,273.46,24.75,216.59,133.32,55.11,2.97,914.1
75.8847,0.0,0.0,0.0,0.0,0.0,0.0,0.0,0.0,67.43,75.13,38.28,273.46,24.75,219.23,136.29,57.53,0.0,892.1
75.8947,0.0,0.0,0.0,0.0,0.0,0.0,0.0,0.0,56.21,63.36,33.44,273.46,24.75,224.73,136.29,59.95,0.0,872.19
75.9047,0.0,0.0,0.0,0.0,0.0,0.0,0.0,0.0,45.65,56.21,28.71,273.46,24.75,227.48,142.12,62.37,0.0,860.75
75.9147,0.0,0.0,0.0,0.0,0.0,0.0,0.0,0.0,36.85,49.17,23.87,270.6,24.75,230.34,142.12,64.9,0.0,842.6
75.9247,0.0,0.0,0.0,0.0,0.0,0.0,0.0,0.0,29.81,42.13,19.14,267.63,24.75,233.09,144.98,67.32,0.0,828.85
75.9347,0.0,0.0,0.0,0.0,0.0,0.0,0.0,0.0,22.77,35.09,14.3,264.77,24.75,235.95,147.84,67.32,0.0,812.79
75.9447,0.0,0.0,0.0,0.0,0.0,0.0,0.0,0.0,17.49,28.05,11.88,258.94,22.0,238.7,150.81,69.74,0.0,797.61
75.9547,0.0,0.0,0.0,0.0,0.0,0.0,0.0,0.0,13.97,21.01,9.57,253.11,22.0,238.7,153.67,72.16,0.0,784.19
75.9647,0.0,0.0,0.0,0.0,0.0,0.0,0.0,0.0,12.21,16.39,9.57,247.28,22.0,241.45,156.53,74.69,0.0,780.12
75.9747,0.0,0.0,0.0,0.0,0.0,0.0,0.0,0.0,8.69,13.97,7.15,241.45,22.0,241.45,162.36,77.11,0.0,774.18
75.9847,0.0,0.0,0.0,0.0,0.0,0.0,0.0,0.0,8.69,11.66,7.15,232.76,19.25,244.31,168.3,79.53,0.0,771.65
75.9947,0.0,0.0,0.0,0.0,0.0,0.0,0.0,0.0,6.93,9.35,4.73,224.07,19.25,247.06,174.24,81.95,0.0,767.58
76.0047,0.0,0.0,0.0,0.0,0.0,0.0,0.0,0.0,6.93,6.93,4.73,217.58,19.25,247.06,180.18,84.48,0.0,767.14
76.0147,0.0,0.0,0.0,0.0,0.0,0.0,0.0,0.0,6.93,6.93,4.73,208.01,19.25,249.92,189.09,86.9,0.0,771.76
76.0247,0.0,0.0,0.0,0.0,0.0,0.0,0.0,0.0,5.17,6.93,0.0,201.63,19.25,252.67,198.11,91.74,0.0,775.5
76.0347,0.0,0.0,0.0,0.0,0.0,0.0,0.0,0.0,5.17,4.62,0.0,191.95,19.25,255.42,207.02,94.27,0.0,777.7
76.0447,0.0,0.0,0.0,0.0,0.0,0.0,0.0,0.0,5.17,4.62,0.0,185.57,19.25,258.28,215.93,96.69,0.0,785.51
76.0547,0.0,0.0,0.0,0.0,0.0,0.0,0.0,0.0,3.41,4.62,0.0,176.0,19.25,258.28,224.73,101.53,0.0,787.82
76.0647,0.0,0.0,0.0,0.0,0.0,0.0,0.0,0.0,3.41,4.62,0.0,169.62,16.5,261.03,230.45,104.06,0.0,789.69
76.0747,0.0,0.0,0.0,0.0,0.0,0.0,0.0,0.0,3.41,0.0,0.0,156.97,16.5,263.89,238.92,106.48,0.0,786.17
76.0847,0.0,0.0,0.0,0.0,0.0,0.0,0.0,0.0,3.41,0.0,0.0,144.32,13.75,263.89,244.53,113.85,0.0,783.75
76.0947,0.0,0.0,0.0,0.0,0.0,0.0,0.0,0.0,0.0,0.0,0.0,131.67,13.75,261.03,250.14,118.25,0.0,774.84
76.1047,6.93,0.0,0.0,0.0,0.0,0.0,0.0,0.0,0.0,0.0,0.0,115.94,11.0,258.28,255.86,124.96,6.93,766.04
76.1147,27.83,3.85,0.0,0.0,0.0,0.0,0.0,0.0,0.0,0.0,0.0,100.21,8.25,255.42,258.72,129.47,31.68,752.07
76.1247,120.78,23.32,0.0,0.0,0.0,0.0,0.0,0.0,0.0,0.0,0.0,81.29,5.5,247.06,258.72,136.18,144.1,728.75
76.1347,267.41,65.34,26.62,3.41,0.0,0.0,0.0,0.0,0.0,0.0,0.0,65.67,5.5,235.95,258.72,140.58,362.78,706.42
76.1447,249.26,89.54,45.98,20.68,0.0,3.85,0.0,0.0,0.0,0.0,0.0,45.21,0.0,213.84,258.72,147.29,409.31,665.06
76.1547,238.92,126.39,65.12,32.67,0.0,11.66,0.0,3.52,0.0,0.0,0.0,28.27,5.5,181.61,255.86,149.6,478.28,620.84
76.1647,238.92,147.29,77.0,44.77,0.0,29.26,2.97,8.8,0.0,0.0,0.0,22.55,5.5,127.27,244.53,149.6,549.01,549.45
76.1747,241.45,161.92,81.73,53.35,0.0,46.86,9.13,14.08,0.0,0.0,0.0,19.8,5.5,75.68,218.9,140.58,608.52,460.46
76.1847,236.28,168.3,86.35,60.83,0.0,58.63,19.8,17.6,0.0,0.0,0.0,14.08,8.25,45.1,171.27,127.16,647.79,365.86
76.1947,238.92,179.63,93.5,67.43,6.27,76.56,35.09,22.88,0.0,0.0,0.0,14.08,8.25,33.22,107.14,111.32,720.28,274.01
76.2047,244.09,190.96,102.96,76.23,10.56,87.67,45.76,26.4,0.0,0.0,0.0,11.22,8.25,28.49,68.42,91.74,784.63,208.12
76.2147,249.26,195.58,110.0,82.83,14.74,98.89,60.06,31.79,0.0,0.0,0.0,8.47,5.5,21.34,51.37,67.32,843.15,154.0
76.2247,254.43,197.78,119.79,87.34,21.12,110.11,74.58,37.07,0.0,0.0,0.0,5.61,0.0,16.61,38.5,40.26,902.22,100.98
76.2347,254.43,197.78,124.74,93.94,23.21,118.69,85.47,40.59,0.0,0.0,0.0,0.0,0.0,11.88,28.27,16.94,938.85,57.09
76.2447,246.73,193.27,124.74,98.34,27.5,125.07,96.36,44.11,0.0,0.0,0.0,0.0,0.0,9.46,17.93,6.27,956.12,33.66
76.2547,236.28,184.25,119.79,104.94,29.59,131.45,103.62,47.63,0.0,0.0,0.0,0.0,0.0,7.04,17.93,4.18,957.55,29.15
76.2647,223.41,175.12,114.84,109.34,31.68,137.72,110.88,49.39,0.0,0.0,0.0,0.0,0.0,4.73,15.4,0.0,952.38,20.13
76.2747,211.2,164.01,107.69,111.54,33.88,142.01,122.54,51.15,0.0,0.0,0.0,0.0,0.0,4.73,12.76,0.0,944.02,17.49
76.2847,196.68,149.38,102.96,111.54,35.97,146.19,132.55,52.91,0.0,0.0,0.0,0.0,0.0,4.73,12.76,0.0,928.18,17.49
76.2947,182.05,136.84,95.81,111.54,38.06,150.48,142.67,56.54,0.0,0.0,0.0,0.0,0.0,4.73,10.23,0.0,913.99,14.96
76.3047,169.95,124.3,91.08,111.54,40.15,152.57,150.7,56.54,0.0,0.0,0.0,0.0,0.0,0.0,10.23,0.0,896.83,10.23
76.3147,155.21,113.85,86.35,109.34,42.35,154.66,160.82,58.52,0.0,0.0,0.0,0.0,0.0,0.0,7.7,0.0,881.1,7.7
76.3247,145.31,100.54,79.31,107.14,42.35,156.86,168.96,60.5,0.0,0.0,0.0,0.0,0.0,0.0,7.7,0.0,860.97,7.7
76.3347,130.57,89.54,72.27,104.94,44.44,156.86,177.21,60.5,0.0,0.0,0.0,0.0,0.0,0.0,5.06,0.0,836.33,5.06
76.3447,115.83,78.54,65.12,102.74,44.44,156.86,181.28,60.5,0.0,0.0,0.0,0.0,0.0,0.0,5.06,0.0,805.31,5.06
76.3547,104.28,67.54,58.08,100.54,46.53,156.86,187.55,60.5,0.0,0.0,0.0,0.0,0.0,0.0,0.0,0.0,781.88,0.0
76.3647,93.28,58.74,53.24,98.34,46.53,156.86,191.62,62.59,0.0,0.0,0.0,0.0,0.0,0.0,0.0,0.0,761.2,0.0
76.3747,82.17,50.6,45.98,93.94,46.53,156.86,195.8,60.5,0.0,0.0,0.0,0.0,0.0,0.0,0.0,0.0,732.38,0.0
76.3847,68.97,42.79,38.72,91.74,46.53,156.86,197.89,60.5,0.0,0.0,0.0,0.0,0.0,0.0,0.0,0.0,704.0,0.0
76.3947,60.17,35.09,31.46,89.54,44.44,156.86,202.07,60.5,0.0,0.0,0.0,0.0,0.0,0.0,0.0,0.0,680.13,0.0
76.4047,48.73,31.13,26.62,87.34,46.53,156.86,204.05,60.5,0.0,0.0,0.0,0.0,0.0,0.0,0.0,0.0,661.76,0.0
76.4147,39.49,25.3,19.36,82.83,46.53,156.86,208.23,60.5,0.0,0.0,0.0,0.0,0.0,0.0,0.0,0.0,639.1,0.0
76.4247,30.14,21.34,14.52,80.63,46.53,156.86,212.41,60.5,0.0,0.0,0.0,0.0,0.0,0.0,0.0,0.0,622.93,0.0
76.4346,23.21,15.51,12.1,78.43,46.53,156.86,218.57,60.5,0.0,0.0,0.0,0.0,0.0,0.0,0.0,0.0,611.71,0.0
76.4446,18.59,13.64,9.68,76.23,44.44,156.86,222.75,60.5,0.0,0.0,0.0,0.0,0.0,0.0,0.0,0.0,602.69,0.0
76.4546,13.86,9.68,7.26,74.03,46.53,156.86,229.24,62.59,0.0,0.0,0.0,0.0,0.0,0.0,0.0,0.0,600.05,0.0
76.4646,11.55,7.7,7.26,71.83,44.44,158.95,235.84,62.59,0.0,0.0,0.0,0.0,0.0,0.0,0.0,0.0,600.16,0.0
76.4746,9.24,7.7,7.26,69.63,44.44,158.95,242.44,64.57,0.0,0.0,0.0,0.0,0.0,0.0,0.0,0.0,604.23,0.0
76.4846,9.24,5.83,4.84,67.43,44.44,161.04,249.04,64.57,0.0,0.0,0.0,0.0,0.0,0.0,0.0,0.0,606.43,0.0
76.4946,6.93,5.83,4.84,65.23,42.35,163.13,257.95,66.55,0.0,0.0,0.0,0.0,0.0,0.0,0.0,0.0,612.81,0.0
76.5046,4.62,3.85,0.0,60.83,42.35,163.13,266.75,68.64,0.0,0.0,0.0,0.0,0.0,0.0,0.0,0.0,610.17,0.0
76.5146,4.62,3.85,0.0,58.63,42.35,165.33,275.66,70.62,0.0,0.0,0.0,0.0,0.0,0.0,0.0,0.0,621.06,0.0
76.5246,4.62,3.85,0.0,55.11,40.15,167.53,284.68,70.62,0.0,0.0,0.0,0.0,0.0,0.0,0.0,0.0,626.56,0.0
76.5346,0.0,3.85,0.0,53.35,40.15,167.53,293.7,72.6,0.0,0.0,0.0,0.0,0.0,0.0,0.0,0.0,631.18,0.0
76.5446,0.0,3.85,0.0,48.18,35.97,167.53,300.41,76.67,0.0,0.0,0.0,0.0,0.0,0.0,0.0,0.0,632.61,0.0
76.5546,0.0,0.0,0.0,44.77,33.88,165.33,304.92,78.65,0.0,0.0,0.0,0.0,0.0,0.0,0.0,0.0,627.55,0.0
76.5646,0.0,0.0,0.0,39.6,29.59,163.13,307.23,82.72,6.93,0.0,0.0,0.0,0.0,0.0,0.0,0.0,622.27,6.93
76.5746,0.0,0.0,0.0,34.43,25.41,161.04,304.92,86.79,38.61,4.62,0.0,0.0,0.0,0.0,0.0,0.0,612.59,43.23
76.5846,0.0,0.0,0.0,29.26,21.12,156.86,298.21,90.86,226.49,39.82,7.15,0.0,0.0,0.0,0.0,0.0,596.31,273.46
76.5946,0.0,0.0,0.0,24.09,14.74,148.39,289.19,92.84,236.28,63.36,19.14,16.94,0.0,0.0,7.7,0.0,569.25,343.42
76.6046,0.0,0.0,0.0,17.16,10.56,131.45,277.86,94.82,224.07,105.93,38.28,56.54,0.0,4.73,10.23,0.0,531.85,439.78
76.6146,0.0,0.0,0.0,13.75,6.27,110.11,264.55,94.82,226.49,135.52,50.27,103.29,0.0,26.07,15.4,0.0,489.5,557.04
76.6246,0.0,0.0,0.0,11.99,6.27,85.47,246.84,94.82,226.49,150.59,55.11,125.4,0.0,49.83,17.93,6.27,445.39,631.62
76.6346,0.0,0.0,0.0,10.34,6.27,52.69,214.39,88.77,217.03,153.12,52.69,134.86,0.0,67.54,20.46,8.47,372.46,654.17
76.6446,0.0,0.0,0.0,8.58,6.27,33.22,164.89,78.65,214.72,158.07,55.11,144.32,0.0,83.82,25.63,12.65,291.61,694.32
76.6546,0.0,0.0,0.0,6.82,6.27,23.43,109.01,62.59,217.03,168.19,60.5,153.78,5.5,94.6,38.5,19.03,208.12,757.13
76.6646,0.0,0.0,0.0,5.17,4.18,19.47,60.06,47.63,226.49,175.45,66.0,163.24,8.25,102.74,46.2,21.12,136.51,809.49
76.6746,0.0,0.0,0.0,3.41,0.0,15.62,41.25,35.31,233.86,182.71,71.39,172.81,11.0,110.99,53.9,23.21,95.59,859.87
76.6846,0.0,0.0,0.0,0.0,0.0,11.66,30.47,22.88,238.81,187.55,76.89,182.38,11.0,119.13,62.48,27.5,65.01,905.74
76.6946,0.0,0.0,0.0,0.0,0.0,9.68,24.42,14.08,236.28,189.97,79.64,191.95,13.75,127.27,71.39,29.59,48.18,939.84
76.7046,0.0,0.0,0.0,0.0,0.0,7.81,18.26,8.8,228.91,189.97,79.64,204.82,13.75,135.41,74.36,31.79,34.87,958.65
76.7146,0.0,0.0,0.0,0.0,0.0,5.83,13.75,5.28,217.03,187.55,76.89,220.77,13.75,143.66,80.3,33.88,24.86,973.83
76.7246,0.0,0.0,0.0,0.0,0.0,3.85,15.18,3.52,205.48,182.71,74.14,235.62,16.5,151.8,83.27,35.97,22.55,985.49
76.7346,0.0,0.0,0.0,0.0,0.0,3.85,10.67,3.52,191.51,177.87,71.39,247.28,16.5,159.94,89.32,38.06,18.04,991.87
76.7446,0.0,0.0,0.0,0.0,0.0,3.85,9.13,3.52,179.96,170.61,68.75,258.94,19.25,168.19,92.29,40.26,16.5,998.25
76.7546,0.0,0.0,0.0,0.0,0.0,0.0,7.59,0.0,163.9,160.6,66.0,270.6,19.25,176.22,98.23,40.26,7.59,995.06
76.7646,0.0,0.0,0.0,0.0,0.0,0.0,6.05,0.0,151.25,150.59,60.5,279.51,19.25,181.61,101.2,42.35,6.05,986.26
76.7746,0.0,0.0,0.0,0.0,0.0,0.0,4.51,0.0,136.4,138.05,55.11,285.89,22.0,187.0,104.17,44.44,4.51,973.06
76.7846,0.0,0.0,0.0,0.0,0.0,0.0,2.97,0.0,119.46,125.51,52.69,295.35,22.0,192.39,107.14,44.44,2.97,958.98
76.7946,0.0,0.0,0.0,0.0,0.0,0.0,2.97,0.0,105.71,115.5,47.85,301.62,22.0,197.67,107.14,46.53,2.97,944.02
76.8046,0.0,0.0,0.0,0.0,0.0,0.0,2.97,0.0,94.16,103.51,43.12,308.0,22.0,200.42,107.14,46.53,2.97,924.88
76.8146,0.0,0.0,0.0,0.0,0.0,0.0,0.0,0.0,80.85,94.05,35.86,314.27,22.0,203.06,110.22,46.53,0.0,906.84
76.8246,0.0,0.0,0.0,0.0,0.0,0.0,0.0,0.0,69.41,82.28,31.13,320.54,22.0,205.81,110.22,48.73,0.0,890.12
76.8346,0.0,0.0,0.0,0.0,0.0,0.0,0.0,0.0,57.97,72.82,28.71,323.73,22.0,211.2,110.22,48.73,0.0,875.38
76.8446,0.0,0.0,0.0,0.0,0.0,0.0,0.0,0.0,50.93,65.67,23.87,323.73,22.0,213.84,110.22,48.73,0.0,858.99
76.8546,0.0,0.0,0.0,0.0,0.0,0.0,0.0,0.0,43.89,58.63,21.56,326.92,19.25,213.84,110.22,50.82,0.0,845.13
76.8646,0.0,0.0,0.0,0.0,0.0,0.0,0.0,0.0,36.85,53.9,16.72,330.11,19.25,219.23,110.22,50.82,0.0,837.1
76.8746,0.0,0.0,0.0,0.0,0.0,0.0,0.0,0.0,31.57,49.17,14.3,330.11,19.25,219.23,110.22,50.82,0.0,824.67
76.8846,0.0,0.0,0.0,0.0,0.0,0.0,0.0,0.0,26.29,44.55,11.88,330.11,19.25,224.73,110.22,52.91,0.0,819.94
76.8946,0.0,0.0,0.0,0.0,0.0,0.0,0.0,0.0,21.01,37.51,11.88,330.11,19.25,227.48,110.22,55.11,0.0,812.57
76.9046,0.0,0.0,0.0,0.0,0.0,0.0,0.0,0.0,17.49,32.78,9.57,326.92,19.25,230.34,113.08,57.53,0.0,806.96
76.9146,0.0,0.0,0.0,0.0,0.0,0.0,0.0,0.0,15.73,28.05,9.57,323.73,16.5,235.95,115.94,62.37,0.0,807.84
76.9246,0.0,0.0,0.0,0.0,0.0,0.0,0.0,0.0,12.21,23.43,9.57,323.73,19.25,238.7,118.91,64.9,0.0,810.7
76.9346,0.0,0.0,0.0,0.0,0.0,0.0,0.0,0.0,12.21,21.01,9.57,320.54,19.25,241.45,121.77,69.74,0.0,815.54
76.9446,0.0,0.0,0.0,0.0,0.0,0.0,0.0,0.0,10.45,16.39,7.15,317.46,19.25,247.06,127.6,72.16,0.0,817.52
76.9546,0.0,0.0,0.0,0.0,0.0,0.0,0.0,0.0,8.69,13.97,7.15,314.27,19.25,252.67,133.32,77.11,0.0,826.43
76.9646,0.0,0.0,0.0,0.0,0.0,0.0,0.0,0.0,8.69,13.97,4.73,311.08,19.25,258.28,142.12,81.95,0.0,840.07
76.9746,0.0,0.0,0.0,0.0,0.0,0.0,0.0,0.0,6.93,11.66,4.73,304.81,19.25,263.89,150.81,86.9,0.0,848.98
76.9846,0.0,0.0,0.0,0.0,0.0,0.0,0.0,0.0,6.93,9.35,4.73,298.43,19.25,269.39,159.5,91.74,0.0,859.32
76.9946,0.0,0.0,0.0,0.0,0.0,0.0,0.0,0.0,6.93,9.35,4.73,288.97,19.25,272.25,168.3,96.69,0.0,866.47
77.0046,0.0,0.0,0.0,0.0,0.0,0.0,0.0,0.0,5.17,6.93,0.0,279.51,19.25,277.86,180.18,101.53,0.0,870.43
77.0146,0.0,0.0,0.0,0.0,0.0,0.0,0.0,0.0,5.17,6.93,0.0,261.8,19.25,280.61,192.06,106.48,0.0,872.3
77.0246,0.0,0.0,0.0,0.0,0.0,0.0,0.0,0.0,3.41,4.62,0.0,244.42,19.25,283.47,201.08,113.85,0.0,870.1
77.0346,0.0,0.0,0.0,0.0,0.0,0.0,0.0,0.0,3.41,4.62,0.0,224.07,16.5,286.33,209.99,118.25,0.0,863.17
77.0446,6.93,0.0,0.0,0.0,0.0,0.0,0.0,0.0,3.41,4.62,0.0,201.63,16.5,286.33,218.9,124.96,6.93,856.35
77.0546,23.21,5.83,0.0,0.0,0.0,0.0,0.0,0.0,3.41,0.0,0.0,176.0,13.75,286.33,224.73,133.87,29.04,838.09
77.0646,66.77,15.51,0.0,0.0,0.0,0.0,0.0,0.0,0.0,0.0,0.0,150.59,11.0,280.61,230.45,140.58,82.28,813.23
77.0746,191.73,48.73,12.1,0.0,0.0,0.0,0.0,0.0,0.0,0.0,0.0,122.21,8.25,275.0,233.2,149.6,252.56,788.26
77.0846,228.58,67.54,29.04,5.17,0.0,0.0,0.0,0.0,0.0,0.0,0.0,93.94,5.5,261.03,236.06,156.31,330.33,752.84
77.0946,213.62,85.14,43.56,18.92,0.0,5.83,0.0,0.0,0.0,0.0,0.0,62.48,0.0,238.7,238.92,163.02,367.07,703.12
77.1046,216.04,104.94,55.77,27.5,0.0,11.66,0.0,3.52,0.0,0.0,0.0,39.6,0.0,205.81,236.06,165.22,419.43,646.69
77.1146,218.46,118.03,65.12,36.19,0.0,25.3,6.05,8.8,0.0,0.0,0.0,28.27,0.0,159.94,230.45,165.22,477.95,583.88
77.1246,223.41,132.66,72.27,43.01,0.0,39.05,15.18,12.32,0.0,0.0,0.0,22.55,5.5,100.1,212.96,158.51,537.9,499.62
77.1346,225.94,143.11,77.0,48.18,4.18,52.69,25.96,17.6,0.0,0.0,0.0,19.8,8.25,59.4,171.27,142.89,594.66,401.61
77.1446,231.11,155.65,86.35,53.35,8.47,63.03,39.71,21.12,0.0,0.0,0.0,16.94,8.25,40.37,118.91,127.16,658.79,311.63
77.1546,241.45,166.1,93.5,56.87,12.65,74.25,48.84,24.64,0.0,0.0,0.0,14.08,8.25,30.8,74.36,108.9,718.3,236.39
77.1646,254.43,175.12,102.96,60.83,16.94,80.96,60.06,28.27,0.0,0.0,0.0,11.22,5.5,23.65,53.9,84.48,779.57,178.75
77.1746,264.88,181.94,112.42,65.23,21.12,87.67,70.95,30.03,0.0,0.0,0.0,8.47,0.0,18.92,41.03,52.91,834.24,121.33
77.1846,272.58,186.45,119.79,65.23,25.41,94.49,81.84,33.55,0.0,0.0,0.0,5.61,0.0,14.19,28.27,25.41,879.34,73.48
77.1946,272.58,184.25,122.32,69.63,27.5,98.89,90.86,35.31,0.0,0.0,0.0,0.0,0.0,9.46,20.46,8.47,901.34,38.39
77.2046,267.41,181.94,124.74,71.83,31.68,103.4,99.99,38.83,0.0,0.0,0.0,0.0,0.0,7.04,15.4,4.18,919.82,26.62
77.2146,262.24,177.43,124.74,74.03,33.88,110.11,109.01,40.59,0.0,0.0,0.0,0.0,0.0,4.73,12.76,4.18,932.03,21.67
77.2246,251.9,170.61,122.32,76.23,35.97,114.51,120.45,44.11,0.0,0.0,0.0,0.0,0.0,4.73,12.76,0.0,936.1,17.49
77.2346,238.92,161.92,117.37,76.23,38.06,118.69,130.57,44.11,0.0,0.0,0.0,0.0,0.0,0.0,10.23,0.0,925.87,10.23
77.2446,225.94,151.47,112.42,78.43,40.15,122.98,140.69,47.63,0.0,0.0,0.0,0.0,0.0,0.0,7.7,0.0,919.71,7.7
77.2546,213.62,141.02,107.69,78.43,42.35,127.16,148.72,49.39,0.0,0.0,0.0,0.0,0.0,0.0,7.7,0.0,908.38,7.7
77.2646,201.52,132.66,102.96,78.43,44.44,129.25,156.75,49.39,0.0,0.0,0.0,0.0,0.0,0.0,5.06,0.0,895.4,5.06
77.2746,189.31,120.12,98.23,78.43,46.53,131.45,164.89,51.15,0.0,0.0,0.0,0.0,0.0,0.0,0.0,0.0,880.11,0.0
77.2846,174.79,109.34,88.77,80.63,48.62,133.54,170.94,52.91,0.0,0.0,0.0,0.0,0.0,0.0,0.0,0.0,859.54,0.0
77.2946,160.05,98.34,81.73,80.63,48.62,135.63,175.12,52.91,0.0,0.0,0.0,0.0,0.0,0.0,0.0,0.0,833.03,0.0
77.3046,142.89,85.14,72.27,80.63,50.82,139.92,181.28,54.67,0.0,0.0,0.0,0.0,0.0,0.0,0.0,0.0,807.62,0.0
77.3146,125.73,74.14,65.12,80.63,50.82,142.01,185.46,56.54,0.0,0.0,0.0,0.0,0.0,0.0,0.0,0.0,780.45,0.0
77.3246,108.68,63.14,55.77,82.83,52.91,144.1,189.64,56.54,0.0,0.0,0.0,0.0,0.0,0.0,0.0,0.0,753.61,0.0
77.3346,93.28,52.58,45.98,82.83,52.91,146.19,193.71,56.54,0.0,0.0,0.0,0.0,0.0,0.0,0.0,0.0,724.02,0.0
77.3446,77.77,44.77,38.72,82.83,52.91,150.48,199.98,56.54,0.0,0.0,0.0,0.0,0.0,0.0,0.0,0.0,704.0,0.0
77.3546,60.17,35.09,29.04,82.83,55.0,152.57,202.07,58.52,0.0,0.0,0.0,0.0,0.0,0.0,0.0,0.0,675.29,0.0
77.3646,44.11,29.15,19.36,82.83,55.0,154.66,208.23,58.52,0.0,0.0,0.0,0.0,0.0,0.0,0.0,0.0,651.86,0.0
77.3746,30.14,21.34,14.52,80.63,52.91,154.66,214.39,60.5,0.0,0.0,0.0,0.0,0.0,0.0,0.0,0.0,629.09,0.0
77.3846,20.9,15.51,12.1,78.43,52.91,156.86,222.75,60.5,0.0,0.0,0.0,0.0,0.0,0.0,0.0,0.0,619.96,0.0
77.3946,16.17,11.66,9.68,76.23,52.91,158.95,231.44,62.59,0.0,0.0,0.0,0.0,0.0,0.0,0.0,0.0,619.63,0.0
77.4046,11.55,9.68,7.26,74.03,50.82,161.04,240.24,62.59,0.0,0.0,0.0,0.0,0.0,0.0,0.0,0.0,617.21,0.0
77.4146,9.24,7.7,4.84,69.63,50.82,163.13,249.04,64.57,0.0,0.0,0.0,0.0,0.0,0.0,0.0,0.0,618.97,0.0
77.4246,6.93,5.83,4.84,67.43,48.62,165.33,257.95,68.64,0.0,0.0,0.0,0.0,0.0,0.0,0.0,0.0,625.57,0.0
77.4346,6.93,5.83,0.0,65.23,46.53,167.53,264.55,70.62,0.0,0.0,0.0,0.0,0.0,0.0,0.0,0.0,627.22,0.0
77.4446,4.62,3.85,0.0,63.03,44.44,169.73,271.15,74.69,0.0,0.0,0.0,0.0,0.0,0.0,0.0,0.0,631.51,0.0
77.4546,4.62,3.85,0.0,58.63,42.35,171.93,273.35,76.67,0.0,0.0,0.0,0.0,0.0,0.0,0.0,0.0,631.4,0.0
77.4646,0.0,3.85,0.0,56.87,38.06,174.13,277.86,80.74,0.0,0.0,0.0,0.0,0.0,0.0,0.0,0.0,631.51,0.0
77.4746,0.0,0.0,0.0,53.35,35.97,176.33,280.17,82.72,0.0,0.0,0.0,0.0,0.0,0.0,0.0,0.0,628.54,0.0
77.4846,0.0,0.0,0.0,48.18,31.68,176.33,280.17,86.79,0.0,0.0,0.0,0.0,0.0,0.0,0.0,0.0,623.15,0.0
77.4946,0.0,0.0,0.0,41.36,27.5,174.13,282.37,90.86,0.0,0.0,0.0,0.0,0.0,0.0,0.0,0.0,616.22,0.0
77.5046,0.0,0.0,0.0,36.19,21.12,169.73,280.17,94.82,0.0,0.0,0.0,0.0,0.0,0.0,0.0,0.0,602.03,0.0
77.5146,0.0,0.0,0.0,29.26,16.94,165.33,277.86,98.89,5.17,0.0,0.0,0.0,0.0,0.0,0.0,0.0,588.28,5.17
77.5246,0.0,0.0,0.0,24.09,12.65,156.86,273.35,102.96,28.05,9.35,0.0,0.0,0.0,0.0,0.0,0.0,569.91,37.4
77.5346,0.0,0.0,0.0,18.92,10.56,146.19,268.95,106.92,193.82,53.9,14.3,5.61,0.0,0.0,0.0,0.0,551.54,267.63
77.5446,0.0,0.0,0.0,13.75,8.47,131.45,260.15,109.01,243.76,89.32,33.44,39.6,0.0,0.0,5.06,0.0,522.83,411.18
77.5546,0.0,0.0,0.0,11.99,6.27,105.6,246.84,109.01,241.23,130.57,52.69,90.75,0.0,16.61,10.23,0.0,479.71,542.08
77.5646,0.0,0.0,0.0,11.99,8.47,74.25,216.48,104.94,238.81,155.65,66.0,119.02,0.0,47.52,15.4,6.27,416.13,648.67
77.5746,0.0,0.0,0.0,8.58,8.47,46.86,181.28,94.82,228.91,165.66,68.75,141.13,0.0,72.93,20.46,10.56,340.01,708.4
77.5846,0.0,0.0,0.0,6.82,8.47,31.24,122.54,82.72,217.03,165.66,71.39,153.78,5.5,89.21,35.97,14.74,251.79,753.28
77.5946,0.0,0.0,0.0,5.17,6.27,23.43,65.56,66.55,210.1,173.03,74.14,169.62,8.25,108.24,48.73,23.21,166.98,815.32
77.6046,0.0,0.0,0.0,3.41,4.18,19.47,41.25,49.39,210.1,180.29,82.39,185.57,11.0,124.52,62.48,27.5,117.7,883.85
77.6146,0.0,0.0,0.0,0.0,0.0,13.64,33.55,31.79,210.1,182.71,87.78,198.44,13.75,140.91,77.33,33.88,78.98,944.9
77.6246,0.0,0.0,0.0,0.0,0.0,9.68,27.5,21.12,212.41,185.13,96.03,208.01,16.5,157.19,92.29,38.06,58.3,1005.62
77.6346,0.0,0.0,0.0,0.0,0.0,7.81,18.26,12.32,210.1,182.71,98.67,217.58,19.25,168.19,104.17,42.35,38.39,1043.02
77.6446,0.0,0.0,0.0,0.0,0.0,5.83,15.18,5.28,198.55,177.87,96.03,226.93,19.25,176.22,110.22,46.53,26.29,1051.6
77.6546,0.0,0.0,0.0,0.0,0.0,5.83,12.21,5.28,182.27,168.19,93.28,235.62,19.25,187.0,115.94,50.82,23.32,1052.37
77.6646,0.0,0.0,0.0,0.0,0.0,3.85,12.21,3.52,166.1,158.07,87.78,247.28,22.0,195.03,118.91,55.11,19.58,1050.28
77.6746,0.0,0.0,0.0,0.0,0.0,3.85,10.67,3.52,151.25,148.06,82.39,253.11,22.0,200.42,121.77,57.53,18.04,1036.53
77.6846,0.0,0.0,0.0,0.0,0.0,0.0,9.13,3.52,138.49,135.52,74.14,258.94,22.0,205.81,124.63,59.95,12.65,1019.48
77.6946,0.0,0.0,0.0,0.0,0.0,0.0,7.59,3.52,121.55,123.09,68.75,261.8,24.75,208.45,127.6,62.37,11.11,998.36
77.7046,0.0,0.0,0.0,0.0,0.0,0.0,6.05,0.0,109.45,113.08,63.25,264.77,24.75,208.45,127.6,62.37,6.05,973.72
77.7146,0.0,0.0,0.0,0.0,0.0,0.0,4.51,0.0,98.01,103.51,57.75,264.77,24.75,211.2,130.46,62.37,4.51,952.82
77.7246,0.0,0.0,0.0,0.0,0.0,0.0,4.51,0.0,86.57,94.05,52.69,264.77,24.75,211.2,130.46,64.9,4.51,929.39
77.7346,0.0,0.0,0.0,0.0,0.0,0.0,2.97,0.0,77.0,87.01,47.85,264.77,24.75,211.2,130.46,64.9,2.97,907.94
77.7446,0.0,0.0,0.0,0.0,0.0,0.0,0.0,0.0,67.43,77.55,45.43,264.77,24.75,213.84,130.46,64.9,0.0,889.13
77.7546,0.0,0.0,0.0,0.0,0.0,0.0,0.0,0.0,57.97,70.4,40.7,261.8,24.75,216.59,136.29,64.9,0.0,873.4
77.7646,0.0,0.0,0.0,0.0,0.0,0.0,0.0,0.0,50.93,63.36,35.86,261.8,24.75,216.59,136.29,67.32,0.0,856.9
77.7746,0.0,0.0,0.0,0.0,0.0,0.0,0.0,0.0,42.13,56.21,33.44,258.94,24.75,219.23,142.12,67.32,0.0,844.14
77.7846,0.0,0.0,0.0,0.0,0.0,0.0,0.0,0.0,36.85,51.59,28.71,255.97,24.75,221.98,144.98,69.74,0.0,834.57
77.7946,0.0,0.0,0.0,0.0,0.0,0.0,0.0,0.0,29.81,44.55,26.29,253.11,24.75,224.73,150.81,72.16,0.0,826.21
77.8046,0.0,0.0,0.0,0.0,0.0,0.0,0.0,0.0,24.53,39.82,21.56,247.28,24.75,227.48,153.67,72.16,0.0,811.25
77.8146,0.0,0.0,0.0,0.0,0.0,0.0,0.0,0.0,21.01,32.78,16.72,241.45,24.75,230.34,159.5,74.69,0.0,801.24
77.8246,0.0,0.0,0.0,0.0,0.0,0.0,0.0,0.0,17.49,25.74,14.3,235.62,24.75,233.09,168.3,79.53,0.0,798.82
77.8346,0.0,0.0,0.0,0.0,0.0,0.0,0.0,0.0,13.97,18.7,11.88,226.93,24.75,235.95,177.21,81.95,0.0,791.34
77.8446,0.0,0.0,0.0,0.0,0.0,0.0,0.0,0.0,12.21,16.39,9.57,220.77,24.75,235.95,186.12,84.48,0.0,790.24
77.8546,0.0,0.0,0.0,0.0,0.0,0.0,0.0,0.0,10.45,11.66,7.15,211.2,24.75,238.7,195.14,86.9,0.0,785.95
77.8645,0.0,0.0,0.0,0.0,0.0,0.0,0.0,0.0,8.69,9.35,7.15,201.63,24.75,241.45,204.05,91.74,0.0,788.81
77.8745,0.0,0.0,0.0,0.0,0.0,0.0,0.0,0.0,6.93,6.93,7.15,195.14,24.75,244.31,212.96,94.27,0.0,792.44
77.8845,0.0,0.0,0.0,0.0,0.0,0.0,0.0,0.0,6.93,6.93,4.73,185.57,24.75,247.06,221.98,96.69,0.0,794.64
77.8945,0.0,0.0,0.0,0.0,0.0,0.0,0.0,0.0,5.17,4.62,4.73,179.19,24.75,252.67,230.45,101.53,0.0,803.11
77.9045,0.0,0.0,0.0,0.0,0.0,0.0,0.0,0.0,5.17,4.62,0.0,169.62,22.0,255.42,236.06,106.48,0.0,799.37
77.9145,0.0,0.0,0.0,0.0,0.0,0.0,0.0,0.0,5.17,4.62,0.0,163.24,22.0,258.28,244.53,108.9,0.0,806.74
77.9245,0.0,0.0,0.0,0.0,0.0,0.0,0.0,0.0,3.41,4.62,0.0,150.59,22.0,258.28,253.0,113.85,0.0,805.75
77.9345,0.0,0.0,0.0,0.0,0.0,0.0,0.0,0.0,3.41,0.0,0.0,137.94,19.25,258.28,258.72,116.05,0.0,793.65
77.9445,6.93,0.0,0.0,0.0,0.0,0.0,0.0,0.0,3.41,0.0,0.0,122.21,16.5,255.42,267.19,120.45,6.93,785.18
77.9545,11.55,0.0,0.0,0.0,0.0,0.0,0.0,0.0,0.0,0.0,0.0,106.48,13.75,252.67,272.8,124.96,11.55,770.66
77.9645,30.14,3.85,0.0,0.0,0.0,0.0,0.0,0.0,0.0,0.0,0.0,90.75,11.0,247.06,275.66,131.67,33.99,756.14
77.9745,106.48,23.32,0.0,0.0,0.0,0.0,0.0,0.0,0.0,0.0,0.0,71.94,8.25,238.7,278.52,133.87,129.8,731.28
77.9845,267.41,74.14,26.62,3.41,0.0,0.0,0.0,0.0,0.0,0.0,0.0,53.68,5.5,224.73,275.66,138.38,371.58,697.95
77.9945,264.88,102.74,45.98,22.33,0.0,3.85,0.0,0.0,0.0,0.0,0.0,36.74,0.0,203.06,275.66,142.89,439.78,658.35
78.0045,251.9,138.93,62.81,36.19,0.0,13.64,0.0,3.52,0.0,0.0,0.0,22.55,0.0,168.19,269.94,145.09,506.99,605.77
78.0145,249.26,157.74,74.58,49.94,0.0,29.26,2.97,8.8,0.0,0.0,0.0,16.94,0.0,113.63,261.47,145.09,572.55,537.13
78.0245,244.09,168.3,79.31,58.63,0.0,46.86,9.13,14.08,0.0,0.0,0.0,14.08,5.5,67.54,236.06,136.18,620.4,459.36
78.0345,236.28,175.12,79.31,69.63,0.0,60.83,18.26,17.6,0.0,0.0,0.0,14.08,5.5,40.37,183.15,122.76,657.03,365.86
78.0445,236.28,186.45,86.35,78.43,6.27,76.56,35.09,22.88,0.0,0.0,0.0,11.22,5.5,28.49,121.77,104.06,728.31,271.04
78.0545,238.92,195.58,93.5,85.03,10.56,92.18,47.3,26.4,0.0,0.0,0.0,8.47,5.5,26.07,80.3,84.48,789.47,204.82
78.0645,241.45,197.78,100.54,91.74,16.94,101.2,60.06,30.03,0.0,0.0,0.0,8.47,5.5,21.34,53.9,62.37,839.74,151.58
78.0745,249.26,202.4,112.42,96.14,21.12,112.42,74.58,35.31,0.0,0.0,0.0,0.0,0.0,16.61,41.03,40.26,903.65,97.9
78.0845,249.26,200.09,117.37,98.34,25.41,120.78,87.23,38.83,0.0,0.0,0.0,0.0,0.0,11.88,28.27,19.03,937.31,59.18
78.0945,244.09,195.58,117.37,104.94,29.59,127.16,96.36,42.35,0.0,0.0,0.0,0.0,0.0,9.46,20.46,6.27,957.44,36.19
78.1045,233.75,188.76,114.84,109.34,31.68,133.54,103.62,44.11,0.0,0.0,0.0,0.0,0.0,7.04,15.4,4.18,959.64,26.62
78.1145,220.88,179.63,110.0,113.85,33.88,139.92,112.64,45.87,0.0,0.0,0.0,0.0,0.0,4.73,12.76,4.18,956.67,21.67
78.1245,208.78,166.1,105.27,118.25,35.97,146.19,120.45,49.39,0.0,0.0,0.0,0.0,0.0,4.73,12.76,0.0,950.4,17.49
78.1345,191.73,151.47,98.23,122.76,35.97,152.57,126.5,51.15,0.0,0.0,0.0,0.0,0.0,4.73,10.23,0.0,930.38,14.96
78.1445,174.79,136.84,91.08,122.76,38.06,156.86,134.64,52.91,0.0,0.0,0.0,0.0,0.0,4.73,10.23,0.0,907.94,14.96
78.1545,160.05,124.3,84.04,124.96,40.15,158.95,142.67,56.54,0.0,0.0,0.0,0.0,0.0,0.0,10.23,0.0,891.66,10.23
78.1645,147.84,111.54,77.0,124.96,40.15,163.13,148.72,56.54,0.0,0.0,0.0,0.0,0.0,0.0,7.7,0.0,869.88,7.7
78.1745,133.1,98.34,69.85,127.27,42.35,165.33,152.79,58.52,0.0,0.0,0.0,0.0,0.0,0.0,7.7,0.0,847.55,7.7
78.1845,113.41,85.14,60.39,127.27,42.35,167.53,156.75,60.5,0.0,0.0,0.0,0.0,0.0,0.0,5.06,0.0,813.34,5.06
78.1945,97.68,71.94,50.82,127.27,42.35,167.53,160.82,60.5,0.0,0.0,0.0,0.0,0.0,0.0,5.06,0.0,778.91,5.06
78.2045,84.48,60.94,43.56,124.96,42.35,169.73,162.8,60.5,0.0,0.0,0.0,0.0,0.0,0.0,5.06,0.0,749.32,5.06
78.2145,68.97,50.6,36.3,124.96,40.15,171.93,162.8,62.59,0.0,0.0,0.0,0.0,0.0,0.0,0.0,0.0,718.3,0.0
78.2245,57.97,42.79,26.62,124.96,40.15,171.93,162.8,62.59,0.0,0.0,0.0,0.0,0.0,0.0,0.0,0.0,689.81,0.0
78.2345,44.11,35.09,21.78,124.96,38.06,174.13,162.8,62.59,0.0,0.0,0.0,0.0,0.0,0.0,0.0,0.0,663.52,0.0
78.2445,32.45,29.15,16.94,124.96,38.06,174.13,164.89,62.59,0.0,0.0,0.0,0.0,0.0,0.0,0.0,0.0,643.17,0.0
78.2545,23.21,21.34,12.1,122.76,38.06,176.33,164.89,62.59,0.0,0.0,0.0,0.0,0.0,0.0,0.0,0.0,621.28,0.0
78.2645,16.17,17.49,9.68,120.56,35.97,176.33,166.87,62.59,0.0,0.0,0.0,0.0,0.0,0.0,0.0,0.0,605.66,0.0
78.2745,13.86,11.66,7.26,118.25,35.97,176.33,170.94,60.5,0.0,0.0,0.0,0.0,0.0,0.0,0.0,0.0,594.77,0.0
78.2845,11.55,9.68,7.26,113.85,33.88,176.33,175.12,62.59,0.0,0.0,0.0,0.0,0.0,0.0,0.0,0.0,590.26,0.0
78.2945,9.24,7.7,4.84,111.54,33.88,178.53,179.3,62.59,0.0,0.0,0.0,0.0,0.0,0.0,0.0,0.0,587.62,0.0
78.3045,6.93,7.7,4.84,107.14,33.88,178.53,183.37,62.59,0.0,0.0,0.0,0.0,0.0,0.0,0.0,0.0,584.98,0.0
78.3145,6.93,5.83,4.84,104.94,31.68,180.73,189.64,64.57,0.0,0.0,0.0,0.0,0.0,0.0,0.0,0.0,589.16,0.0
78.3245,4.62,5.83,0.0,100.54,31.68,182.93,197.89,66.55,0.0,0.0,0.0,0.0,0.0,0.0,0.0,0.0,590.04,0.0
78.3345,4.62,5.83,0.0,96.14,31.68,185.13,204.05,68.64,0.0,0.0,0.0,0.0,0.0,0.0,0.0,0.0,596.09,0.0
78.3445,4.62,3.85,0.0,91.74,29.59,187.33,212.41,70.62,0.0,0.0,0.0,0.0,0.0,0.0,0.0,0.0,600.16,0.0
78.3545,0.0,3.85,0.0,87.34,29.59,189.53,220.66,72.6,0.0,0.0,0.0,0.0,0.0,0.0,0.0,0.0,603.57,0.0
78.3645,0.0,3.85,0.0,82.83,29.59,191.73,229.24,76.67,0.0,0.0,0.0,0.0,0.0,0.0,0.0,0.0,613.91,0.0
78.3745,0.0,3.85,0.0,78.43,27.5,191.73,238.04,78.65,0.0,0.0,0.0,0.0,0.0,0.0,0.0,0.0,618.2,0.0
78.3845,0.0,0.0,0.0,71.83,25.41,191.73,244.64,82.72,0.0,0.0,0.0,0.0,0.0,0.0,0.0,0.0,616.33,0.0
78.3945,0.0,0.0,0.0,65.23,25.41,191.73,251.35,86.79,0.0,0.0,0.0,0.0,0.0,0.0,0.0,0.0,620.51,0.0
78.4045,0.0,0.0,0.0,56.87,23.21,189.53,257.95,90.86,0.0,0.0,0.0,0.0,0.0,0.0,0.0,0.0,618.42,0.0
78.4145,0.0,0.0,0.0,51.7,19.03,187.33,260.15,94.82,0.0,0.0,0.0,0.0,0.0,0.0,0.0,0.0,613.03,0.0
78.4245,0.0,0.0,0.0,44.77,16.94,182.93,262.35,96.91,0.0,0.0,0.0,0.0,0.0,0.0,0.0,0.0,603.9,0.0
78.4345,0.0,0.0,0.0,37.84,12.65,178.53,260.15,100.87,10.45,0.0,0.0,0.0,0.0,0.0,0.0,0.0,590.04,10.45
78.4445,0.0,0.0,0.0,31.02,10.56,171.93,257.95,104.94,61.71,11.66,0.0,0.0,0.0,0.0,0.0,0.0,576.4,73.37
78.4545,0.0,0.0,0.0,24.09,8.47,163.13,255.75,109.01,275.77,51.59,16.72,5.61,0.0,0.0,7.7,0.0,560.45,357.39
78.4645,0.0,0.0,0.0,18.92,6.27,144.1,249.04,110.99,251.13,77.55,35.86,39.6,0.0,0.0,12.76,0.0,529.32,416.9
78.4745,0.0,0.0,0.0,13.75,6.27,118.69,240.24,110.99,246.18,113.08,52.69,81.29,0.0,21.34,15.4,4.18,489.94,534.16
78.4845,0.0,0.0,0.0,13.75,6.27,85.47,218.57,106.92,243.76,130.57,63.25,109.56,0.0,59.4,23.1,10.56,430.98,640.2
78.4945,0.0,0.0,0.0,11.99,6.27,50.71,183.37,96.91,236.28,140.58,66.0,125.4,5.5,75.68,33.33,14.74,349.25,697.51
78.5045,0.0,0.0,0.0,10.34,6.27,35.09,128.59,84.81,217.03,140.58,66.0,137.94,8.25,91.96,46.2,19.03,265.1,726.99
78.5145,0.0,0.0,0.0,6.82,6.27,25.3,70.95,70.62,212.41,148.06,71.39,150.59,8.25,108.24,59.51,23.21,179.96,781.66
78.5245,0.0,0.0,0.0,5.17,4.18,19.47,42.68,51.15,214.72,153.12,76.89,160.05,11.0,121.88,68.42,27.5,122.65,833.58
78.5345,0.0,0.0,0.0,0.0,0.0,15.62,33.55,35.31,221.65,158.07,85.03,169.62,13.75,135.41,83.27,31.79,84.48,898.59
78.5445,0.0,0.0,0.0,0.0,0.0,11.66,35.09,22.88,228.91,163.13,93.28,176.0,16.5,149.05,98.23,35.97,69.63,961.07
78.5545,0.0,0.0,0.0,0.0,0.0,7.81,21.34,15.84,228.91,160.6,98.67,182.38,16.5,157.19,107.14,40.26,44.99,991.65
78.5645,0.0,0.0,0.0,0.0,0.0,7.81,15.18,8.8,221.65,158.07,98.67,188.76,19.25,165.44,113.08,44.44,31.79,1009.36
78.5745,0.0,0.0,0.0,0.0,0.0,5.83,10.67,3.52,207.79,153.12,96.03,198.44,19.25,176.22,118.91,48.73,20.02,1018.49
78.5845,0.0,0.0,0.0,0.0,0.0,3.85,9.13,3.52,193.82,145.64,90.53,208.01,19.25,187.0,121.77,50.82,16.5,1016.84
78.5945,0.0,0.0,0.0,0.0,0.0,3.85,9.13,3.52,177.65,135.52,85.03,217.58,22.0,195.03,130.46,57.53,16.5,1020.8
78.6045,0.0,0.0,0.0,0.0,0.0,0.0,7.59,3.52,161.81,125.51,82.39,220.77,22.0,203.06,136.29,62.37,11.11,1014.2
78.6145,0.0,0.0,0.0,0.0,0.0,0.0,6.05,0.0,142.78,113.08,74.14,226.93,22.0,211.2,142.12,67.32,6.05,999.57
78.6245,0.0,0.0,0.0,0.0,0.0,0.0,4.51,0.0,125.84,101.2,68.75,229.79,24.75,216.59,147.84,72.16,4.51,986.92
78.6345,0.0,0.0,0.0,0.0,0.0,0.0,2.97,0.0,109.45,89.32,60.5,232.76,24.75,221.98,153.67,74.69,2.97,967.12
78.6445,0.0,0.0,0.0,0.0,0.0,0.0,0.0,0.0,94.16,79.86,52.69,235.62,24.75,227.48,156.53,77.11,0.0,948.2
78.6545,0.0,0.0,0.0,0.0,0.0,0.0,0.0,0.0,80.85,68.09,47.85,238.59,27.5,230.34,162.36,81.95,0.0,937.53
78.6645,0.0,0.0,0.0,0.0,0.0,0.0,0.0,0.0,65.56,58.63,40.7,238.59,27.5,235.95,165.33,81.95,0.0,914.21
78.6745,0.0,0.0,0.0,0.0,0.0,0.0,0.0,0.0,54.45,51.59,35.86,238.59,27.5,238.7,168.3,84.48,0.0,899.47
78.6845,0.0,0.0,0.0,0.0,0.0,0.0,0.0,0.0,45.65,44.55,28.71,235.62,27.5,241.45,171.27,86.9,0.0,881.65
78.6945,0.0,0.0,0.0,0.0,0.0,0.0,0.0,0.0,36.85,37.51,23.87,235.62,24.75,244.31,171.27,89.32,0.0,863.5
78.7045,0.0,0.0,0.0,0.0,0.0,0.0,0.0,0.0,26.29,30.47,16.72,229.79,24.75,247.06,174.24,89.32,0.0,838.64
78.7145,0.0,0.0,0.0,0.0,0.0,0.0,0.0,0.0,19.25,23.43,11.88,226.93,24.75,247.06,174.24,89.32,0.0,816.86
78.7245,0.0,0.0,0.0,0.0,0.0,0.0,0.0,0.0,13.97,16.39,9.57,220.77,22.0,247.06,174.24,91.74,0.0,795.74
78.7345,0.0,0.0,0.0,0.0,0.0,0.0,0.0,0.0,10.45,11.66,9.57,214.39,22.0,247.06,177.21,91.74,0.0,784.08
78.7445,0.0,0.0,0.0,0.0,0.0,0.0,0.0,0.0,8.69,9.35,7.15,208.01,19.25,244.31,177.21,91.74,0.0,765.71
78.7545,0.0,0.0,0.0,0.0,0.0,0.0,0.0,0.0,8.69,6.93,4.73,201.63,19.25,247.06,180.18,91.74,0.0,760.21
78.7645,0.0,0.0,0.0,0.0,0.0,0.0,0.0,0.0,6.93,6.93,4.73,195.14,19.25,247.06,180.18,94.27,0.0,754.49
78.7745,0.0,0.0,0.0,0.0,0.0,0.0,0.0,0.0,6.93,6.93,4.73,185.57,16.5,249.92,183.15,96.69,0.0,750.42
78.7845,0.0,0.0,0.0,0.0,0.0,0.0,0.0,0.0,5.17,4.62,0.0,179.19,16.5,249.92,186.12,99.11,0.0,740.63
78.7945,0.0,0.0,0.0,0.0,0.0,0.0,0.0,0.0,5.17,4.62,0.0,172.81,16.5,252.67,192.06,101.53,0.0,745.36
78.8045,0.0,0.0,0.0,0.0,0.0,0.0,0.0,0.0,5.17,4.62,0.0,166.43,13.75,255.42,195.14,104.06,0.0,744.59
78.8145,0.0,0.0,0.0,0.0,0.0,0.0,0.0,0.0,5.17,4.62,0.0,160.05,13.75,255.42,201.08,106.48,0.0,746.57
78.8245,0.0,0.0,0.0,0.0,0.0,0.0,0.0,0.0,3.41,4.62,0.0,153.78,13.75,258.28,207.02,111.32,0.0,752.18
78.8345,0.0,0.0,0.0,0.0,0.0,0.0,0.0,0.0,3.41,0.0,0.0,144.32,11.0,261.03,215.93,113.85,0.0,749.54
78.8445,0.0,0.0,0.0,0.0,0.0,0.0,0.0,0.0,3.41,0.0,0.0,134.86,11.0,261.03,224.73,118.25,0.0,753.28
78.8545,0.0,0.0,0.0,0.0,0.0,0.0,0.0,0.0,3.41,0.0,0.0,125.4,11.0,261.03,233.2,124.96,0.0,759.0
78.8645,0.0,0.0,0.0,0.0,0.0,0.0,0.0,0.0,0.0,0.0,0.0,109.56,8.25,261.03,241.67,129.47,0.0,749.98
78.8745,0.0,0.0,0.0,0.0,0.0,0.0,0.0,0.0,0.0,0.0,0.0,97.02,8.25,258.28,244.53,136.18,0.0,744.26
78.8845,6.93,0.0,0.0,0.0,0.0,0.0,0.0,0.0,0.0,0.0,0.0,84.48,5.5,255.42,250.14,140.58,6.93,736.12
78.8945,25.52,5.83,0.0,0.0,0.0,0.0,0.0,0.0,0.0,0.0,0.0,71.94,5.5,247.06,253.0,147.29,31.35,724.79
78.9045,130.57,35.09,0.0,0.0,0.0,0.0,0.0,0.0,0.0,0.0,0.0,56.54,5.5,235.95,253.0,151.8,165.66,702.79
78.9145,282.92,87.34,31.46,8.58,0.0,0.0,0.0,0.0,0.0,0.0,0.0,42.35,0.0,219.23,253.0,156.31,410.3,670.89
78.9245,262.24,120.12,53.24,29.26,0.0,9.68,0.0,0.0,0.0,0.0,0.0,28.27,5.5,189.64,253.0,158.51,474.54,634.92
78.9345,257.07,153.56,72.27,48.18,0.0,23.43,0.0,7.04,0.0,0.0,0.0,22.55,8.25,140.91,241.67,156.31,561.55,569.69
78.9445,259.6,170.61,81.73,56.87,0.0,42.9,4.51,12.32,0.0,0.0,0.0,19.8,8.25,86.46,218.9,147.29,628.54,480.7
78.9545,257.07,184.25,84.04,69.63,0.0,56.65,13.75,17.6,0.0,0.0,0.0,16.94,8.25,54.56,174.24,131.67,682.99,385.66
78.9645,249.26,190.96,88.77,80.63,4.18,76.56,28.93,21.12,0.0,0.0,0.0,14.08,11.0,40.37,113.08,113.85,740.41,292.38
78.9745,249.26,202.4,95.81,93.94,10.56,94.49,45.76,28.27,0.0,0.0,0.0,11.22,8.25,30.8,74.36,94.27,820.49,218.9
78.9845,246.73,202.4,100.54,102.74,14.74,107.91,58.3,31.79,0.0,0.0,0.0,8.47,8.25,23.65,53.9,64.9,865.15,159.17
78.9945,244.09,202.4,107.69,109.34,21.12,122.98,76.45,38.83,0.0,0.0,0.0,5.61,5.5,16.61,38.5,38.06,922.9,104.28
79.0045,241.45,197.78,112.42,118.25,25.41,133.54,90.86,45.87,0.0,0.0,0.0,0.0,0.0,14.19,30.8,14.74,965.58,59.73
79.0145,233.75,188.76,112.42,124.96,29.59,144.1,103.62,51.15,0.0,0.0,0.0,0.0,0.0,11.88,23.1,8.47,988.35,43.45
79.0245,216.04,177.43,105.27,133.98,33.88,152.57,114.51,56.54,0.0,0.0,0.0,0.0,0.0,7.04,20.46,6.27,990.22,33.77
79.0345,201.52,161.92,100.54,140.69,33.88,161.04,122.54,58.52,0.0,0.0,0.0,0.0,0.0,7.04,17.93,6.27,980.65,31.24
79.0445,182.05,147.29,91.08,147.4,35.97,167.53,130.57,62.59,0.0,0.0,0.0,0.0,0.0,7.04,15.4,4.18,964.48,26.62
79.0545,162.58,130.57,81.73,154.11,38.06,174.13,138.6,64.57,0.0,0.0,0.0,0.0,0.0,4.73,12.76,0.0,944.35,17.49
79.0645,142.89,115.94,72.27,156.31,40.15,178.53,144.65,68.64,0.0,0.0,0.0,0.0,0.0,4.73,12.76,0.0,919.38,17.49
79.0745,125.73,100.54,65.12,158.51,40.15,182.93,150.7,70.62,0.0,0.0,0.0,0.0,0.0,4.73,10.23,0.0,894.3,14.96
79.0845,110.99,87.34,58.08,160.82,40.15,187.33,154.77,70.62,0.0,0.0,0.0,0.0,0.0,0.0,10.23,0.0,870.1,10.23
79.0945,95.48,76.34,48.4,160.82,42.35,189.53,158.84,72.6,0.0,0.0,0.0,0.0,0.0,0.0,10.23,0.0,844.36,10.23
79.1045,82.17,63.14,41.14,163.02,42.35,189.53,160.82,72.6,0.0,0.0,0.0,0.0,0.0,0.0,10.23,0.0,814.77,10.23
79.1145,68.97,52.58,33.88,160.82,40.15,189.53,162.8,72.6,0.0,0.0,0.0,0.0,0.0,0.0,7.7,0.0,781.33,7.7
79.1245,57.97,44.77,26.62,156.31,40.15,189.53,162.8,74.69,0.0,0.0,0.0,0.0,0.0,0.0,5.06,0.0,752.84,5.06
79.1345,41.8,36.96,19.36,151.8,38.06,189.53,164.89,72.6,0.0,0.0,0.0,0.0,0.0,0.0,5.06,0.0,715.0,5.06
79.1445,30.14,29.15,14.52,147.4,35.97,187.33,164.89,72.6,0.0,0.0,0.0,0.0,0.0,0.0,0.0,0.0,682.0,0.0
79.1545,20.9,21.34,12.1,140.69,35.97,187.33,164.89,70.62,0.0,0.0,0.0,0.0,0.0,0.0,0.0,0.0,653.84,0.0
79.1645,16.17,17.49,9.68,131.67,33.88,182.93,166.87,70.62,0.0,0.0,0.0,0.0,0.0,0.0,0.0,0.0,629.31,0.0
79.1745,11.55,13.64,7.26,124.96,31.68,180.73,166.87,68.64,0.0,0.0,0.0,0.0,0.0,0.0,0.0,0.0,605.33,0.0
79.1845,11.55,9.68,4.84,118.25,31.68,178.53,166.87,68.64,0.0,0.0,0.0,0.0,0.0,0.0,0.0,0.0,590.04,0.0
79.1945,9.24,7.7,4.84,113.85,29.59,178.53,166.87,68.64,0.0,0.0,0.0,0.0,0.0,0.0,0.0,0.0,579.26,0.0
79.2045,6.93,7.7,0.0,104.94,29.59,176.33,168.96,66.55,0.0,0.0,0.0,0.0,0.0,0.0,0.0,0.0,561.0,0.0
79.2145,6.93,5.83,0.0,100.54,27.5,174.13,170.94,66.55,0.0,0.0,0.0,0.0,0.0,0.0,0.0,0.0,552.42,0.0
79.2245,4.62,5.83,0.0,96.14,27.5,176.33,173.03,68.64,0.0,0.0,0.0,0.0,0.0,0.0,0.0,0.0,552.09,0.0
79.2345,4.62,3.85,0.0,89.54,25.41,176.33,179.3,68.64,0.0,0.0,0.0,0.0,0.0,0.0,0.0,0.0,547.69,0.0
79.2445,4.62,3.85,0.0,87.34,25.41,178.53,183.37,70.62,0.0,0.0,0.0,0.0,0.0,0.0,0.0,0.0,553.74,0.0
79.2545,0.0,3.85,0.0,82.83,25.41,178.53,189.64,72.6,0.0,0.0,0.0,0.0,0.0,0.0,0.0,0.0,552.86,0.0
79.2645,0.0,3.85,0.0,80.63,25.41,180.73,197.89,72.6,0.0,0.0,0.0,0.0,0.0,0.0,0.0,0.0,561.11,0.0
79.2745,0.0,3.85,0.0,76.23,25.41,182.93,206.14,76.67,0.0,0.0,0.0,0.0,0.0,0.0,0.0,0.0,571.23,0.0
79.2845,0.0,3.85,0.0,74.03,25.41,185.13,214.39,78.65,0.0,0.0,0.0,0.0,0.0,0.0,0.0,0.0,581.46,0.0
79.2944,0.0,0.0,0.0,69.63,23.21,185.13,222.75,80.74,0.0,0.0,0.0,0.0,0.0,0.0,0.0,0.0,581.46,0.0
79.3044,0.0,0.0,0.0,65.23,23.21,187.33,231.44,84.81,0.0,0.0,0.0,0.0,0.0,0.0,0.0,0.0,592.02,0.0
79.3144,0.0,0.0,0.0,60.83,21.12,187.33,238.04,86.79,0.0,0.0,0.0,0.0,0.0,0.0,0.0,0.0,594.11,0.0
79.3244,0.0,0.0,0.0,55.11,19.03,187.33,244.64,90.86,0.0,0.0,0.0,0.0,0.0,0.0,0.0,0.0,596.97,0.0
79.3344,0.0,0.0,0.0,49.94,16.94,185.13,251.35,94.82,0.0,0.0,0.0,0.0,0.0,0.0,0.0,0.0,598.18,0.0
79.3444,0.0,0.0,0.0,43.01,14.74,180.73,253.55,98.89,3.41,0.0,0.0,0.0,0.0,0.0,0.0,0.0,590.92,3.41
79.3544,0.0,0.0,0.0,36.19,12.65,176.33,255.75,100.87,22.77,4.62,0.0,0.0,0.0,0.0,0.0,0.0,581.79,27.39
79.3644,0.0,0.0,0.0,31.02,10.56,167.53,255.75,104.94,151.25,39.82,7.15,0.0,0.0,0.0,0.0,0.0,569.8,198.22
79.3744,0.0,0.0,0.0,22.33,8.47,154.66,253.55,109.01,265.87,75.13,26.29,16.94,0.0,0.0,10.23,0.0,548.02,394.46
79.3844,0.0,0.0,0.0,17.16,6.27,133.54,249.04,110.99,243.76,120.56,45.43,71.94,0.0,9.46,15.4,0.0,517.0,506.55
79.3944,0.0,0.0,0.0,15.51,6.27,103.4,238.04,109.01,243.76,148.06,60.5,112.75,0.0,47.52,20.46,6.27,472.23,639.32
79.4044,0.0,0.0,0.0,13.75,6.27,65.34,212.41,102.96,243.76,160.6,66.0,131.67,0.0,70.18,25.63,12.65,400.73,710.49
79.4144,0.0,0.0,0.0,10.34,6.27,39.05,164.89,90.86,226.49,160.6,63.25,137.94,5.5,78.32,30.8,14.74,311.41,717.64
79.4244,0.0,0.0,0.0,8.58,8.47,27.28,99.99,76.67,219.34,165.66,66.0,150.59,8.25,91.96,43.67,19.03,220.99,764.5
79.4344,0.0,0.0,0.0,6.82,4.18,21.45,51.92,56.54,221.65,175.45,71.39,160.05,8.25,105.49,51.37,21.12,140.91,814.77
79.4444,0.0,0.0,0.0,3.41,0.0,17.49,36.63,38.83,231.44,182.71,79.64,166.43,11.0,113.63,59.51,25.41,96.36,869.77
79.4544,0.0,0.0,0.0,0.0,0.0,13.64,28.93,24.64,243.76,192.39,87.78,176.0,13.75,124.52,71.39,29.59,67.21,939.18
79.4644,0.0,0.0,0.0,0.0,0.0,9.68,21.34,17.6,248.6,194.81,93.28,182.38,13.75,132.77,80.3,31.79,48.62,977.68
79.4744,0.0,0.0,0.0,0.0,0.0,7.81,15.18,8.8,246.18,194.81,96.03,191.95,16.5,140.91,89.32,33.88,31.79,1009.58
79.4844,0.0,0.0,0.0,0.0,0.0,5.83,10.67,3.52,236.28,192.39,96.03,201.63,19.25,151.8,95.26,35.97,20.02,1028.61
79.4944,0.0,0.0,0.0,0.0,0.0,3.85,10.67,5.28,219.34,185.13,93.28,214.39,19.25,159.94,101.2,38.06,19.8,1030.59
79.5044,0.0,0.0,0.0,0.0,0.0,3.85,9.13,3.52,203.17,175.45,87.78,226.93,19.25,170.83,107.14,40.26,16.5,1030.81
79.5144,0.0,0.0,0.0,0.0,0.0,3.85,7.59,3.52,186.89,165.66,85.03,235.62,22.0,181.61,113.08,44.44,14.96,1034.33
79.5244,0.0,0.0,0.0,0.0,0.0,3.85,6.05,3.52,170.72,155.65,79.64,241.45,22.0,189.64,118.91,46.53,13.42,1024.54
79.5344,0.0,0.0,0.0,0.0,0.0,0.0,4.51,0.0,155.43,143.11,74.14,250.14,24.75,197.67,124.63,48.73,4.51,1018.6
79.5444,0.0,0.0,0.0,0.0,0.0,0.0,2.97,0.0,140.69,130.57,68.75,255.97,24.75,203.06,127.6,52.91,2.97,1004.3
79.5544,0.0,0.0,0.0,0.0,0.0,0.0,2.97,0.0,123.75,118.03,63.25,258.94,24.75,208.45,133.32,55.11,2.97,985.6
79.5644,0.0,0.0,0.0,0.0,0.0,0.0,0.0,0.0,109.45,108.24,57.75,261.8,24.75,211.2,136.29,57.53,0.0,967.01
79.5744,0.0,0.0,0.0,0.0,0.0,0.0,0.0,0.0,98.01,96.47,52.69,264.77,24.75,216.59,139.15,59.95,0.0,952.38
79.5844,0.0,0.0,0.0,0.0,0.0,0.0,0.0,0.0,84.7,87.01,47.85,264.77,24.75,219.23,142.12,62.37,0.0,932.8
79.5944,0.0,0.0,0.0,0.0,0.0,0.0,0.0,0.0,73.15,77.55,43.12,264.77,27.5,221.98,142.12,62.37,0.0,912.56
79.6044,0.0,0.0,0.0,0.0,0.0,0.0,0.0,0.0,61.71,68.09,38.28,264.77,24.75,224.73,144.98,64.9,0.0,892.21
79.6144,0.0,0.0,0.0,0.0,0.0,0.0,0.0,0.0,52.69,60.94,33.44,264.77,24.75,227.48,147.84,67.32,0.0,879.23
79.6244,0.0,0.0,0.0,0.0,0.0,0.0,0.0,0.0,45.65,53.9,28.71,261.8,24.75,230.34,147.84,67.32,0.0,860.31
79.6344,0.0,0.0,0.0,0.0,0.0,0.0,0.0,0.0,38.61,49.17,26.29,261.8,24.75,230.34,150.81,69.74,0.0,851.51
79.6444,0.0,0.0,0.0,0.0,0.0,0.0,0.0,0.0,31.57,42.13,21.56,258.94,24.75,233.09,153.67,72.16,0.0,837.87
79.6544,0.0,0.0,0.0,0.0,0.0,0.0,0.0,0.0,26.29,39.82,16.72,255.97,24.75,235.95,156.53,72.16,0.0,828.19
79.6644,0.0,0.0,0.0,0.0,0.0,0.0,0.0,0.0,22.77,32.78,14.3,253.11,24.75,235.95,159.5,74.69,0.0,817.85
79.6744,0.0,0.0,0.0,0.0,0.0,0.0,0.0,0.0,17.49,28.05,11.88,250.14,24.75,238.7,162.36,74.69,0.0,808.06
79.6844,0.0,0.0,0.0,0.0,0.0,0.0,0.0,0.0,13.97,21.01,9.57,247.28,22.0,238.7,165.33,77.11,0.0,794.97
79.6944,0.0,0.0,0.0,0.0,0.0,0.0,0.0,0.0,12.21,16.39,9.57,241.45,24.75,238.7,171.27,77.11,0.0,791.45
79.7044,0.0,0.0,0.0,0.0,0.0,0.0,0.0,0.0,10.45,13.97,9.57,238.59,24.75,241.45,174.24,79.53,0.0,792.55
79.7144,0.0,0.0,0.0,0.0,0.0,0.0,0.0,0.0,10.45,11.66,7.15,235.62,24.75,244.31,180.18,81.95,0.0,796.07
79.7244,0.0,0.0,0.0,0.0,0.0,0.0,0.0,0.0,8.69,9.35,7.15,229.79,24.75,247.06,186.12,84.48,0.0,797.39
79.7344,0.0,0.0,0.0,0.0,0.0,0.0,0.0,0.0,8.69,9.35,4.73,224.07,24.75,249.92,195.14,86.9,0.0,803.55
79.7444,0.0,0.0,0.0,0.0,0.0,0.0,0.0,0.0,6.93,6.93,4.73,217.58,24.75,255.42,207.02,91.74,0.0,815.1
79.7544,0.0,0.0,0.0,0.0,0.0,0.0,0.0,0.0,6.93,6.93,4.73,211.2,24.75,258.28,215.93,96.69,0.0,825.44
79.7644,0.0,0.0,0.0,0.0,0.0,0.0,0.0,0.0,5.17,6.93,0.0,201.63,22.0,261.03,227.59,99.11,0.0,823.46
79.7744,0.0,0.0,0.0,0.0,0.0,0.0,0.0,0.0,5.17,4.62,0.0,188.76,22.0,263.89,238.92,104.06,0.0,827.42
79.7844,0.0,0.0,0.0,0.0,0.0,0.0,0.0,0.0,5.17,4.62,0.0,176.0,22.0,263.89,244.53,106.48,0.0,822.69
79.7944,0.0,0.0,0.0,0.0,0.0,0.0,0.0,0.0,3.41,4.62,0.0,160.05,19.25,263.89,253.0,111.32,0.0,815.54
79.8044,0.0,0.0,0.0,0.0,0.0,0.0,0.0,0.0,3.41,0.0,0.0,147.51,16.5,263.89,255.86,113.85,0.0,801.02
79.8144,6.93,0.0,0.0,0.0,0.0,0.0,0.0,0.0,3.41,0.0,0.0,128.48,13.75,261.03,258.72,120.45,6.93,785.84
79.8244,34.76,3.85,0.0,0.0,0.0,0.0,0.0,0.0,0.0,0.0,0.0,109.56,11.0,258.28,258.72,124.96,38.61,762.52
79.8344,162.58,33.11,0.0,0.0,0.0,0.0,0.0,0.0,0.0,0.0,0.0,90.75,8.25,249.92,261.47,131.67,195.69,742.06
79.8444,262.24,71.94,26.62,5.17,0.0,0.0,0.0,0.0,0.0,0.0,0.0,68.75,5.5,235.95,261.47,138.38,365.97,710.05
79.8544,244.09,100.54,43.56,22.33,0.0,3.85,0.0,0.0,0.0,0.0,0.0,45.21,5.5,208.45,261.47,142.89,414.37,663.52
79.8644,244.09,138.93,60.39,32.67,0.0,11.66,0.0,3.52,0.0,0.0,0.0,28.27,5.5,170.83,258.72,147.29,491.26,610.61
79.8744,246.73,157.74,67.54,48.18,0.0,19.47,0.0,5.28,0.0,0.0,0.0,22.55,5.5,113.63,244.53,145.09,544.94,531.3
79.8844,249.26,175.12,69.85,58.63,0.0,33.22,0.0,7.04,0.0,0.0,0.0,16.94,8.25,64.79,212.96,136.18,593.12,439.12
79.8944,244.09,181.94,74.58,71.83,0.0,50.71,4.51,12.32,0.0,0.0,0.0,14.08,8.25,40.37,162.36,120.45,639.98,345.51
79.9044,246.73,197.78,81.73,82.83,0.0,67.54,12.21,17.6,0.0,0.0,0.0,11.22,8.25,30.8,98.23,101.53,706.42,250.03
79.9144,254.43,209.11,88.77,93.94,0.0,78.76,21.34,21.12,0.0,0.0,0.0,11.22,8.25,26.07,62.48,81.95,767.47,189.97
79.9244,262.24,215.93,95.81,100.54,6.27,92.18,35.09,24.64,0.0,0.0,0.0,8.47,5.5,18.92,43.67,52.91,832.7,129.47
79.9344,267.41,220.55,102.96,109.34,10.56,103.4,45.76,28.27,0.0,0.0,0.0,5.61,0.0,14.19,33.33,29.59,888.25,82.72
79.9444,267.41,220.55,107.69,116.05,14.74,112.42,55.0,30.03,0.0,0.0,0.0,0.0,0.0,11.88,23.1,10.56,923.89,45.54
79.9544,259.6,215.93,107.69,122.76,16.94,118.69,61.93,31.79,0.0,0.0,0.0,0.0,0.0,9.46,17.93,6.27,935.33,33.66
79.9644,249.26,209.11,102.96,129.47,19.03,125.07,67.32,33.55,0.0,0.0,0.0,0.0,0.0,7.04,17.93,6.27,935.77,31.24
79.9744,233.75,197.78,98.23,136.18,21.12,133.54,72.82,35.31,0.0,0.0,0.0,0.0,0.0,7.04,15.4,4.18,928.73,26.62
79.9844,218.46,184.25,93.5,142.89,23.21,137.72,78.21,37.07,0.0,0.0,0.0,0.0,0.0,4.73,12.76,4.18,915.31,21.67
79.9944,203.94,170.61,88.77,149.6,25.41,144.1,81.84,38.83,0.0,0.0,0.0,0.0,0.0,4.73,12.76,4.18,903.1,21.67
80.0044,189.31,157.74,81.73,154.11,25.41,148.39,85.47,40.59,0.0,0.0,0.0,0.0,0.0,4.73,10.23,0.0,882.75,14.96
80.0144,174.79,145.2,77.0,158.51,27.5,152.57,89.1,42.35,0.0,0.0,0.0,0.0,0.0,0.0,10.23,0.0,867.02,10.23
80.0244,162.58,134.75,72.27,160.82,27.5,154.66,92.73,44.11,0.0,0.0,0.0,0.0,0.0,0.0,10.23,0.0,849.42,10.23
80.0344,150.26,124.3,67.54,165.33,29.59,158.95,96.36,44.11,0.0,0.0,0.0,0.0,0.0,0.0,7.7,0.0,836.44,7.7
80.0444,140.47,113.85,62.81,167.64,29.59,161.04,99.99,45.87,0.0,0.0,0.0,0.0,0.0,0.0,7.7,0.0,821.26,7.7
80.0544,125.73,102.74,55.77,169.95,31.68,163.13,101.75,47.63,0.0,0.0,0.0,0.0,0.0,0.0,7.7,0.0,798.38,7.7
80.0644,113.41,91.74,50.82,174.68,31.68,167.53,103.62,47.63,0.0,0.0,0.0,0.0,0.0,0.0,5.06,0.0,781.11,5.06
80.0744,99.88,80.74,45.98,174.68,31.68,169.73,107.25,49.39,0.0,0.0,0.0,0.0,0.0,0.0,5.06,0.0,759.33,5.06
80.0844,88.88,69.74,38.72,174.68,31.68,171.93,110.88,51.15,0.0,0.0,0.0,0.0,0.0,0.0,0.0,0.0,737.66,0.0
80.0944,77.77,60.94,33.88,174.68,31.68,174.13,112.64,51.15,0.0,0.0,0.0,0.0,0.0,0.0,0.0,0.0,716.87,0.0
80.1044,68.97,54.56,29.04,174.68,31.68,176.33,116.49,52.91,0.0,0.0,0.0,0.0,0.0,0.0,0.0,0.0,704.66,0.0
80.1144,62.37,48.73,26.62,174.68,31.68,178.53,118.47,54.67,0.0,0.0,0.0,0.0,0.0,0.0,0.0,0.0,695.75,0.0
80.1244,51.04,42.79,21.78,174.68,31.68,180.73,122.54,56.54,0.0,0.0,0.0,0.0,0.0,0.0,0.0,0.0,681.78,0.0
80.1344,41.8,36.96,16.94,172.37,31.68,182.93,126.5,56.54,0.0,0.0,0.0,0.0,0.0,0.0,0.0,0.0,665.72,0.0
80.1444,32.45,31.13,14.52,169.95,33.88,182.93,130.57,58.52,0.0,0.0,0.0,0.0,0.0,0.0,0.0,0.0,653.95,0.0
80.1544,25.52,27.28,12.1,167.64,33.88,185.13,136.62,58.52,0.0,0.0,0.0,0.0,0.0,0.0,0.0,0.0,646.69,0.0
80.1644,20.9,23.32,12.1,163.02,33.88,187.33,142.67,60.5,0.0,0.0,0.0,0.0,0.0,0.0,0.0,0.0,643.72,0.0
80.1744,18.59,19.47,9.68,160.82,33.88,187.33,150.7,60.5,0.0,0.0,0.0,0.0,0.0,0.0,0.0,0.0,640.97,0.0
80.1844,13.86,15.51,9.68,158.51,33.88,189.53,156.75,62.59,0.0,0.0,0.0,0.0,0.0,0.0,0.0,0.0,640.31,0.0
80.1944,13.86,13.64,7.26,156.31,35.97,194.04,162.8,64.57,0.0,0.0,0.0,0.0,0.0,0.0,0.0,0.0,648.45,0.0
80.2044,11.55,11.66,7.26,154.11,35.97,196.24,170.94,66.55,0.0,0.0,0.0,0.0,0.0,0.0,0.0,0.0,654.28,0.0
80.2144,9.24,9.68,4.84,151.8,35.97,196.24,179.3,68.64,0.0,0.0,0.0,0.0,0.0,0.0,0.0,0.0,655.71,0.0
80.2244,9.24,7.7,4.84,147.4,35.97,200.64,185.46,68.64,0.0,0.0,0.0,0.0,0.0,0.0,0.0,0.0,659.89,0.0
80.2344,6.93,7.7,4.84,142.89,35.97,200.64,193.71,70.62,0.0,0.0,0.0,0.0,0.0,0.0,0.0,0.0,663.3,0.0
80.2444,4.62,5.83,0.0,136.18,33.88,202.84,199.98,70.62,0.0,0.0,0.0,0.0,0.0,0.0,0.0,0.0,653.95,0.0
80.2544,4.62,5.83,0.0,129.47,33.88,202.84,208.23,74.69,0.0,0.0,0.0,0.0,0.0,0.0,0.0,0.0,659.56,0.0
80.2644,0.0,3.85,0.0,118.25,31.68,202.84,214.39,74.69,0.0,0.0,0.0,0.0,0.0,0.0,0.0,0.0,645.7,0.0
80.2744,0.0,3.85,0.0,107.14,29.59,202.84,220.66,78.65,0.0,0.0,0.0,0.0,0.0,0.0,0.0,0.0,642.73,0.0
80.2844,0.0,3.85,0.0,96.14,27.5,200.64,224.84,80.74,0.0,0.0,0.0,0.0,0.0,0.0,0.0,0.0,633.71,0.0
80.2944,0.0,3.85,0.0,85.03,23.21,200.64,227.04,84.81,6.93,0.0,0.0,0.0,0.0,0.0,0.0,0.0,624.58,6.93
80.3044,0.0,0.0,0.0,74.03,21.12,196.24,227.04,88.77,33.33,6.93,0.0,0.0,0.0,0.0,0.0,0.0,607.2,40.26
80.3144,0.0,0.0,0.0,60.83,16.94,191.73,227.04,90.86,170.72,37.51,4.73,0.0,0.0,0.0,0.0,0.0,587.4,212.96
80.3244,0.0,0.0,0.0,48.18,12.65,182.93,224.84,94.82,205.48,58.63,14.3,8.47,0.0,0.0,7.7,0.0,563.42,294.58
80.3344,0.0,0.0,0.0,36.19,10.56,167.53,220.66,96.91,200.86,94.05,31.13,45.21,0.0,0.0,10.23,0.0,531.85,381.48
80.3444,0.0,0.0,0.0,25.85,6.27,148.39,218.57,98.89,210.1,125.51,43.12,87.56,0.0,16.61,15.4,0.0,497.97,498.3
80.3544,0.0,0.0,0.0,17.16,4.18,122.98,212.41,98.89,217.03,145.64,50.27,112.75,0.0,40.37,17.93,6.27,455.62,590.26
80.3644,0.0,0.0,0.0,15.51,6.27,87.67,195.8,94.82,207.79,150.59,50.27,125.4,0.0,54.56,17.93,6.27,400.07,612.81
80.3744,0.0,0.0,0.0,13.75,6.27,52.69,162.8,88.77,198.55,150.59,50.27,131.67,0.0,70.18,23.1,10.56,324.28,634.92
80.3844,0.0,0.0,0.0,10.34,6.27,35.09,116.49,76.67,196.24,155.65,52.69,141.13,0.0,83.82,30.8,14.74,244.86,675.07
80.3944,0.0,0.0,0.0,8.58,6.27,25.3,67.32,64.57,203.17,165.66,57.75,150.59,5.5,91.96,41.03,19.03,172.04,734.69
80.4044,0.0,0.0,0.0,6.82,0.0,19.47,42.68,49.39,212.41,175.45,63.25,160.05,8.25,100.1,51.37,21.12,118.36,792.0
80.4144,0.0,0.0,0.0,5.17,0.0,15.62,33.55,35.31,221.65,182.71,68.75,172.81,11.0,110.99,59.51,25.41,89.65,852.83
80.4244,0.0,0.0,0.0,3.41,0.0,11.66,25.96,22.88,224.07,187.55,74.14,182.38,13.75,119.13,71.39,27.5,63.91,899.91
80.4344,0.0,0.0,0.0,0.0,0.0,9.68,21.34,15.84,224.07,189.97,76.89,195.14,16.5,130.02,77.33,31.79,46.86,941.71
80.4444,0.0,0.0,0.0,0.0,0.0,7.81,15.18,10.56,217.03,189.97,76.89,208.01,16.5,138.16,83.27,31.79,33.55,961.62
80.4544,0.0,0.0,0.0,0.0,0.0,5.83,10.67,5.28,205.48,187.55,74.14,220.77,16.5,149.05,89.32,33.88,21.78,976.69
80.4644,0.0,0.0,0.0,0.0,0.0,3.85,9.13,3.52,193.82,182.71,71.39,232.76,19.25,157.19,92.29,35.97,16.5,985.38
80.4744,0.0,0.0,0.0,0.0,0.0,3.85,9.13,3.52,184.58,175.45,71.39,247.28,19.25,165.44,98.23,38.06,16.5,999.68
80.4844,0.0,0.0,0.0,0.0,0.0,3.85,4.51,0.0,170.72,168.19,66.0,253.11,22.0,170.83,104.17,40.26,8.36,995.28
80.4944,0.0,0.0,0.0,0.0,0.0,0.0,2.97,0.0,157.63,158.07,63.25,261.8,22.0,178.86,107.14,42.35,2.97,991.1
80.5044,0.0,0.0,0.0,0.0,0.0,0.0,0.0,0.0,144.87,148.06,60.5,267.63,22.0,184.25,110.22,44.44,0.0,981.97
80.5144,0.0,0.0,0.0,0.0,0.0,0.0,0.0,0.0,130.02,135.52,55.11,276.43,22.0,189.64,115.94,44.44,0.0,969.1
80.5244,0.0,0.0,0.0,0.0,0.0,0.0,0.0,0.0,117.37,125.51,50.27,279.51,24.75,195.03,115.94,44.44,0.0,952.82
80.5344,0.0,0.0,0.0,0.0,0.0,0.0,0.0,0.0,103.73,113.08,47.85,285.89,24.75,197.67,118.91,46.53,0.0,938.41
80.5444,0.0,0.0,0.0,0.0,0.0,0.0,0.0,0.0,92.29,103.51,43.12,288.97,24.75,200.42,118.91,46.53,0.0,918.5
80.5544,0.0,0.0,0.0,0.0,0.0,0.0,0.0,0.0,82.72,91.74,38.28,292.16,24.75,203.06,121.77,48.73,0.0,903.21
80.5644,0.0,0.0,0.0,0.0,0.0,0.0,0.0,0.0,71.28,84.59,35.86,295.35,24.75,205.81,121.77,48.73,0.0,888.14
80.5744,0.0,0.0,0.0,0.0,0.0,0.0,0.0,0.0,63.69,75.13,31.13,295.35,24.75,208.45,124.63,48.73,0.0,871.86
80.5844,0.0,0.0,0.0,0.0,0.0,0.0,0.0,0.0,54.45,68.09,28.71,298.43,24.75,211.2,124.63,50.82,0.0,861.08
80.5944,0.0,0.0,0.0,0.0,0.0,0.0,0.0,0.0,49.17,60.94,23.87,298.43,24.75,213.84,127.6,50.82,0.0,849.42
80.6044,0.0,0.0,0.0,0.0,0.0,0.0,0.0,0.0,42.13,56.21,21.56,298.43,24.75,219.23,127.6,52.91,0.0,842.82
80.6144,0.0,0.0,0.0,0.0,0.0,0.0,0.0,0.0,35.09,51.59,19.14,295.35,24.75,221.98,130.46,52.91,0.0,831.27
80.6244,0.0,0.0,0.0,0.0,0.0,0.0,0.0,0.0,29.81,44.55,16.72,292.16,24.75,224.73,133.32,55.11,0.0,821.15
80.6344,0.0,0.0,0.0,0.0,0.0,0.0,0.0,0.0,24.53,39.82,14.3,288.97,22.0,230.34,139.15,57.53,0.0,816.64
80.6444,0.0,0.0,0.0,0.0,0.0,0.0,0.0,0.0,21.01,35.09,11.88,282.7,22.0,233.09,142.12,62.37,0.0,810.26
80.6544,0.0,0.0,0.0,0.0,0.0,0.0,0.0,0.0,17.49,30.47,9.57,276.43,22.0,235.95,147.84,64.9,0.0,804.65
80.6644,0.0,0.0,0.0,0.0,0.0,0.0,0.0,0.0,15.73,25.74,9.57,273.46,24.75,238.7,156.53,67.32,0.0,811.8
80.6744,0.0,0.0,0.0,0.0,0.0,0.0,0.0,0.0,13.97,21.01,9.57,270.6,24.75,241.45,162.36,69.74,0.0,813.45
80.6844,0.0,0.0,0.0,0.0,0.0,0.0,0.0,0.0,12.21,18.7,9.57,267.63,24.75,247.06,171.27,72.16,0.0,823.35
80.6944,0.0,0.0,0.0,0.0,0.0,0.0,0.0,0.0,10.45,16.39,7.15,264.77,24.75,252.67,180.18,77.11,0.0,833.47
80.7044,0.0,0.0,0.0,0.0,0.0,0.0,0.0,0.0,8.69,13.97,7.15,261.8,24.75,255.42,189.09,79.53,0.0,840.4
80.7143,0.0,0.0,0.0,0.0,0.0,0.0,0.0,0.0,8.69,11.66,7.15,253.11,24.75,261.03,201.08,84.48,0.0,851.95
80.7243,0.0,0.0,0.0,0.0,0.0,0.0,0.0,0.0,6.93,9.35,4.73,247.28,24.75,263.89,209.99,86.9,0.0,853.82
80.7343,0.0,0.0,0.0,0.0,0.0,0.0,0.0,0.0,6.93,6.93,4.73,238.59,24.75,266.64,221.98,91.74,0.0,862.29
80.7443,0.0,0.0,0.0,0.0,0.0,0.0,0.0,0.0,5.17,6.93,0.0,226.93,24.75,272.25,230.45,96.69,0.0,863.17
80.7543,0.0,0.0,0.0,0.0,0.0,0.0,0.0,0.0,5.17,6.93,0.0,211.2,24.75,272.25,238.92,101.53,0.0,860.75
80.7643,0.0,0.0,0.0,0.0,0.0,0.0,0.0,0.0,5.17,4.62,0.0,195.14,22.0,272.25,247.39,104.06,0.0,850.63
80.7743,4.62,0.0,0.0,0.0,0.0,0.0,0.0,0.0,3.41,4.62,0.0,179.19,19.25,272.25,253.0,108.9,4.62,840.62
80.7843,16.17,3.85,0.0,0.0,0.0,0.0,0.0,0.0,3.41,0.0,0.0,156.97,16.5,269.39,258.72,111.32,20.02,816.31
80.7943,41.8,9.68,0.0,0.0,0.0,0.0,0.0,0.0,0.0,0.0,0.0,134.86,13.75,263.89,258.72,116.05,51.48,787.27
80.8043,133.1,36.96,4.84,0.0,0.0,0.0,0.0,0.0,0.0,0.0,0.0,112.75,11.0,258.28,261.47,120.45,174.9,763.95
80.8143,223.41,74.14,29.04,8.58,0.0,0.0,0.0,0.0,0.0,0.0,0.0,87.56,8.25,244.31,261.47,127.16,335.17,728.75
80.8243,216.04,98.34,45.98,27.5,0.0,9.68,0.0,3.52,0.0,0.0,0.0,59.4,5.5,221.98,258.72,131.67,401.06,677.27
80.8343,218.46,124.3,60.39,41.36,0.0,23.43,2.97,7.04,0.0,0.0,0.0,36.74,5.5,187.0,258.72,133.87,477.95,621.83
80.8443,223.41,141.02,67.54,46.53,0.0,37.07,7.59,14.08,0.0,0.0,0.0,25.41,5.5,135.41,250.14,136.18,537.24,552.64
80.8543,231.11,155.65,74.58,55.11,4.18,50.71,16.72,17.6,0.0,0.0,0.0,19.8,8.25,78.32,221.98,129.47,605.66,457.82
80.8643,231.11,168.3,79.31,63.03,6.27,63.03,25.96,19.36,0.0,0.0,0.0,16.94,8.25,47.52,177.21,116.05,656.37,365.97
80.8743,238.92,181.94,84.04,74.03,10.56,76.56,39.71,24.64,0.0,0.0,0.0,14.08,8.25,33.22,115.94,99.11,730.4,270.6
80.8843,244.09,195.58,88.77,82.83,12.65,87.67,47.3,28.27,0.0,0.0,0.0,11.22,5.5,26.07,68.42,77.11,787.16,188.32
80.8943,249.26,206.91,93.5,93.94,14.74,98.89,55.0,30.03,0.0,0.0,0.0,8.47,5.5,18.92,43.67,50.82,842.27,127.38
80.9043,254.43,211.42,100.54,104.94,19.03,107.91,61.93,33.55,0.0,0.0,0.0,5.61,0.0,14.19,33.33,27.5,893.75,80.63
80.9143,251.9,215.93,102.96,113.85,19.03,116.6,69.19,35.31,0.0,0.0,0.0,0.0,0.0,11.88,23.1,8.47,924.77,43.45
80.9243,249.26,213.73,100.54,124.96,21.12,125.07,74.58,37.07,0.0,0.0,0.0,0.0,0.0,7.04,17.93,6.27,946.33,31.24
80.9343,238.92,206.91,98.23,133.98,23.21,131.45,78.21,38.83,0.0,0.0,0.0,0.0,0.0,7.04,15.4,6.27,949.74,28.71
80.9443,225.94,197.78,93.5,142.89,23.21,137.72,80.08,40.59,0.0,0.0,0.0,0.0,0.0,7.04,15.4,4.18,941.71,26.62
80.9543,213.62,186.45,88.77,149.6,25.41,142.01,83.71,44.11,0.0,0.0,0.0,0.0,0.0,4.73,12.76,4.18,933.68,21.67
80.9643,196.68,172.81,81.73,156.31,25.41,146.19,85.47,44.11,0.0,0.0,0.0,0.0,0.0,4.73,10.23,0.0,908.71,14.96
80.9743,184.47,159.83,77.0,163.02,25.41,150.48,87.23,45.87,0.0,0.0,0.0,0.0,0.0,0.0,10.23,0.0,893.31,10.23
80.9843,169.95,149.38,72.27,169.95,27.5,152.57,89.1,47.63,0.0,0.0,0.0,0.0,0.0,0.0,7.7,0.0,878.35,7.7
80.9943,157.63,136.84,65.12,174.68,27.5,154.66,89.1,47.63,0.0,0.0,0.0,0.0,0.0,0.0,7.7,0.0,853.16,7.7
81.0043,145.31,126.39,60.39,179.41,27.5,156.86,89.1,47.63,0.0,0.0,0.0,0.0,0.0,0.0,7.7,0.0,832.59,7.7
81.0143,133.1,115.94,55.77,186.56,27.5,158.95,89.1,49.39,0.0,0.0,0.0,0.0,0.0,0.0,7.7,0.0,816.31,7.7
81.0243,120.78,104.94,48.4,191.29,27.5,161.04,89.1,49.39,0.0,0.0,0.0,0.0,0.0,0.0,5.06,0.0,792.44,5.06
81.0343,106.48,93.94,43.56,195.91,27.5,163.13,89.1,49.39,0.0,0.0,0.0,0.0,0.0,0.0,5.06,0.0,769.01,5.06
81.0443,97.68,82.94,38.72,200.64,27.5,163.13,89.1,49.39,0.0,0.0,0.0,0.0,0.0,0.0,0.0,0.0,749.1,0.0
81.0543,86.68,74.14,33.88,205.37,27.5,165.33,89.1,49.39,0.0,0.0,0.0,0.0,0.0,0.0,0.0,0.0,731.39,0.0
81.0643,77.77,65.34,26.62,207.79,27.5,167.53,90.86,49.39,0.0,0.0,0.0,0.0,0.0,0.0,0.0,0.0,712.8,0.0
81.0743,68.97,58.74,24.2,212.52,27.5,169.73,90.86,51.15,0.0,0.0,0.0,0.0,0.0,0.0,0.0,0.0,703.67,0.0
81.0843,57.97,50.6,19.36,217.25,27.5,171.93,90.86,51.15,0.0,0.0,0.0,0.0,0.0,0.0,0.0,0.0,686.62,0.0
81.0943,46.42,44.77,16.94,219.56,27.5,176.33,92.73,51.15,0.0,0.0,0.0,0.0,0.0,0.0,0.0,0.0,675.4,0.0
81.1043,34.76,36.96,14.52,221.98,25.41,178.53,94.49,51.15,0.0,0.0,0.0,0.0,0.0,0.0,0.0,0.0,657.8,0.0
81.1143,27.83,31.13,12.1,221.98,25.41,180.73,96.36,52.91,0.0,0.0,0.0,0.0,0.0,0.0,0.0,0.0,648.45,0.0
81.1243,23.21,27.28,9.68,219.56,27.5,182.93,101.75,54.67,0.0,0.0,0.0,0.0,0.0,0.0,0.0,0.0,646.58,0.0
81.1343,18.59,23.32,9.68,219.56,27.5,185.13,107.25,56.54,0.0,0.0,0.0,0.0,0.0,0.0,0.0,0.0,647.57,0.0
81.1443,16.17,21.34,7.26,214.83,27.5,189.53,112.64,60.5,0.0,0.0,0.0,0.0,0.0,0.0,0.0,0.0,649.77,0.0
81.1543,13.86,19.47,7.26,212.52,29.59,191.73,118.47,62.59,0.0,0.0,0.0,0.0,0.0,0.0,0.0,0.0,655.49,0.0
81.1643,13.86,15.51,7.26,212.52,29.59,196.24,126.5,64.57,0.0,0.0,0.0,0.0,0.0,0.0,0.0,0.0,666.05,0.0
81.1743,11.55,13.64,7.26,210.1,29.59,200.64,134.64,66.55,0.0,0.0,0.0,0.0,0.0,0.0,0.0,0.0,673.97,0.0
81.1843,9.24,13.64,4.84,207.79,31.68,202.84,140.69,68.64,0.0,0.0,0.0,0.0,0.0,0.0,0.0,0.0,679.36,0.0
81.1943,9.24,11.66,4.84,207.79,31.68,207.24,150.7,70.62,0.0,0.0,0.0,0.0,0.0,0.0,0.0,0.0,693.77,0.0
81.2043,6.93,9.68,4.84,207.79,33.88,209.44,156.75,72.6,0.0,0.0,0.0,0.0,0.0,0.0,0.0,0.0,701.91,0.0
81.2143,6.93,7.7,4.84,203.06,33.88,211.64,164.89,74.69,0.0,0.0,0.0,0.0,0.0,0.0,0.0,0.0,707.63,0.0
81.2243,4.62,7.7,0.0,198.33,33.88,213.84,173.03,76.67,0.0,0.0,0.0,0.0,0.0,0.0,0.0,0.0,708.07,0.0
81.2343,4.62,5.83,0.0,191.29,31.68,216.04,179.3,78.65,0.0,0.0,0.0,0.0,0.0,0.0,0.0,0.0,707.41,0.0
81.2443,4.62,5.83,0.0,179.41,31.68,216.04,185.46,80.74,0.0,0.0,0.0,0.0,0.0,0.0,0.0,0.0,703.78,0.0
81.2543,0.0,3.85,0.0,167.64,29.59,216.04,189.64,84.81,0.0,0.0,0.0,0.0,0.0,0.0,0.0,0.0,691.57,0.0
81.2643,0.0,3.85,0.0,151.8,25.41,216.04,193.71,88.77,0.0,0.0,0.0,0.0,0.0,0.0,0.0,0.0,679.58,0.0
81.2743,0.0,3.85,0.0,136.18,23.21,216.04,197.89,92.84,0.0,0.0,0.0,0.0,0.0,0.0,0.0,0.0,670.01,0.0
81.2843,0.0,3.85,0.0,120.56,21.12,213.84,197.89,96.91,6.93,0.0,0.0,0.0,0.0,0.0,0.0,0.0,654.17,6.93
81.2943,0.0,0.0,0.0,104.94,16.94,211.64,199.98,100.87,29.81,6.93,0.0,0.0,0.0,0.0,0.0,0.0,634.37,36.74
81.3043,0.0,0.0,0.0,87.34,14.74,207.24,199.98,102.96,127.93,30.47,4.73,0.0,0.0,0.0,0.0,0.0,612.26,163.13
81.3143,0.0,0.0,0.0,69.63,12.65,198.44,197.89,106.92,189.2,46.86,11.88,5.61,0.0,0.0,5.06,0.0,585.53,258.61
81.3243,0.0,0.0,0.0,51.7,8.47,187.33,195.8,110.99,182.27,68.09,23.87,25.41,0.0,0.0,5.06,0.0,554.29,304.7
81.3343,0.0,0.0,0.0,37.84,6.27,167.53,193.71,115.17,191.51,91.74,35.86,42.35,0.0,0.0,7.7,0.0,520.52,369.16
81.3443,0.0,0.0,0.0,25.85,6.27,146.19,187.55,115.17,193.82,105.93,43.12,68.75,0.0,9.46,10.23,0.0,481.03,431.31
81.3543,0.0,0.0,0.0,20.68,6.27,114.51,177.21,113.08,198.55,118.03,47.85,90.75,0.0,26.07,12.76,0.0,431.75,494.01
81.3643,0.0,0.0,0.0,17.16,6.27,78.76,154.77,106.92,193.82,123.09,47.85,100.21,0.0,45.1,15.4,4.18,363.88,529.65
81.3743,0.0,0.0,0.0,15.51,6.27,48.84,114.51,96.91,193.82,130.57,52.69,109.56,0.0,64.79,23.1,10.56,282.04,585.09
81.3843,0.0,0.0,0.0,11.99,6.27,33.22,70.95,86.79,203.17,140.58,57.75,119.02,5.5,75.68,35.97,14.74,209.22,652.41
81.3943,0.0,0.0,0.0,8.58,0.0,23.43,42.68,68.64,214.72,150.59,66.0,125.4,8.25,86.46,46.2,19.03,143.33,716.65
81.4043,0.0,0.0,0.0,6.82,0.0,19.47,32.01,51.15,231.44,160.6,74.14,134.86,11.0,94.6,53.9,23.21,109.45,783.75
81.4143,0.0,0.0,0.0,5.17,0.0,15.62,27.5,35.31,241.23,168.19,79.64,141.13,11.0,102.74,65.45,25.41,83.6,834.79
81.4243,0.0,0.0,0.0,3.41,0.0,11.66,22.88,26.4,248.6,173.03,87.78,147.51,13.75,110.99,71.39,27.5,64.35,880.55
81.4343,0.0,0.0,0.0,3.41,0.0,9.68,18.26,19.36,253.55,177.87,90.53,156.97,13.75,119.13,77.33,29.59,50.71,918.72
81.4443,0.0,0.0,0.0,3.41,0.0,7.81,12.21,8.8,251.13,177.87,90.53,163.24,16.5,121.88,80.3,31.79,32.23,933.24
81.4543,0.0,0.0,0.0,0.0,0.0,5.83,7.59,3.52,243.76,177.87,87.78,169.62,16.5,127.27,83.27,31.79,16.94,937.86
81.4643,0.0,0.0,0.0,0.0,0.0,3.85,6.05,3.52,238.81,177.87,87.78,176.0,16.5,130.02,86.35,33.88,13.42,947.21
81.4743,0.0,0.0,0.0,0.0,0.0,3.85,4.51,3.52,231.44,175.45,85.03,182.38,16.5,135.41,89.32,33.88,11.88,949.41
81.4843,0.0,0.0,0.0,0.0,0.0,3.85,2.97,3.52,221.65,170.61,85.03,185.57,19.25,138.16,92.29,35.97,10.34,948.53
81.4943,0.0,0.0,0.0,0.0,0.0,0.0,0.0,0.0,212.41,165.66,82.39,191.95,19.25,143.66,98.23,35.97,0.0,949.52
81.5043,0.0,0.0,0.0,0.0,0.0,0.0,0.0,0.0,200.86,158.07,79.64,195.14,19.25,149.05,101.2,38.06,0.0,941.27
81.5143,0.0,0.0,0.0,0.0,0.0,0.0,0.0,0.0,186.89,150.59,74.14,201.63,22.0,151.8,104.17,38.06,0.0,929.28
81.5243,0.0,0.0,0.0,0.0,0.0,0.0,0.0,0.0,175.34,143.11,71.39,208.01,22.0,157.19,107.14,40.26,0.0,924.44
81.5343,0.0,0.0,0.0,0.0,0.0,0.0,0.0,0.0,163.9,135.52,68.75,208.01,24.75,162.69,113.08,40.26,0.0,916.96
81.5443,0.0,0.0,0.0,0.0,0.0,0.0,0.0,0.0,153.34,128.04,66.0,211.2,24.75,165.44,115.94,42.35,0.0,907.06
81.5543,0.0,0.0,0.0,0.0,0.0,0.0,0.0,0.0,142.78,120.56,63.25,214.39,24.75,170.83,121.77,42.35,0.0,900.68
81.5643,0.0,0.0,0.0,0.0,0.0,0.0,0.0,0.0,132.22,113.08,60.5,217.58,24.75,173.47,124.63,44.44,0.0,890.67
81.5743,0.0,0.0,0.0,0.0,0.0,0.0,0.0,0.0,123.75,105.93,57.75,220.77,27.5,178.86,127.6,44.44,0.0,886.6
81.5843,0.0,0.0,0.0,0.0,0.0,0.0,0.0,0.0,113.3,101.2,55.11,226.93,27.5,184.25,130.46,46.53,0.0,885.28
81.5943,0.0,0.0,0.0,0.0,0.0,0.0,0.0,0.0,103.73,91.74,50.27,229.79,27.5,189.64,136.29,48.73,0.0,877.69
81.6043,0.0,0.0,0.0,0.0,0.0,0.0,0.0,0.0,94.16,84.59,47.85,232.76,30.25,195.03,139.15,50.82,0.0,874.61
81.6143,0.0,0.0,0.0,0.0,0.0,0.0,0.0,0.0,84.7,79.86,45.43,235.62,30.25,200.42,144.98,50.82,0.0,872.08
81.6243,0.0,0.0,0.0,0.0,0.0,0.0,0.0,3.52,77.0,72.82,43.12,238.59,30.25,205.81,147.84,55.11,3.52,870.54
81.6343,0.0,0.0,0.0,0.0,0.0,0.0,0.0,3.52,69.41,65.67,38.28,241.45,30.25,211.2,153.67,57.53,3.52,867.46
81.6443,0.0,0.0,0.0,0.0,0.0,0.0,0.0,5.28,61.71,60.94,38.28,244.42,33.0,213.84,159.5,59.95,5.28,871.64
81.6543,0.0,0.0,0.0,0.0,0.0,7.81,7.59,10.56,54.45,53.9,35.86,244.42,33.0,221.98,168.3,64.9,25.96,876.81
81.6643,0.0,0.0,0.0,5.17,0.0,7.81,2.97,7.04,49.17,49.17,33.44,244.42,33.0,227.48,174.24,67.32,22.99,878.24
81.6743,0.0,0.0,0.0,6.82,0.0,3.85,0.0,0.0,42.13,44.55,28.71,244.42,33.0,233.09,183.15,69.74,10.67,878.79
81.6843,0.0,0.0,0.0,3.41,0.0,0.0,0.0,0.0,35.09,39.82,26.29,241.45,35.75,235.95,192.06,74.69,3.41,881.1
81.6943,0.0,0.0,0.0,0.0,0.0,0.0,0.0,0.0,28.05,32.78,23.87,238.59,35.75,241.45,201.08,77.11,0.0,878.68
81.7043,9.24,3.85,0.0,0.0,0.0,0.0,0.0,0.0,21.01,25.74,19.14,232.76,35.75,244.31,212.96,79.53,13.09,871.2
81.7143,18.59,5.83,0.0,0.0,0.0,0.0,0.0,0.0,17.49,18.7,14.3,226.93,35.75,249.92,224.73,84.48,24.42,872.3
81.7243,27.83,7.7,0.0,0.0,0.0,0.0,0.0,0.0,13.97,13.97,11.88,217.58,35.75,249.92,233.2,86.9,35.53,863.17
81.7343,39.49,11.66,0.0,0.0,0.0,0.0,0.0,0.0,10.45,11.66,9.57,204.82,35.75,249.92,241.67,89.32,51.15,853.16
81.7443,57.97,19.47,0.0,0.0,0.0,0.0,0.0,0.0,8.69,6.93,7.15,188.76,33.0,249.92,250.14,94.27,77.44,838.86
81.7543,106.48,38.94,4.84,0.0,0.0,0.0,0.0,0.0,6.93,4.62,4.73,172.81,30.25,247.06,255.86,96.69,150.26,818.95
81.7643,172.37,74.14,29.04,11.99,0.0,0.0,0.0,0.0,5.17,4.62,0.0,153.78,27.5,247.06,258.72,96.69,287.54,793.54
81.7743,203.94,109.34,48.4,32.67,0.0,9.68,0.0,3.52,5.17,0.0,0.0,128.48,24.75,238.7,258.72,99.11,407.55,754.93
81.7843,213.62,124.3,58.08,43.01,0.0,21.45,2.97,7.04,3.41,0.0,0.0,100.21,19.25,227.48,255.86,101.53,470.47,707.74
81.7943,203.94,126.39,60.39,46.53,0.0,27.28,4.51,10.56,0.0,0.0,0.0,68.75,11.0,211.2,250.14,104.06,479.6,645.15
81.8043,196.68,132.66,62.81,56.87,4.18,42.9,13.75,14.08,0.0,0.0,0.0,45.21,5.5,184.25,241.67,106.48,523.93,583.11
81.8143,194.15,143.11,65.12,69.63,6.27,56.65,21.34,19.36,0.0,0.0,0.0,25.41,5.5,143.66,233.2,111.32,575.63,519.09
81.8243,194.15,151.47,67.54,78.43,8.47,67.54,32.01,21.12,0.0,0.0,0.0,16.94,5.5,94.6,218.9,111.32,620.73,447.26
81.8343,196.68,159.83,72.27,87.34,12.65,78.76,41.25,26.4,0.0,0.0,0.0,14.08,5.5,52.25,183.15,104.06,675.18,359.04
81.8443,203.94,168.3,79.31,96.14,14.74,87.67,48.84,28.27,0.0,0.0,0.0,11.22,5.5,33.22,136.29,89.32,727.21,275.55
81.8543,213.62,177.43,86.35,102.74,19.03,96.69,56.54,31.79,0.0,0.0,0.0,8.47,5.5,23.65,86.35,74.69,784.19,198.66
81.8643,218.46,184.25,91.08,111.54,21.12,105.6,65.56,33.55,0.0,0.0,0.0,8.47,5.5,23.65,53.9,55.11,831.16,146.63
81.8743,218.46,186.45,93.5,120.56,25.41,114.51,72.82,35.31,0.0,0.0,0.0,5.61,0.0,14.19,35.97,33.88,867.02,89.65
81.8843,213.62,184.25,93.5,131.67,27.5,122.98,78.21,37.07,0.0,0.0,0.0,5.61,0.0,11.88,28.27,14.74,888.8,60.5
81.8943,203.94,179.63,91.08,142.89,27.5,131.45,83.71,40.59,0.0,0.0,0.0,0.0,0.0,9.46,20.46,6.27,900.79,36.19
81.9043,194.15,170.61,86.35,154.11,29.59,139.92,89.1,42.35,0.0,0.0,0.0,0.0,0.0,7.04,17.93,6.27,906.18,31.24
81.9143,182.05,161.92,81.73,165.33,31.68,146.19,92.73,45.87,0.0,0.0,0.0,0.0,0.0,7.04,15.4,4.18,907.5,26.62
81.9243,169.95,151.47,77.0,172.37,31.68,154.66,98.12,49.39,0.0,0.0,0.0,0.0,0.0,4.73,15.4,4.18,904.64,24.31
81.9343,157.63,143.11,72.27,179.41,33.88,158.95,103.62,51.15,0.0,0.0,0.0,0.0,0.0,4.73,12.76,4.18,900.02,21.67
81.9443,147.84,132.66,67.54,184.14,35.97,163.13,107.25,52.91,0.0,0.0,0.0,0.0,0.0,4.73,12.76,0.0,891.44,17.49
81.9543,135.52,122.21,62.81,186.56,35.97,165.33,109.01,54.67,0.0,0.0,0.0,0.0,0.0,4.73,10.23,0.0,872.08,14.96
81.9643,123.2,109.34,55.77,193.6,38.06,169.73,110.88,56.54,0.0,0.0,0.0,0.0,0.0,0.0,10.23,0.0,857.12,10.23
81.9743,110.99,96.14,48.4,195.91,35.97,171.93,112.64,56.54,0.0,0.0,0.0,0.0,0.0,0.0,10.23,0.0,828.52,10.23
81.9843,97.68,85.14,43.56,200.64,35.97,174.13,112.64,58.52,0.0,0.0,0.0,0.0,0.0,0.0,10.23,0.0,808.28,10.23
81.9943,84.48,74.14,36.3,205.37,35.97,176.33,112.64,58.52,0.0,0.0,0.0,0.0,0.0,0.0,10.23,0.0,783.75,10.23
82.0043,73.37,63.14,31.46,207.79,35.97,178.53,114.51,58.52,0.0,0.0,0.0,0.0,0.0,0.0,10.23,0.0,763.29,10.23
82.0143,64.57,54.56,24.2,210.1,35.97,180.73,114.51,58.52,0.0,0.0,0.0,0.0,0.0,0.0,10.23,0.0,743.16,10.23
82.0243,53.35,48.73,21.78,210.1,35.97,180.73,114.51,58.52,0.0,0.0,0.0,0.0,0.0,0.0,7.7,0.0,723.69,7.7
82.0343,44.11,42.79,16.94,212.52,33.88,182.93,114.51,58.52,0.0,0.0,0.0,0.0,0.0,0.0,7.7,0.0,706.2,7.7
82.0443,32.45,36.96,14.52,212.52,33.88,185.13,114.51,58.52,0.0,0.0,0.0,0.0,0.0,0.0,7.7,0.0,688.49,7.7
82.0543,25.52,31.13,12.1,212.52,33.88,185.13,114.51,58.52,0.0,0.0,0.0,0.0,0.0,0.0,7.7,0.0,673.31,7.7
82.0643,20.9,25.3,9.68,212.52,31.68,185.13,116.49,58.52,0.0,0.0,0.0,0.0,0.0,0.0,7.7,0.0,660.22,7.7
82.0743,16.17,21.34,9.68,210.1,31.68,187.33,118.47,58.52,0.0,0.0,0.0,0.0,0.0,0.0,5.06,0.0,653.29,5.06
82.0843,13.86,17.49,7.26,207.79,31.68,189.53,120.45,60.5,0.0,0.0,0.0,0.0,0.0,0.0,5.06,0.0,648.56,5.06
82.0943,11.55,13.64,7.26,205.37,31.68,191.73,122.54,60.5,0.0,0.0,0.0,0.0,0.0,0.0,5.06,0.0,644.27,5.06
82.1043,9.24,11.66,4.84,200.64,31.68,194.04,126.5,62.59,0.0,0.0,0.0,0.0,0.0,0.0,5.06,0.0,641.19,5.06
82.1143,9.24,9.68,4.84,198.33,29.59,196.24,130.57,64.57,0.0,0.0,0.0,0.0,0.0,0.0,5.06,0.0,643.06,5.06
82.1243,6.93,9.68,4.84,193.6,29.59,198.44,134.64,66.55,0.0,0.0,0.0,0.0,0.0,0.0,5.06,0.0,644.27,5.06
82.1343,6.93,7.7,0.0,191.29,29.59,200.64,140.69,66.55,0.0,0.0,0.0,0.0,0.0,0.0,5.06,0.0,643.39,5.06
82.1442,4.62,5.83,0.0,186.56,29.59,202.84,144.65,70.62,0.0,0.0,0.0,0.0,0.0,0.0,5.06,0.0,644.71,5.06
82.1542,4.62,5.83,0.0,181.83,29.59,205.04,150.7,72.6,0.0,0.0,0.0,0.0,0.0,0.0,5.06,0.0,650.21,5.06
82.1642,4.62,5.83,0.0,177.1,29.59,209.44,156.75,74.69,0.0,0.0,0.0,0.0,0.0,0.0,5.06,0.0,658.02,5.06
82.1742,0.0,3.85,0.0,169.95,27.5,211.64,162.8,76.67,0.0,0.0,0.0,0.0,0.0,0.0,5.06,0.0,652.41,5.06
82.1842,0.0,3.85,0.0,163.02,27.5,211.64,168.96,78.65,0.0,0.0,0.0,0.0,0.0,0.0,0.0,0.0,653.62,0.0
82.1942,0.0,3.85,0.0,154.11,25.41,213.84,175.12,80.74,0.0,0.0,0.0,0.0,0.0,0.0,0.0,0.0,653.07,0.0
82.2042,0.0,3.85,0.0,142.89,25.41,213.84,183.37,84.81,0.0,0.0,0.0,0.0,0.0,0.0,0.0,0.0,654.17,0.0
82.2142,0.0,0.0,0.0,131.67,23.21,213.84,189.64,88.77,0.0,0.0,0.0,0.0,0.0,0.0,0.0,0.0,647.13,0.0
82.2242,0.0,0.0,0.0,118.25,21.12,213.84,193.71,92.84,0.0,0.0,0.0,0.0,0.0,0.0,0.0,0.0,639.76,0.0
82.2342,0.0,0.0,0.0,104.94,19.03,211.64,197.89,96.91,0.0,0.0,0.0,0.0,0.0,0.0,0.0,0.0,630.41,0.0
82.2442,0.0,0.0,0.0,91.74,16.94,209.44,202.07,100.87,3.41,0.0,0.0,0.0,0.0,0.0,0.0,0.0,621.06,3.41
82.2542,0.0,0.0,0.0,78.43,14.74,207.24,202.07,104.94,12.21,0.0,0.0,0.0,0.0,0.0,0.0,0.0,607.42,12.21
82.2642,0.0,0.0,0.0,65.23,12.65,202.84,202.07,110.99,57.97,9.35,0.0,0.0,0.0,0.0,0.0,0.0,593.78,67.32
82.2742,0.0,0.0,0.0,55.11,10.56,196.24,202.07,115.17,238.81,39.82,9.57,0.0,0.0,0.0,5.06,0.0,579.15,293.26
82.2842,0.0,0.0,0.0,41.36,8.47,185.13,202.07,117.26,231.44,56.21,19.14,8.47,0.0,0.0,7.7,0.0,554.29,322.96
82.2942,0.0,0.0,0.0,29.26,6.27,165.33,197.89,119.35,224.07,84.59,35.86,31.02,0.0,0.0,10.23,0.0,518.1,385.77
82.3042,0.0,0.0,0.0,20.68,6.27,139.92,191.62,119.35,221.65,103.51,45.43,56.54,0.0,0.0,12.76,0.0,477.84,439.89
82.3142,0.0,0.0,0.0,18.92,6.27,107.91,177.21,115.17,228.91,120.56,55.11,90.75,0.0,18.92,15.4,0.0,425.48,529.65
82.3242,0.0,0.0,0.0,15.51,6.27,69.74,148.72,109.01,221.65,130.57,55.11,109.56,0.0,40.37,17.93,4.18,349.25,579.37
82.3342,0.0,0.0,0.0,13.75,6.27,44.88,107.25,98.89,217.03,135.52,60.5,119.02,0.0,62.04,23.1,8.47,271.04,625.68
82.3442,0.0,0.0,0.0,10.34,6.27,31.24,61.93,86.79,221.65,145.64,66.0,128.48,8.25,78.32,38.5,12.65,196.57,699.49
82.3542,0.0,0.0,0.0,8.58,4.18,23.43,36.63,66.55,233.86,155.65,74.14,134.86,8.25,86.46,48.73,16.94,139.37,758.89
82.3642,0.0,0.0,0.0,5.17,0.0,17.49,32.01,47.63,248.6,165.66,82.39,141.13,11.0,94.6,59.51,21.12,102.3,824.01
82.3742,0.0,0.0,0.0,3.41,0.0,15.62,25.96,33.55,260.92,173.03,90.53,144.32,13.75,102.74,68.42,23.21,78.54,876.92
82.3842,0.0,0.0,0.0,3.41,0.0,11.66,21.34,24.64,268.4,175.45,96.03,150.59,13.75,110.99,77.33,25.41,61.05,917.95
82.3942,0.0,0.0,0.0,3.41,0.0,9.68,15.18,14.08,268.4,177.87,98.67,156.97,16.5,116.38,83.27,27.5,42.35,945.56
82.4042,0.0,0.0,0.0,3.41,0.0,5.83,9.13,5.28,263.45,177.87,96.03,166.43,16.5,121.88,83.27,27.5,23.65,952.93
82.4142,0.0,0.0,0.0,0.0,0.0,5.83,7.59,3.52,253.55,177.87,96.03,179.19,19.25,127.27,89.32,29.59,16.94,972.07
82.4242,0.0,0.0,0.0,0.0,0.0,3.85,6.05,3.52,241.23,177.87,93.28,188.76,19.25,135.41,92.29,31.79,13.42,979.88
82.4342,0.0,0.0,0.0,0.0,0.0,3.85,4.51,3.52,226.49,173.03,90.53,201.63,19.25,143.66,98.23,33.88,11.88,986.7
82.4442,0.0,0.0,0.0,0.0,0.0,3.85,2.97,0.0,212.41,165.66,87.78,211.2,22.0,151.8,104.17,33.88,6.82,988.9
82.4542,0.0,0.0,0.0,0.0,0.0,0.0,0.0,0.0,196.24,155.65,85.03,217.58,24.75,159.94,113.08,35.97,0.0,988.24
82.4642,0.0,0.0,0.0,0.0,0.0,0.0,0.0,0.0,179.96,145.64,79.64,224.07,24.75,168.19,118.91,38.06,0.0,979.22
82.4742,0.0,0.0,0.0,0.0,0.0,0.0,0.0,0.0,163.9,135.52,76.89,229.79,24.75,173.47,121.77,40.26,0.0,966.35
82.4842,0.0,0.0,0.0,0.0,0.0,0.0,0.0,0.0,149.16,125.51,71.39,232.76,27.5,178.86,124.63,42.35,0.0,952.16
82.4942,0.0,0.0,0.0,0.0,0.0,0.0,0.0,0.0,134.31,115.5,66.0,238.59,27.5,184.25,127.6,42.35,0.0,936.1
82.5042,0.0,0.0,0.0,0.0,0.0,0.0,0.0,0.0,121.55,105.93,60.5,241.45,27.5,187.0,130.46,42.35,0.0,916.74
82.5142,0.0,0.0,0.0,0.0,0.0,0.0,0.0,0.0,107.58,96.47,55.11,241.45,27.5,192.39,133.32,44.44,0.0,898.26
82.5242,0.0,0.0,0.0,0.0,0.0,0.0,0.0,0.0,96.14,89.32,50.27,244.42,27.5,195.03,136.29,44.44,0.0,883.41
82.5342,0.0,0.0,0.0,0.0,0.0,0.0,0.0,0.0,86.57,79.86,47.85,247.28,27.5,197.67,136.29,44.44,0.0,867.46
82.5442,0.0,0.0,0.0,0.0,0.0,0.0,0.0,0.0,77.0,72.82,43.12,247.28,30.25,200.42,139.15,46.53,0.0,856.57
82.5542,0.0,0.0,0.0,0.0,0.0,0.0,0.0,0.0,67.43,65.67,38.28,250.14,30.25,205.81,142.12,46.53,0.0,846.23
82.5642,0.0,0.0,0.0,0.0,0.0,0.0,0.0,0.0,59.84,60.94,35.86,250.14,30.25,208.45,144.98,48.73,0.0,839.19
82.5742,0.0,0.0,0.0,0.0,0.0,0.0,0.0,0.0,50.93,53.9,31.13,253.11,30.25,213.84,147.84,48.73,0.0,829.73
82.5842,0.0,0.0,0.0,0.0,0.0,0.0,0.0,0.0,43.89,46.86,28.71,253.11,27.5,216.59,153.67,50.82,0.0,821.15
82.5942,0.0,0.0,0.0,0.0,0.0,0.0,0.0,0.0,36.85,42.13,23.87,253.11,30.25,221.98,156.53,52.91,0.0,817.63
82.6042,0.0,0.0,0.0,0.0,0.0,0.0,0.0,0.0,29.81,37.51,19.14,253.11,27.5,227.48,165.33,57.53,0.0,817.41
82.6142,0.0,0.0,0.0,0.0,0.0,0.0,0.0,0.0,22.77,30.47,16.72,250.14,30.25,230.34,171.27,59.95,0.0,811.91
82.6242,0.0,0.0,0.0,0.0,0.0,0.0,0.0,0.0,19.25,23.43,11.88,247.28,27.5,233.09,180.18,64.9,0.0,807.51
82.6342,0.0,0.0,0.0,0.0,0.0,0.0,0.0,0.0,15.73,18.7,11.88,244.42,30.25,238.7,189.09,67.32,0.0,816.09
82.6442,0.0,0.0,0.0,0.0,0.0,0.0,0.0,0.0,12.21,13.97,9.57,241.45,30.25,241.45,198.11,69.74,0.0,816.75
82.6542,0.0,0.0,0.0,0.0,0.0,0.0,0.0,0.0,10.45,11.66,7.15,238.59,30.25,244.31,207.02,74.69,0.0,824.12
82.6642,0.0,0.0,0.0,0.0,0.0,0.0,0.0,0.0,8.69,9.35,7.15,232.76,30.25,249.92,215.93,79.53,0.0,833.58
82.6742,0.0,0.0,0.0,0.0,0.0,0.0,0.0,0.0,6.93,6.93,4.73,226.93,30.25,255.42,224.73,84.48,0.0,840.4
82.6842,0.0,0.0,0.0,0.0,0.0,0.0,0.0,0.0,6.93,6.93,4.73,214.39,27.5,261.03,233.2,89.32,0.0,844.03
82.6942,4.62,0.0,0.0,0.0,0.0,0.0,0.0,0.0,6.93,4.62,0.0,201.63,27.5,261.03,244.53,96.69,4.62,842.93
82.7042,6.93,0.0,0.0,0.0,0.0,0.0,0.0,0.0,5.17,4.62,0.0,185.57,24.75,261.03,250.14,101.53,6.93,832.81
82.7142,9.24,0.0,0.0,0.0,0.0,0.0,0.0,0.0,5.17,4.62,0.0,169.62,22.0,261.03,255.86,106.48,9.24,824.78
82.7242,23.21,3.85,0.0,0.0,0.0,0.0,0.0,0.0,3.41,0.0,0.0,150.59,19.25,258.28,258.72,111.32,27.06,801.57
82.7342,73.37,15.51,0.0,0.0,0.0,0.0,0.0,0.0,3.41,0.0,0.0,131.67,16.5,255.42,258.72,113.85,88.88,779.57
82.7442,225.94,60.94,19.36,3.41,0.0,0.0,0.0,0.0,3.41,0.0,0.0,109.56,11.0,249.92,258.72,118.25,309.65,750.86
82.7542,251.9,93.94,41.14,20.68,0.0,3.85,0.0,0.0,0.0,0.0,0.0,84.48,8.25,238.7,258.72,122.76,411.51,712.91
82.7642,249.26,128.48,58.08,32.67,0.0,13.64,0.0,5.28,0.0,0.0,0.0,56.54,5.5,216.59,255.86,124.96,487.41,659.45
82.7742,246.73,149.38,69.85,48.18,0.0,23.43,2.97,8.8,0.0,0.0,0.0,36.74,5.5,184.25,250.14,127.16,549.34,603.79
82.7842,241.45,161.92,72.27,55.11,0.0,39.05,7.59,12.32,0.0,0.0,0.0,22.55,5.5,138.16,241.67,129.47,589.71,537.35
82.7942,233.75,168.3,72.27,67.43,0.0,50.71,13.75,15.84,0.0,0.0,0.0,16.94,5.5,81.07,218.9,124.96,622.05,447.37
82.8042,231.11,177.43,74.58,78.43,4.18,67.54,24.42,19.36,0.0,0.0,0.0,14.08,8.25,47.52,174.24,111.32,677.05,355.41
82.8142,231.11,186.45,81.73,87.34,8.47,80.96,38.17,22.88,0.0,0.0,0.0,11.22,8.25,30.8,118.91,96.69,737.11,265.87
82.8242,233.75,190.96,86.35,96.14,12.65,92.18,48.84,26.4,0.0,0.0,0.0,11.22,8.25,26.07,71.39,79.53,787.27,196.46
82.8342,241.45,197.78,93.5,102.74,19.03,103.4,60.06,31.79,0.0,0.0,0.0,8.47,5.5,21.34,48.73,57.53,849.75,141.57
82.8442,241.45,200.09,100.54,109.34,23.21,112.42,72.82,33.55,0.0,0.0,0.0,5.61,0.0,14.19,33.33,31.79,893.42,84.92
82.8542,238.92,197.78,100.54,118.25,27.5,120.78,80.08,37.07,0.0,0.0,0.0,0.0,0.0,9.46,25.63,14.74,920.92,49.83
82.8642,228.58,190.96,98.23,127.27,27.5,129.25,87.23,38.83,0.0,0.0,0.0,0.0,0.0,7.04,20.46,6.27,927.85,33.77
82.8742,216.04,184.25,93.5,138.38,29.59,137.72,90.86,40.59,0.0,0.0,0.0,0.0,0.0,4.73,15.4,4.18,930.93,24.31
82.8842,201.52,172.81,86.35,147.4,31.68,144.1,96.36,42.35,0.0,0.0,0.0,0.0,0.0,4.73,15.4,0.0,922.57,20.13
82.8942,186.89,159.83,81.73,156.31,31.68,152.57,99.99,44.11,0.0,0.0,0.0,0.0,0.0,0.0,12.76,0.0,913.11,12.76
82.9042,169.95,145.2,74.58,163.02,33.88,156.86,103.62,47.63,0.0,0.0,0.0,0.0,0.0,0.0,10.23,0.0,894.74,10.23
82.9142,155.21,132.66,67.54,167.64,35.97,161.04,109.01,49.39,0.0,0.0,0.0,0.0,0.0,0.0,10.23,0.0,878.46,10.23
82.9242,140.47,120.12,62.81,169.95,35.97,163.13,112.64,51.15,0.0,0.0,0.0,0.0,0.0,0.0,7.7,0.0,856.24,7.7
82.9342,123.2,104.94,53.24,174.68,38.06,167.53,114.51,51.15,0.0,0.0,0.0,0.0,0.0,0.0,7.7,0.0,827.31,7.7
82.9442,106.48,89.54,45.98,177.1,38.06,169.73,118.47,52.91,0.0,0.0,0.0,0.0,0.0,0.0,5.06,0.0,798.27,5.06
82.9542,91.08,76.34,38.72,177.1,38.06,171.93,118.47,54.67,0.0,0.0,0.0,0.0,0.0,0.0,5.06,0.0,766.37,5.06
82.9642,77.77,63.14,31.46,179.41,38.06,174.13,120.45,54.67,0.0,0.0,0.0,0.0,0.0,0.0,0.0,0.0,739.09,0.0
82.9742,62.37,52.58,24.2,177.1,35.97,176.33,120.45,54.67,0.0,0.0,0.0,0.0,0.0,0.0,0.0,0.0,703.67,0.0
82.9842,48.73,44.77,19.36,177.1,35.97,178.53,122.54,54.67,0.0,0.0,0.0,0.0,0.0,0.0,0.0,0.0,681.67,0.0
82.9942,34.76,36.96,14.52,177.1,35.97,178.53,122.54,56.54,0.0,0.0,0.0,0.0,0.0,0.0,0.0,0.0,656.92,0.0
83.0042,25.52,27.28,12.1,172.37,33.88,180.73,124.52,54.67,0.0,0.0,0.0,0.0,0.0,0.0,0.0,0.0,631.07,0.0
83.0142,18.59,21.34,9.68,169.95,31.68,180.73,128.59,56.54,0.0,0.0,0.0,0.0,0.0,0.0,0.0,0.0,617.1,0.0
83.0242,16.17,17.49,7.26,163.02,31.68,182.93,130.57,58.52,0.0,0.0,0.0,0.0,0.0,0.0,0.0,0.0,607.64,0.0
83.0342,11.55,13.64,7.26,158.51,31.68,182.93,134.64,58.52,0.0,0.0,0.0,0.0,0.0,0.0,0.0,0.0,598.73,0.0
83.0442,9.24,9.68,4.84,154.11,29.59,185.13,140.69,58.52,0.0,0.0,0.0,0.0,0.0,0.0,0.0,0.0,591.8,0.0
83.0542,9.24,9.68,4.84,149.6,29.59,187.33,146.74,62.59,0.0,0.0,0.0,0.0,0.0,0.0,0.0,0.0,599.61,0.0
83.0642,6.93,7.7,0.0,145.09,29.59,189.53,154.77,62.59,0.0,0.0,0.0,0.0,0.0,0.0,0.0,0.0,596.2,0.0
83.0742,6.93,5.83,0.0,140.69,29.59,191.73,162.8,66.55,0.0,0.0,0.0,0.0,0.0,0.0,0.0,0.0,604.12,0.0
83.0842,4.62,5.83,0.0,133.98,29.59,194.04,168.96,68.64,0.0,0.0,0.0,0.0,0.0,0.0,0.0,0.0,605.66,0.0
83.0942,4.62,5.83,0.0,129.47,29.59,196.24,177.21,70.62,0.0,0.0,0.0,0.0,0.0,0.0,0.0,0.0,613.58,0.0
83.1042,4.62,3.85,0.0,122.76,29.59,198.44,185.46,72.6,0.0,0.0,0.0,0.0,0.0,0.0,0.0,0.0,617.32,0.0
83.1142,4.62,3.85,0.0,118.25,29.59,200.64,193.71,74.69,0.0,0.0,0.0,0.0,0.0,0.0,0.0,0.0,625.35,0.0
83.1242,0.0,3.85,0.0,111.54,27.5,200.64,202.07,78.65,0.0,0.0,0.0,0.0,0.0,0.0,0.0,0.0,624.25,0.0
83.1342,0.0,3.85,0.0,107.14,25.41,202.84,210.32,82.72,0.0,0.0,0.0,0.0,0.0,0.0,0.0,0.0,632.28,0.0
83.1442,0.0,3.85,0.0,100.54,25.41,205.04,216.48,86.79,0.0,0.0,0.0,0.0,0.0,0.0,0.0,0.0,638.11,0.0
83.1542,0.0,0.0,0.0,91.74,25.41,205.04,222.75,92.84,0.0,0.0,0.0,0.0,0.0,0.0,0.0,0.0,637.78,0.0
83.1642,0.0,0.0,0.0,85.03,23.21,202.84,227.04,96.91,0.0,0.0,0.0,0.0,0.0,0.0,0.0,0.0,635.03,0.0
83.1742,0.0,0.0,0.0,76.23,21.12,200.64,231.44,98.89,0.0,0.0,0.0,0.0,0.0,0.0,0.0,0.0,628.32,0.0
83.1842,0.0,0.0,0.0,65.23,16.94,198.44,233.64,102.96,0.0,0.0,0.0,0.0,0.0,0.0,0.0,0.0,617.21,0.0
83.1942,0.0,0.0,0.0,55.11,14.74,194.04,233.64,106.92,0.0,0.0,0.0,0.0,0.0,0.0,0.0,0.0,604.45,0.0
83.2042,0.0,0.0,0.0,46.53,12.65,187.33,233.64,109.01,0.0,0.0,0.0,0.0,0.0,0.0,0.0,0.0,589.16,0.0
83.2142,0.0,0.0,0.0,37.84,10.56,180.73,233.64,113.08,8.69,0.0,0.0,0.0,0.0,0.0,0.0,0.0,575.85,8.69
83.2242,0.0,0.0,0.0,29.26,8.47,169.73,231.44,115.17,40.37,9.35,0.0,0.0,0.0,0.0,0.0,0.0,554.07,49.72
83.2342,0.0,0.0,0.0,24.09,6.27,156.86,229.24,119.35,238.81,49.17,9.57,0.0,0.0,0.0,0.0,0.0,535.81,297.55
83.2442,0.0,0.0,0.0,18.92,6.27,133.54,222.75,119.35,253.55,72.82,26.29,19.8,0.0,0.0,5.06,0.0,500.83,377.52
83.2542,0.0,0.0,0.0,15.51,6.27,101.2,210.32,115.17,241.23,115.5,43.12,50.82,0.0,0.0,7.7,0.0,448.47,458.37
83.2642,0.0,0.0,0.0,15.51,8.47,65.34,183.37,109.01,241.23,138.05,57.75,93.94,0.0,21.34,12.76,0.0,381.7,565.07
83.2742,0.0,0.0,0.0,11.99,8.47,41.03,134.64,98.89,248.6,160.6,66.0,122.21,0.0,56.98,20.46,8.47,295.02,683.32
83.2842,0.0,0.0,0.0,10.34,6.27,31.24,76.45,86.79,243.76,168.19,71.39,134.86,5.5,78.32,30.8,12.65,211.09,745.47
83.2942,0.0,0.0,0.0,6.82,4.18,23.43,42.68,64.57,243.76,175.45,79.64,144.32,8.25,97.35,48.73,19.03,141.68,816.53
83.3042,0.0,0.0,0.0,5.17,0.0,17.49,35.09,45.87,251.13,185.13,87.78,153.78,11.0,110.99,62.48,25.41,103.62,887.7
83.3142,0.0,0.0,0.0,3.41,0.0,13.64,27.5,30.03,260.92,192.39,96.03,163.24,13.75,121.88,74.36,29.59,74.58,952.16
83.3242,0.0,0.0,0.0,0.0,0.0,11.66,21.34,21.12,260.92,192.39,101.42,169.62,16.5,132.77,86.35,33.88,54.12,993.85
83.3342,0.0,0.0,0.0,0.0,0.0,7.81,15.18,10.56,258.5,192.39,104.17,179.19,19.25,140.91,98.23,38.06,33.55,1030.7
83.3442,0.0,0.0,0.0,0.0,0.0,5.83,9.13,5.28,251.13,189.97,104.17,185.57,19.25,149.05,104.17,40.26,20.24,1043.57
83.3542,0.0,0.0,0.0,0.0,0.0,3.85,7.59,3.52,238.81,185.13,101.42,191.95,22.0,154.55,110.22,42.35,14.96,1046.43
83.3642,0.0,0.0,0.0,0.0,0.0,3.85,7.59,5.28,224.07,177.87,98.67,198.44,22.0,162.69,113.08,44.44,16.72,1041.26
83.3742,0.0,0.0,0.0,0.0,0.0,3.85,6.05,3.52,212.41,170.61,93.28,201.63,22.0,168.19,121.77,46.53,13.42,1036.42
83.3842,0.0,0.0,0.0,0.0,0.0,0.0,4.51,0.0,200.86,163.13,90.53,204.82,24.75,170.83,124.63,48.73,4.51,1028.28
83.3942,0.0,0.0,0.0,0.0,0.0,0.0,2.97,0.0,189.2,153.12,87.78,204.82,24.75,173.47,130.46,50.82,2.97,1014.42
83.4042,0.0,0.0,0.0,0.0,0.0,0.0,0.0,0.0,173.03,143.11,82.39,211.2,27.5,178.86,136.29,52.91,0.0,1005.29
83.4142,0.0,0.0,0.0,0.0,0.0,0.0,0.0,0.0,157.63,130.57,76.89,214.39,27.5,184.25,142.12,52.91,0.0,986.26
83.4242,0.0,0.0,0.0,0.0,0.0,0.0,0.0,0.0,142.78,120.56,71.39,217.58,27.5,189.64,144.98,57.53,0.0,971.96
83.4342,0.0,0.0,0.0,0.0,0.0,0.0,0.0,0.0,127.93,108.24,66.0,217.58,27.5,192.39,150.81,59.95,0.0,950.4
83.4442,0.0,0.0,0.0,0.0,0.0,0.0,0.0,0.0,113.3,98.78,60.5,220.77,30.25,197.67,153.67,62.37,0.0,937.31
83.4542,0.0,0.0,0.0,0.0,0.0,0.0,0.0,0.0,99.99,87.01,55.11,220.77,30.25,200.42,156.53,64.9,0.0,914.98
83.4642,0.0,0.0,0.0,0.0,0.0,0.0,0.0,0.0,86.57,79.86,50.27,220.77,30.25,203.06,159.5,67.32,0.0,897.6
83.4742,0.0,0.0,0.0,0.0,0.0,0.0,0.0,0.0,77.0,70.4,45.43,220.77,30.25,205.81,162.36,69.74,0.0,881.76
83.4842,0.0,0.0,0.0,0.0,0.0,0.0,0.0,0.0,67.43,63.36,40.7,220.77,30.25,208.45,165.33,72.16,0.0,868.45
83.4942,0.0,0.0,0.0,0.0,0.0,0.0,0.0,0.0,59.84,58.63,38.28,220.77,30.25,211.2,165.33,74.69,0.0,858.99
83.5042,0.0,0.0,0.0,0.0,0.0,0.0,0.0,0.0,52.69,51.59,35.86,217.58,30.25,213.84,168.3,74.69,0.0,844.8
83.5142,0.0,0.0,0.0,0.0,0.0,0.0,0.0,0.0,45.65,46.86,31.13,220.77,30.25,216.59,171.27,77.11,0.0,839.63
83.5242,0.0,0.0,0.0,0.0,0.0,0.0,0.0,0.0,40.37,44.55,28.71,220.77,30.25,216.59,174.24,79.53,0.0,835.01
83.5342,0.0,0.0,0.0,0.0,0.0,0.0,0.0,0.0,35.09,39.82,23.87,220.77,30.25,219.23,177.21,81.95,0.0,828.19
83.5442,0.0,0.0,0.0,0.0,0.0,0.0,0.0,0.0,28.05,35.09,19.14,220.77,30.25,221.98,183.15,81.95,0.0,820.38
83.5542,0.0,0.0,0.0,0.0,0.0,0.0,0.0,0.0,22.77,28.05,16.72,220.77,27.5,224.73,186.12,84.48,0.0,811.14
83.5642,0.0,0.0,0.0,0.0,0.0,0.0,0.0,0.0,19.25,23.43,11.88,220.77,30.25,227.48,195.14,86.9,0.0,815.1
83.5741,0.0,0.0,0.0,0.0,0.0,0.0,0.0,0.0,15.73,18.7,11.88,217.58,30.25,233.09,201.08,89.32,0.0,817.63
83.5841,0.0,0.0,0.0,0.0,0.0,0.0,0.0,0.0,12.21,13.97,9.57,217.58,27.5,235.95,207.02,91.74,0.0,815.54
83.5941,0.0,0.0,0.0,0.0,0.0,0.0,0.0,0.0,10.45,11.66,7.15,211.2,30.25,241.45,215.93,96.69,0.0,824.78
83.6041,0.0,0.0,0.0,0.0,0.0,0.0,0.0,0.0,8.69,9.35,7.15,208.01,30.25,244.31,224.73,99.11,0.0,831.6
83.6141,0.0,0.0,0.0,0.0,0.0,0.0,0.0,0.0,8.69,9.35,7.15,201.63,30.25,247.06,233.2,104.06,0.0,841.39
83.6241,0.0,0.0,0.0,0.0,0.0,0.0,0.0,0.0,6.93,6.93,4.73,191.95,27.5,252.67,241.67,106.48,0.0,838.86
83.6341,0.0,0.0,0.0,0.0,0.0,0.0,0.0,0.0,6.93,6.93,0.0,182.38,27.5,252.67,250.14,108.9,0.0,835.45
83.6441,0.0,0.0,0.0,0.0,0.0,0.0,0.0,0.0,5.17,4.62,0.0,169.62,27.5,255.42,255.86,113.85,0.0,832.04
83.6541,0.0,0.0,0.0,0.0,0.0,0.0,0.0,0.0,5.17,4.62,0.0,153.78,24.75,255.42,264.33,116.05,0.0,824.12
83.6641,4.62,0.0,0.0,0.0,0.0,0.0,0.0,0.0,3.41,0.0,0.0,141.13,22.0,255.42,267.19,120.45,4.62,809.6
83.6741,23.21,3.85,0.0,0.0,0.0,0.0,0.0,0.0,3.41,0.0,0.0,125.4,19.25,252.67,269.94,127.16,27.06,797.83
83.6841,110.99,21.34,0.0,0.0,0.0,0.0,0.0,0.0,3.41,0.0,0.0,106.48,16.5,249.92,269.94,131.67,132.33,777.92
83.6941,241.45,60.94,16.94,3.41,0.0,0.0,0.0,0.0,0.0,0.0,0.0,90.75,11.0,241.45,269.94,138.38,322.74,751.52
83.7041,231.11,82.94,36.3,10.34,0.0,3.85,0.0,0.0,0.0,0.0,0.0,68.75,8.25,227.48,267.19,142.89,364.54,714.56
83.7141,231.11,120.12,53.24,27.5,0.0,9.68,0.0,5.28,0.0,0.0,0.0,45.21,5.5,200.42,264.33,147.29,446.93,662.75
83.7241,233.75,143.11,65.12,43.01,0.0,15.62,0.0,5.28,0.0,0.0,0.0,28.27,5.5,162.69,258.72,147.29,505.89,602.47
83.7341,238.92,161.92,72.27,53.35,0.0,29.26,4.51,8.8,0.0,0.0,0.0,19.8,5.5,105.49,247.39,147.29,569.03,525.47
83.7441,236.28,168.3,77.0,60.83,0.0,42.9,7.59,14.08,0.0,0.0,0.0,16.94,8.25,59.4,209.99,138.38,606.98,432.96
83.7541,238.92,177.43,84.04,67.43,0.0,58.63,19.8,17.6,0.0,0.0,0.0,14.08,8.25,37.95,159.5,124.96,663.85,344.74
83.7641,246.73,190.96,93.5,71.83,6.27,69.74,33.55,21.12,0.0,0.0,0.0,11.22,8.25,30.8,98.23,104.06,733.7,252.56
83.7741,257.07,200.09,100.54,76.23,10.56,78.76,44.22,24.64,0.0,0.0,0.0,8.47,8.25,23.65,65.45,84.48,792.11,190.3
83.7841,267.41,209.11,110.0,80.63,14.74,87.67,53.46,28.27,0.0,0.0,0.0,5.61,5.5,18.92,46.2,59.95,851.29,136.18
83.7941,272.58,213.73,117.37,85.03,16.94,94.49,61.93,30.03,0.0,0.0,0.0,5.61,0.0,14.19,30.8,33.88,892.1,84.48
83.8041,275.22,215.93,122.32,89.54,21.12,101.2,69.19,31.79,0.0,0.0,0.0,0.0,0.0,9.46,23.1,10.56,926.31,43.12
83.8141,270.05,213.73,119.79,93.94,21.12,107.91,74.58,31.79,0.0,0.0,0.0,0.0,0.0,4.73,15.4,4.18,932.91,24.31
83.8241,262.24,206.91,119.79,100.54,23.21,112.42,80.08,33.55,0.0,0.0,0.0,0.0,0.0,4.73,15.4,4.18,938.74,24.31
83.8341,249.26,200.09,114.84,102.74,25.41,116.6,85.47,35.31,0.0,0.0,0.0,0.0,0.0,4.73,12.76,0.0,929.72,17.49
83.8441,238.92,190.96,112.42,107.14,25.41,120.78,89.1,37.07,0.0,0.0,0.0,0.0,0.0,0.0,10.23,0.0,921.8,10.23
83.8541,225.94,179.63,107.69,109.34,27.5,125.07,94.49,38.83,0.0,0.0,0.0,0.0,0.0,0.0,7.7,0.0,908.49,7.7
83.8641,216.04,170.61,105.27,109.34,29.59,127.16,98.12,40.59,0.0,0.0,0.0,0.0,0.0,0.0,7.7,0.0,896.72,7.7
83.8741,206.36,159.83,100.54,109.34,31.68,129.25,103.62,42.35,0.0,0.0,0.0,0.0,0.0,0.0,5.06,0.0,882.97,5.06
83.8841,196.68,151.47,98.23,109.34,31.68,131.45,107.25,44.11,0.0,0.0,0.0,0.0,0.0,0.0,5.06,0.0,870.21,5.06
83.8941,189.31,141.02,93.5,109.34,33.88,133.54,112.64,44.11,0.0,0.0,0.0,0.0,0.0,0.0,0.0,0.0,857.34,0.0
83.9041,177.21,132.66,88.77,109.34,33.88,135.63,116.49,45.87,0.0,0.0,0.0,0.0,0.0,0.0,0.0,0.0,839.85,0.0
83.9141,167.53,122.21,84.04,109.34,35.97,135.63,120.45,45.87,0.0,0.0,0.0,0.0,0.0,0.0,0.0,0.0,821.04,0.0
83.9241,157.63,113.85,79.31,109.34,35.97,137.72,122.54,45.87,0.0,0.0,0.0,0.0,0.0,0.0,0.0,0.0,802.23,0.0
83.9341,147.84,104.94,74.58,111.54,35.97,137.72,126.5,47.63,0.0,0.0,0.0,0.0,0.0,0.0,0.0,0.0,786.72,0.0
83.9441,137.94,98.34,69.85,111.54,35.97,139.92,128.59,47.63,0.0,0.0,0.0,0.0,0.0,0.0,0.0,0.0,769.78,0.0
83.9541,130.57,91.74,67.54,111.54,38.06,142.01,132.55,47.63,0.0,0.0,0.0,0.0,0.0,0.0,0.0,0.0,761.64,0.0
83.9641,123.2,85.14,62.81,111.54,38.06,144.1,136.62,47.63,0.0,0.0,0.0,0.0,0.0,0.0,0.0,0.0,749.1,0.0
83.9741,115.83,78.54,60.39,113.85,38.06,146.19,138.6,49.39,0.0,0.0,0.0,0.0,0.0,0.0,0.0,0.0,740.85,0.0
83.9841,108.68,71.94,55.77,113.85,40.15,148.39,142.67,49.39,0.0,0.0,0.0,0.0,0.0,0.0,0.0,0.0,730.84,0.0
83.9941,99.88,65.34,53.24,113.85,42.35,148.39,148.72,49.39,0.0,0.0,0.0,0.0,0.0,0.0,0.0,0.0,721.16,0.0
84.0041,93.28,60.94,48.4,116.05,42.35,152.57,154.77,51.15,0.0,0.0,0.0,0.0,0.0,0.0,0.0,0.0,719.51,0.0
84.0141,86.68,54.56,45.98,116.05,44.44,154.66,160.82,51.15,0.0,0.0,0.0,0.0,0.0,0.0,0.0,0.0,714.34,0.0
84.0241,77.77,48.73,41.14,116.05,44.44,158.95,168.96,52.91,0.0,0.0,0.0,0.0,0.0,0.0,0.0,0.0,708.95,0.0
84.0341,68.97,44.77,38.72,118.25,46.53,163.13,177.21,54.67,0.0,0.0,0.0,0.0,0.0,0.0,0.0,0.0,712.25,0.0
84.0441,60.17,38.94,33.88,118.25,46.53,167.53,187.55,56.54,0.0,0.0,0.0,0.0,0.0,0.0,0.0,0.0,709.39,0.0
84.0541,53.35,35.09,29.04,118.25,48.62,169.73,199.98,58.52,0.0,0.0,0.0,0.0,0.0,0.0,0.0,0.0,712.58,0.0
84.0641,46.42,31.13,26.62,118.25,50.82,174.13,210.32,60.5,0.0,0.0,0.0,0.0,0.0,0.0,0.0,0.0,718.19,0.0
84.0741,39.49,27.28,21.78,116.05,50.82,176.33,222.75,62.59,0.0,0.0,0.0,0.0,0.0,0.0,0.0,0.0,717.09,0.0
84.0841,32.45,23.32,19.36,113.85,52.91,178.53,235.84,62.59,0.0,0.0,0.0,0.0,0.0,0.0,0.0,0.0,718.85,0.0
84.0941,25.52,19.47,16.94,111.54,55.0,180.73,249.04,64.57,0.0,0.0,0.0,0.0,0.0,0.0,0.0,0.0,722.81,0.0
84.1041,20.9,15.51,14.52,109.34,55.0,182.93,262.35,66.55,0.0,0.0,0.0,0.0,0.0,0.0,0.0,0.0,727.1,0.0
84.1141,16.17,11.66,9.68,104.94,57.2,182.93,273.35,68.64,0.0,0.0,0.0,0.0,0.0,0.0,0.0,0.0,724.57,0.0
84.1241,11.55,9.68,7.26,98.34,55.0,182.93,284.68,68.64,0.0,0.0,0.0,0.0,0.0,0.0,0.0,0.0,718.08,0.0
84.1341,9.24,7.7,4.84,89.54,52.91,182.93,295.9,72.6,0.0,0.0,0.0,0.0,0.0,0.0,0.0,0.0,715.66,0.0
84.1441,6.93,5.83,0.0,78.43,48.62,182.93,300.41,76.67,6.93,0.0,0.0,0.0,0.0,0.0,0.0,0.0,699.82,6.93
84.1541,4.62,3.85,0.0,67.43,44.44,180.73,304.92,80.74,31.57,0.0,0.0,0.0,0.0,0.0,0.0,0.0,686.73,31.57
84.1641,0.0,3.85,0.0,55.11,38.06,178.53,307.23,84.81,177.65,21.01,4.73,0.0,0.0,0.0,0.0,0.0,667.59,203.39
84.1741,0.0,0.0,0.0,43.01,31.68,171.93,302.72,88.77,219.34,42.13,11.88,0.0,0.0,0.0,0.0,0.0,638.11,273.35
84.1841,0.0,0.0,0.0,31.02,23.21,156.86,298.21,92.84,203.17,68.09,26.29,19.8,0.0,0.0,7.7,0.0,602.14,325.05
84.1941,0.0,0.0,0.0,22.33,14.74,139.92,289.19,94.82,198.55,94.05,38.28,45.21,0.0,0.0,10.23,0.0,561.0,386.32
84.2041,0.0,0.0,0.0,13.75,8.47,114.51,277.86,96.91,205.48,113.08,45.43,78.21,0.0,14.19,15.4,4.18,511.5,475.97
84.2141,0.0,0.0,0.0,10.34,4.18,85.47,262.35,96.91,205.48,123.09,47.85,97.02,0.0,33.22,15.4,4.18,459.25,526.24
84.2241,0.0,0.0,0.0,8.58,4.18,54.67,235.84,92.84,198.55,128.04,50.27,103.29,0.0,54.56,17.93,8.47,396.11,561.11
84.2341,0.0,0.0,0.0,6.82,6.27,35.09,185.46,84.81,198.55,135.52,55.11,112.75,0.0,70.18,25.63,12.65,318.45,610.39
84.2441,0.0,0.0,0.0,6.82,6.27,23.43,130.57,68.64,207.79,143.11,60.5,119.02,5.5,81.07,35.97,14.74,235.73,667.7
84.2541,0.0,0.0,0.0,5.17,4.18,19.47,74.58,52.91,219.34,150.59,66.0,125.4,8.25,86.46,46.2,19.03,156.31,721.27
84.2641,0.0,0.0,0.0,3.41,4.18,15.62,45.76,40.59,231.44,158.07,71.39,131.67,11.0,94.6,53.9,21.12,109.56,773.19
84.2741,0.0,0.0,0.0,0.0,0.0,11.66,33.55,28.27,238.81,165.66,76.89,137.94,11.0,100.1,59.51,23.21,73.48,813.12
84.2841,0.0,0.0,0.0,0.0,0.0,7.81,25.96,17.6,243.76,170.61,82.39,144.32,11.0,108.24,65.45,25.41,51.37,851.18
84.2941,0.0,0.0,0.0,0.0,0.0,7.81,18.26,10.56,243.76,173.03,82.39,153.78,13.75,113.63,68.42,27.5,36.63,876.26
84.3041,0.0,0.0,0.0,0.0,0.0,5.83,13.75,5.28,238.81,175.45,82.39,166.43,13.75,119.13,68.42,27.5,24.86,891.88
84.3141,0.0,0.0,0.0,0.0,0.0,3.85,10.67,3.52,233.86,177.87,79.64,179.19,13.75,127.27,71.39,29.59,18.04,912.56
84.3241,0.0,0.0,0.0,0.0,0.0,3.85,9.13,3.52,226.49,177.87,76.89,188.76,13.75,132.77,74.36,29.59,16.5,920.48
84.3341,0.0,0.0,0.0,0.0,0.0,0.0,7.59,3.52,217.03,175.45,76.89,198.44,13.75,138.16,77.33,31.79,11.11,928.84
84.3441,0.0,0.0,0.0,0.0,0.0,0.0,7.59,3.52,207.79,170.61,76.89,204.82,16.5,143.66,83.27,33.88,11.11,937.42
84.3541,0.0,0.0,0.0,0.0,0.0,0.0,6.05,0.0,198.55,163.13,74.14,214.39,16.5,149.05,86.35,35.97,6.05,938.08
84.3641,0.0,0.0,0.0,0.0,0.0,0.0,4.51,0.0,184.58,155.65,71.39,217.58,16.5,154.55,92.29,35.97,4.51,928.51
84.3741,0.0,0.0,0.0,0.0,0.0,0.0,4.51,0.0,173.03,150.59,68.75,224.07,19.25,159.94,95.26,38.06,4.51,928.95
84.3841,0.0,0.0,0.0,0.0,0.0,0.0,2.97,0.0,161.81,140.58,66.0,226.93,19.25,165.44,98.23,38.06,2.97,916.3
84.3941,0.0,0.0,0.0,0.0,0.0,0.0,2.97,0.0,149.16,133.1,63.25,229.79,19.25,168.19,101.2,38.06,2.97,902.0
84.4041,0.0,0.0,0.0,0.0,0.0,0.0,0.0,0.0,138.49,123.09,57.75,232.76,22.0,173.47,104.17,40.26,0.0,891.99
84.4141,0.0,0.0,0.0,0.0,0.0,0.0,0.0,0.0,127.93,115.5,55.11,235.62,22.0,176.22,107.14,42.35,0.0,881.87
84.4241,0.0,0.0,0.0,0.0,0.0,0.0,0.0,0.0,117.37,108.24,52.69,238.59,22.0,181.61,110.22,42.35,0.0,873.07
84.4341,0.0,0.0,0.0,0.0,0.0,0.0,0.0,0.0,109.45,101.2,50.27,241.45,22.0,187.0,113.08,44.44,0.0,868.89
84.4441,0.0,0.0,0.0,0.0,0.0,0.0,0.0,0.0,99.99,94.05,47.85,244.42,22.0,192.39,118.91,44.44,0.0,864.05
84.4541,0.0,0.0,0.0,0.0,0.0,0.0,0.0,0.0,90.42,87.01,45.43,247.28,24.75,197.67,121.77,46.53,0.0,860.86
84.4641,0.0,0.0,0.0,0.0,0.0,0.0,0.0,0.0,82.72,79.86,43.12,250.14,24.75,203.06,124.63,48.73,0.0,857.01
84.4741,0.0,0.0,0.0,0.0,0.0,0.0,0.0,0.0,77.0,75.13,40.7,250.14,24.75,208.45,130.46,50.82,0.0,857.45
84.4841,0.0,0.0,0.0,0.0,0.0,0.0,0.0,0.0,69.41,68.09,40.7,253.11,24.75,213.84,133.32,52.91,0.0,856.13
84.4941,0.0,0.0,0.0,0.0,0.0,0.0,0.0,0.0,63.69,63.36,35.86,255.97,24.75,219.23,139.15,55.11,0.0,857.12
84.5041,0.0,0.0,0.0,0.0,0.0,0.0,0.0,0.0,56.21,58.63,35.86,258.94,27.5,224.73,144.98,59.95,0.0,866.8
84.5141,0.0,0.0,0.0,0.0,0.0,0.0,0.0,0.0,50.93,53.9,33.44,258.94,27.5,230.34,150.81,64.9,0.0,870.76
84.5241,0.0,0.0,0.0,0.0,0.0,0.0,0.0,0.0,43.89,49.17,31.13,258.94,27.5,235.95,159.5,69.74,0.0,875.82
84.5341,0.0,0.0,0.0,0.0,0.0,0.0,0.0,0.0,38.61,44.55,28.71,258.94,27.5,241.45,168.3,72.16,0.0,880.22
84.5441,0.0,0.0,0.0,0.0,0.0,0.0,0.0,0.0,33.33,39.82,26.29,255.97,30.25,247.06,180.18,74.69,0.0,887.59
84.5541,0.0,0.0,0.0,0.0,0.0,0.0,0.0,0.0,26.29,32.78,21.56,253.11,30.25,252.67,192.06,79.53,0.0,888.25
84.5641,0.0,0.0,0.0,0.0,0.0,0.0,0.0,0.0,21.01,28.05,19.14,250.14,33.0,255.42,201.08,81.95,0.0,889.79
84.5741,0.0,0.0,0.0,0.0,0.0,0.0,0.0,0.0,17.49,21.01,14.3,244.42,33.0,258.28,212.96,86.9,0.0,888.36
84.5841,4.62,0.0,0.0,0.0,0.0,0.0,0.0,0.0,13.97,16.39,11.88,238.59,30.25,263.89,221.98,89.32,4.62,886.27
84.5941,6.93,0.0,0.0,0.0,0.0,0.0,0.0,0.0,10.45,11.66,9.57,229.79,30.25,263.89,230.45,94.27,6.93,880.33
84.6041,9.24,0.0,0.0,0.0,0.0,0.0,0.0,0.0,8.69,9.35,7.15,217.58,30.25,266.64,238.92,96.69,9.24,875.27
84.6141,13.86,0.0,0.0,0.0,0.0,0.0,0.0,0.0,6.93,6.93,4.73,201.63,30.25,266.64,244.53,99.11,13.86,860.75
84.6241,20.9,3.85,0.0,0.0,0.0,0.0,0.0,0.0,6.93,4.62,4.73,185.57,27.5,266.64,250.14,104.06,24.75,850.19
84.6341,44.11,9.68,0.0,0.0,0.0,0.0,0.0,0.0,5.17,4.62,0.0,166.43,22.0,266.64,253.0,106.48,53.79,824.34
84.6441,106.48,29.15,0.0,0.0,0.0,0.0,0.0,0.0,5.17,0.0,0.0,144.32,19.25,263.89,255.86,108.9,135.63,797.39
84.6541,194.15,60.94,24.2,3.41,0.0,0.0,0.0,0.0,3.41,0.0,0.0,122.21,13.75,255.42,255.86,113.85,282.7,764.5
84.6641,206.36,82.94,38.72,18.92,0.0,3.85,0.0,0.0,3.41,0.0,0.0,93.94,11.0,244.31,255.86,116.05,350.79,724.57
84.6741,208.78,104.94,50.82,25.85,0.0,9.68,0.0,3.52,0.0,0.0,0.0,68.75,5.5,224.73,253.0,120.45,403.59,672.43
84.6841,208.78,115.94,60.39,36.19,0.0,19.47,2.97,7.04,0.0,0.0,0.0,42.35,5.5,195.03,247.39,124.96,450.78,615.23
84.6941,211.2,128.48,67.54,39.6,0.0,33.22,9.13,12.32,0.0,0.0,0.0,25.41,0.0,157.19,241.67,129.47,501.49,553.74
84.7041,216.04,141.02,72.27,46.53,0.0,46.86,18.26,14.08,0.0,0.0,0.0,19.8,5.5,100.1,227.59,127.16,555.06,480.15
84.7141,223.41,151.47,79.31,49.94,6.27,56.65,30.47,17.6,0.0,0.0,0.0,14.08,5.5,56.98,192.06,120.45,615.12,389.07
84.7241,238.92,166.1,88.77,53.35,10.56,65.34,41.25,22.88,0.0,0.0,0.0,11.22,5.5,35.64,142.12,108.9,687.17,303.38
84.7341,249.26,179.63,98.23,56.87,14.74,72.05,50.38,24.64,0.0,0.0,0.0,11.22,8.25,28.49,89.32,94.27,745.8,231.55
84.7441,259.6,190.96,107.69,60.83,16.94,78.76,58.3,28.27,0.0,0.0,0.0,8.47,5.5,21.34,56.54,77.11,801.35,168.96
84.7541,270.05,197.78,114.84,63.03,21.12,85.47,65.56,28.27,0.0,0.0,0.0,5.61,5.5,16.61,41.03,52.91,846.12,121.66
84.7641,272.58,200.09,122.32,67.43,23.21,92.18,74.58,31.79,0.0,0.0,0.0,0.0,0.0,14.19,28.27,29.59,884.18,72.05
84.7741,270.05,200.09,122.32,74.03,25.41,101.2,81.84,33.55,0.0,0.0,0.0,0.0,0.0,9.46,20.46,10.56,908.49,40.48
84.7841,262.24,197.78,122.32,80.63,27.5,107.91,89.1,35.31,0.0,0.0,0.0,0.0,0.0,4.73,15.4,4.18,922.79,24.31
84.7941,254.43,193.27,119.79,85.03,29.59,114.51,96.36,38.83,0.0,0.0,0.0,0.0,0.0,4.73,12.76,0.0,931.81,17.49
84.8041,244.09,184.25,119.79,89.54,33.88,118.69,105.38,42.35,0.0,0.0,0.0,0.0,0.0,4.73,10.23,0.0,937.97,14.96
84.8141,233.75,175.12,114.84,91.74,35.97,125.07,112.64,44.11,0.0,0.0,0.0,0.0,0.0,0.0,10.23,0.0,933.24,10.23
84.8241,220.88,166.1,112.42,93.94,35.97,127.16,120.45,47.63,0.0,0.0,0.0,0.0,0.0,0.0,7.7,0.0,924.55,7.7
84.8341,208.78,155.65,107.69,96.14,38.06,131.45,126.5,49.39,0.0,0.0,0.0,0.0,0.0,0.0,7.7,0.0,913.66,7.7
84.8441,199.1,145.2,102.96,98.34,40.15,135.63,132.55,49.39,0.0,0.0,0.0,0.0,0.0,0.0,5.06,0.0,903.32,5.06
84.8541,186.89,134.75,95.81,98.34,42.35,137.72,138.6,51.15,0.0,0.0,0.0,0.0,0.0,0.0,5.06,0.0,885.61,5.06
84.8641,174.79,124.3,91.08,98.34,42.35,139.92,142.67,52.91,0.0,0.0,0.0,0.0,0.0,0.0,0.0,0.0,866.36,0.0
84.8741,160.05,113.85,84.04,100.54,44.44,142.01,146.74,52.91,0.0,0.0,0.0,0.0,0.0,0.0,0.0,0.0,844.58,0.0
84.8841,147.84,102.74,77.0,100.54,44.44,144.1,148.72,54.67,0.0,0.0,0.0,0.0,0.0,0.0,0.0,0.0,820.05,0.0
84.8941,133.1,91.74,69.85,102.74,44.44,146.19,152.79,54.67,0.0,0.0,0.0,0.0,0.0,0.0,0.0,0.0,795.52,0.0
84.9041,123.2,82.94,62.81,102.74,46.53,148.39,154.77,54.67,0.0,0.0,0.0,0.0,0.0,0.0,0.0,0.0,776.05,0.0
84.9141,110.99,76.34,58.08,102.74,46.53,150.48,158.84,56.54,0.0,0.0,0.0,0.0,0.0,0.0,0.0,0.0,760.54,0.0
84.9241,99.88,67.54,53.24,104.94,46.53,152.57,160.82,56.54,0.0,0.0,0.0,0.0,0.0,0.0,0.0,0.0,742.06,0.0
84.9341,91.08,60.94,45.98,107.14,46.53,154.66,162.8,56.54,0.0,0.0,0.0,0.0,0.0,0.0,0.0,0.0,725.67,0.0
84.9441,79.97,52.58,41.14,107.14,46.53,156.86,166.87,58.52,0.0,0.0,0.0,0.0,0.0,0.0,0.0,0.0,709.61,0.0
84.9541,71.17,48.73,36.3,109.34,48.62,158.95,168.96,58.52,0.0,0.0,0.0,0.0,0.0,0.0,0.0,0.0,700.59,0.0
84.9641,62.37,42.79,31.46,109.34,48.62,161.04,173.03,58.52,0.0,0.0,0.0,0.0,0.0,0.0,0.0,0.0,687.17,0.0
84.9741,53.35,36.96,26.62,111.54,48.62,165.33,177.21,60.5,0.0,0.0,0.0,0.0,0.0,0.0,0.0,0.0,680.13,0.0
84.9841,44.11,33.11,21.78,113.85,48.62,167.53,183.37,60.5,0.0,0.0,0.0,0.0,0.0,0.0,0.0,0.0,672.87,0.0
84.9941,34.76,27.28,16.94,113.85,50.82,169.73,191.62,62.59,0.0,0.0,0.0,0.0,0.0,0.0,0.0,0.0,667.59,0.0
85.004,27.83,23.32,14.52,113.85,50.82,174.13,197.89,62.59,0.0,0.0,0.0,0.0,0.0,0.0,0.0,0.0,664.95,0.0
85.014,23.21,19.47,12.1,113.85,50.82,176.33,208.23,64.57,0.0,0.0,0.0,0.0,0.0,0.0,0.0,0.0,668.58,0.0
85.024,18.59,17.49,12.1,113.85,50.82,178.53,216.48,66.55,0.0,0.0,0.0,0.0,0.0,0.0,0.0,0.0,674.41,0.0
85.034,13.86,13.64,9.68,111.54,52.91,182.93,224.84,68.64,0.0,0.0,0.0,0.0,0.0,0.0,0.0,0.0,678.04,0.0
85.044,13.86,9.68,7.26,109.34,52.91,185.13,233.64,70.62,0.0,0.0,0.0,0.0,0.0,0.0,0.0,0.0,682.44,0.0
85.054,11.55,7.7,7.26,109.34,50.82,187.33,240.24,72.6,0.0,0.0,0.0,0.0,0.0,0.0,0.0,0.0,686.84,0.0
85.064,9.24,5.83,4.84,104.94,50.82,189.53,246.84,74.69,0.0,0.0,0.0,0.0,0.0,0.0,0.0,0.0,686.73,0.0
85.074,6.93,5.83,4.84,98.34,48.62,189.53,251.35,76.67,0.0,0.0,0.0,0.0,0.0,0.0,0.0,0.0,682.11,0.0
85.084,4.62,3.85,0.0,93.94,46.53,189.53,255.75,78.65,0.0,0.0,0.0,0.0,0.0,0.0,0.0,0.0,672.87,0.0
85.094,4.62,3.85,0.0,85.03,42.35,189.53,260.15,82.72,0.0,0.0,0.0,0.0,0.0,0.0,0.0,0.0,668.25,0.0
85.104,4.62,3.85,0.0,74.03,38.06,189.53,260.15,84.81,5.17,0.0,0.0,0.0,0.0,0.0,0.0,0.0,655.05,5.17
85.114,0.0,0.0,0.0,65.23,33.88,187.33,260.15,88.77,15.73,4.62,0.0,0.0,0.0,0.0,0.0,0.0,635.36,20.35
85.124,0.0,0.0,0.0,55.11,27.5,182.93,255.75,90.86,63.69,16.39,0.0,0.0,0.0,0.0,0.0,0.0,612.15,80.08
85.134,0.0,0.0,0.0,46.53,21.12,178.53,249.04,92.84,203.17,53.9,16.72,5.61,0.0,0.0,7.7,0.0,588.06,287.1
85.144,0.0,0.0,0.0,36.19,16.94,167.53,242.44,94.82,189.2,75.13,31.13,45.21,0.0,4.73,15.4,0.0,557.92,360.8
85.154,0.0,0.0,0.0,25.85,10.56,152.57,233.64,96.91,198.55,105.93,47.85,75.02,8.25,56.98,48.73,10.56,519.53,551.87
85.164,0.0,0.0,0.0,17.16,8.47,133.54,222.75,96.91,212.41,123.09,60.5,90.75,8.25,72.93,51.37,14.74,478.83,634.04
85.174,0.0,0.0,0.0,11.99,6.27,103.4,208.23,96.91,207.79,128.04,63.25,100.21,8.25,81.07,59.51,19.03,426.8,667.15
85.184,0.0,0.0,0.0,11.99,6.27,69.74,185.46,92.84,196.24,130.57,60.5,109.56,8.25,89.21,56.54,19.03,366.3,669.9
85.194,0.0,0.0,0.0,10.34,6.27,42.9,148.72,82.72,189.2,135.52,60.5,122.21,8.25,100.1,62.48,23.21,290.95,701.47
85.204,0.0,0.0,0.0,6.82,6.27,27.28,101.75,70.62,191.51,143.11,63.25,131.67,8.25,110.99,65.45,27.5,212.74,741.73
85.214,0.0,0.0,0.0,5.17,4.18,19.47,56.54,54.67,198.55,150.59,68.75,137.94,11.0,116.38,74.36,29.59,140.03,787.16
85.224,0.0,0.0,0.0,3.41,0.0,15.62,38.17,40.59,212.41,158.07,76.89,141.13,11.0,127.27,80.3,31.79,97.79,838.86
85.234,0.0,0.0,0.0,3.41,0.0,13.64,28.93,26.4,221.65,165.66,85.03,147.51,13.75,135.41,89.32,35.97,72.38,894.3
85.244,0.0,0.0,0.0,0.0,0.0,9.68,22.88,15.84,226.49,168.19,87.78,156.97,13.75,140.91,95.26,38.06,48.4,927.41
85.254,0.0,0.0,0.0,0.0,0.0,9.68,16.72,10.56,224.07,170.61,90.53,166.43,16.5,149.05,98.23,40.26,36.96,955.68
85.264,0.0,0.0,0.0,0.0,0.0,5.83,12.21,5.28,214.72,170.61,87.78,176.0,13.75,157.19,101.2,42.35,23.32,963.6
85.274,0.0,0.0,0.0,0.0,0.0,3.85,9.13,3.52,207.79,168.19,85.03,188.76,16.5,165.44,104.17,42.35,16.5,978.23
85.284,0.0,0.0,0.0,0.0,0.0,3.85,9.13,3.52,196.24,163.13,82.39,201.63,16.5,170.83,107.14,44.44,16.5,982.3
85.294,0.0,0.0,0.0,0.0,0.0,3.85,7.59,3.52,186.89,158.07,79.64,211.2,16.5,178.86,110.22,46.53,14.96,987.91
85.304,0.0,0.0,0.0,0.0,0.0,0.0,4.51,0.0,175.34,153.12,76.89,220.77,19.25,184.25,113.08,48.73,4.51,991.43
85.314,0.0,0.0,0.0,0.0,0.0,0.0,4.51,0.0,161.81,143.11,71.39,229.79,19.25,189.64,115.94,50.82,4.51,981.75
85.324,0.0,0.0,0.0,0.0,0.0,0.0,2.97,0.0,151.25,135.52,66.0,235.62,19.25,195.03,115.94,52.91,2.97,971.52
85.334,0.0,0.0,0.0,0.0,0.0,0.0,0.0,0.0,138.49,128.04,63.25,244.42,19.25,197.67,118.91,52.91,0.0,962.94
85.344,0.0,0.0,0.0,0.0,0.0,0.0,0.0,0.0,127.93,118.03,57.75,250.14,19.25,200.42,118.91,55.11,0.0,947.54
85.354,0.0,0.0,0.0,0.0,0.0,0.0,0.0,0.0,115.28,110.66,52.69,255.97,22.0,203.06,121.77,55.11,0.0,936.54
85.364,0.0,0.0,0.0,0.0,0.0,0.0,0.0,0.0,103.73,103.51,47.85,258.94,22.0,205.81,121.77,57.53,0.0,921.14
85.374,0.0,0.0,0.0,0.0,0.0,0.0,0.0,0.0,94.16,94.05,45.43,264.77,22.0,208.45,121.77,57.53,0.0,908.16
85.384,0.0,0.0,0.0,0.0,0.0,0.0,0.0,0.0,84.7,87.01,40.7,267.63,22.0,211.2,124.63,57.53,0.0,895.4
85.394,0.0,0.0,0.0,0.0,0.0,0.0,0.0,0.0,75.13,79.86,38.28,270.6,22.0,213.84,124.63,59.95,0.0,884.29
85.404,0.0,0.0,0.0,0.0,0.0,0.0,0.0,0.0,67.43,72.82,33.44,273.46,22.0,216.59,124.63,59.95,0.0,870.32
85.414,0.0,0.0,0.0,0.0,0.0,0.0,0.0,0.0,57.97,65.67,31.13,276.43,22.0,219.23,127.6,59.95,0.0,859.98
85.424,0.0,0.0,0.0,0.0,0.0,0.0,0.0,0.0,52.69,60.94,28.71,276.43,22.0,224.73,130.46,62.37,0.0,858.33
85.434,0.0,0.0,0.0,0.0,0.0,0.0,0.0,0.0,45.65,56.21,23.87,276.43,22.0,227.48,130.46,62.37,0.0,844.47
85.444,0.0,0.0,0.0,0.0,0.0,0.0,0.0,0.0,40.37,51.59,21.56,273.46,22.0,230.34,136.29,64.9,0.0,840.51
85.454,0.0,0.0,0.0,0.0,0.0,0.0,0.0,0.0,36.85,46.86,19.14,273.46,22.0,233.09,139.15,67.32,0.0,837.87
85.464,0.0,0.0,0.0,0.0,0.0,0.0,0.0,0.0,31.57,42.13,16.72,270.6,22.0,235.95,144.98,69.74,0.0,833.69
85.474,0.0,0.0,0.0,0.0,0.0,0.0,0.0,0.0,28.05,39.82,16.72,270.6,22.0,238.7,150.81,72.16,0.0,838.86
85.484,0.0,0.0,0.0,0.0,0.0,0.0,0.0,0.0,24.53,35.09,14.3,267.63,22.0,241.45,156.53,74.69,0.0,836.22
85.494,0.0,0.0,0.0,0.0,0.0,0.0,0.0,0.0,21.01,32.78,11.88,267.63,24.75,247.06,165.33,77.11,0.0,847.55
85.504,0.0,0.0,0.0,0.0,0.0,0.0,0.0,0.0,17.49,25.74,11.88,264.77,24.75,252.67,174.24,79.53,0.0,851.07
85.514,0.0,0.0,0.0,0.0,0.0,0.0,0.0,0.0,15.73,21.01,9.57,261.8,24.75,255.42,183.15,84.48,0.0,855.91
85.524,0.0,0.0,0.0,0.0,0.0,0.0,0.0,0.0,12.21,18.7,9.57,258.94,24.75,258.28,192.06,86.9,0.0,861.41
85.534,0.0,0.0,0.0,0.0,0.0,0.0,0.0,0.0,10.45,13.97,7.15,255.97,24.75,263.89,201.08,91.74,0.0,869.0
85.544,0.0,0.0,0.0,0.0,0.0,0.0,0.0,0.0,10.45,11.66,7.15,250.14,27.5,266.64,212.96,94.27,0.0,880.77
85.554,0.0,0.0,0.0,0.0,0.0,0.0,0.0,0.0,8.69,9.35,7.15,238.59,24.75,269.39,218.9,99.11,0.0,875.93
85.564,6.93,0.0,0.0,0.0,0.0,0.0,0.0,0.0,6.93,6.93,4.73,226.93,24.75,269.39,227.59,101.53,6.93,868.78
85.574,13.86,0.0,0.0,0.0,0.0,0.0,0.0,0.0,5.17,6.93,0.0,211.2,22.0,269.39,230.45,106.48,13.86,851.62
85.584,27.83,5.83,0.0,0.0,0.0,0.0,0.0,0.0,5.17,4.62,0.0,191.95,22.0,269.39,236.06,111.32,33.66,840.51
85.594,60.17,17.49,0.0,0.0,0.0,0.0,0.0,0.0,5.17,4.62,0.0,172.81,19.25,266.64,236.06,116.05,77.66,820.6
85.604,152.68,44.77,14.52,0.0,0.0,0.0,0.0,0.0,3.41,4.62,0.0,150.59,13.75,263.89,238.92,120.45,211.97,795.63
85.614,211.2,71.94,36.3,11.99,0.0,0.0,0.0,0.0,3.41,0.0,0.0,125.4,11.0,255.42,238.92,124.96,331.43,759.11
85.624,203.94,89.54,45.98,24.09,0.0,7.81,0.0,0.0,0.0,0.0,0.0,97.02,8.25,241.45,238.92,129.47,371.36,715.11
85.634,201.52,100.54,58.08,31.02,0.0,19.47,4.51,7.04,0.0,0.0,0.0,65.67,5.5,219.23,236.06,138.38,422.18,664.84
85.644,201.52,109.34,62.81,32.67,0.0,33.22,12.21,12.32,0.0,0.0,0.0,39.6,0.0,184.25,236.06,145.09,464.09,605.0
85.654,203.94,122.21,69.85,37.84,4.18,44.88,22.88,15.84,0.0,0.0,0.0,25.41,5.5,132.77,227.59,147.29,521.62,538.56
85.664,211.2,134.75,77.0,43.01,8.47,54.67,35.09,21.12,0.0,0.0,0.0,19.8,5.5,78.32,201.08,140.58,585.31,445.28
85.674,220.88,147.29,84.04,46.53,12.65,67.54,44.22,24.64,0.0,0.0,0.0,16.94,8.25,45.1,156.53,129.47,647.79,356.29
85.684,231.11,161.92,93.5,49.94,14.74,76.56,53.46,26.4,0.0,0.0,0.0,14.08,8.25,30.8,104.17,113.85,707.63,271.15
85.694,246.73,172.81,105.27,55.11,19.03,83.27,63.69,30.03,0.0,0.0,0.0,11.22,5.5,26.07,65.45,96.69,775.94,204.93
85.704,259.6,181.94,117.37,58.63,21.12,92.18,74.58,33.55,0.0,0.0,0.0,8.47,5.5,21.34,46.2,72.16,838.97,153.67
85.714,267.41,188.76,124.74,63.03,23.21,96.69,83.71,37.07,0.0,0.0,0.0,5.61,0.0,14.19,33.33,44.44,884.62,97.57
85.724,267.41,188.76,127.27,67.43,25.41,105.6,90.86,40.59,0.0,0.0,0.0,0.0,0.0,11.88,23.1,19.03,913.33,54.01
85.734,262.24,186.45,127.27,74.03,27.5,112.42,98.12,44.11,0.0,0.0,0.0,0.0,0.0,7.04,17.93,6.27,932.14,31.24
85.744,251.9,181.94,124.74,78.43,29.59,118.69,105.38,47.63,0.0,0.0,0.0,0.0,0.0,7.04,15.4,4.18,938.3,26.62
85.754,244.09,175.12,122.32,82.83,31.68,125.07,112.64,51.15,0.0,0.0,0.0,0.0,0.0,4.73,12.76,4.18,944.9,21.67
85.764,231.11,168.3,119.79,85.03,33.88,129.25,120.45,52.91,0.0,0.0,0.0,0.0,0.0,4.73,10.23,0.0,940.72,14.96
85.774,220.88,157.74,114.84,87.34,33.88,133.54,128.59,54.67,0.0,0.0,0.0,0.0,0.0,0.0,10.23,0.0,931.48,10.23
85.784,208.78,149.38,107.69,89.54,35.97,137.72,134.64,56.54,0.0,0.0,0.0,0.0,0.0,0.0,10.23,0.0,920.26,10.23
85.794,199.1,141.02,105.27,91.74,38.06,139.92,138.6,56.54,0.0,0.0,0.0,0.0,0.0,0.0,7.7,0.0,910.25,7.7
85.804,189.31,130.57,98.23,91.74,40.15,142.01,144.65,58.52,0.0,0.0,0.0,0.0,0.0,0.0,7.7,0.0,895.18,7.7
85.814,179.63,122.21,93.5,91.74,40.15,142.01,146.74,58.52,0.0,0.0,0.0,0.0,0.0,0.0,5.06,0.0,874.5,5.06
85.824,167.53,113.85,88.77,93.94,40.15,144.1,150.7,58.52,0.0,0.0,0.0,0.0,0.0,0.0,5.06,0.0,857.56,5.06
85.834,157.63,104.94,81.73,93.94,40.15,146.19,152.79,58.52,0.0,0.0,0.0,0.0,0.0,0.0,5.06,0.0,835.89,5.06
85.844,145.31,96.14,74.58,93.94,42.35,146.19,154.77,60.5,0.0,0.0,0.0,0.0,0.0,0.0,5.06,0.0,813.78,5.06
85.854,135.52,89.54,69.85,96.14,42.35,148.39,156.75,60.5,0.0,0.0,0.0,0.0,0.0,0.0,0.0,0.0,799.04,0.0
85.864,125.73,80.74,65.12,96.14,42.35,150.48,158.84,60.5,0.0,0.0,0.0,0.0,0.0,0.0,0.0,0.0,779.9,0.0
85.874,113.41,74.14,60.39,96.14,42.35,150.48,160.82,60.5,0.0,0.0,0.0,0.0,0.0,0.0,0.0,0.0,758.23,0.0
85.884,104.28,65.34,53.24,98.34,44.44,152.57,162.8,62.59,0.0,0.0,0.0,0.0,0.0,0.0,0.0,0.0,743.6,0.0
85.894,95.48,58.74,48.4,100.54,44.44,154.66,166.87,62.59,0.0,0.0,0.0,0.0,0.0,0.0,0.0,0.0,731.72,0.0
85.904,84.48,52.58,43.56,100.54,44.44,158.95,168.96,62.59,0.0,0.0,0.0,0.0,0.0,0.0,0.0,0.0,716.1,0.0
85.914,75.57,46.75,38.72,100.54,44.44,158.95,173.03,62.59,0.0,0.0,0.0,0.0,0.0,0.0,0.0,0.0,700.59,0.0
85.924,64.57,42.79,33.88,102.74,46.53,163.13,177.21,62.59,0.0,0.0,0.0,0.0,0.0,0.0,0.0,0.0,693.44,0.0
85.934,55.77,36.96,29.04,102.74,46.53,165.33,183.37,62.59,0.0,0.0,0.0,0.0,0.0,0.0,0.0,0.0,682.33,0.0
85.944,46.42,33.11,24.2,104.94,48.62,167.53,189.64,64.57,0.0,0.0,0.0,0.0,0.0,0.0,0.0,0.0,679.03,0.0
85.954,39.49,29.15,21.78,104.94,48.62,169.73,197.89,64.57,0.0,0.0,0.0,0.0,0.0,0.0,0.0,0.0,676.17,0.0
85.964,32.45,25.3,16.94,104.94,50.82,171.93,206.14,66.55,0.0,0.0,0.0,0.0,0.0,0.0,0.0,0.0,675.07,0.0
85.974,25.52,21.34,14.52,104.94,50.82,176.33,216.48,68.64,0.0,0.0,0.0,0.0,0.0,0.0,0.0,0.0,678.59,0.0
85.984,23.21,17.49,14.52,104.94,52.91,178.53,224.84,70.62,0.0,0.0,0.0,0.0,0.0,0.0,0.0,0.0,687.06,0.0
85.994,18.59,15.51,12.1,102.74,52.91,180.73,235.84,70.62,0.0,0.0,0.0,0.0,0.0,0.0,0.0,0.0,689.04,0.0
86.004,16.17,11.66,9.68,100.54,52.91,182.93,244.64,72.6,0.0,0.0,0.0,0.0,0.0,0.0,0.0,0.0,691.13,0.0
86.014,13.86,9.68,7.26,98.34,52.91,185.13,253.55,74.69,0.0,0.0,0.0,0.0,0.0,0.0,0.0,0.0,695.42,0.0
86.024,9.24,7.7,7.26,93.94,52.91,185.13,260.15,76.67,0.0,0.0,0.0,0.0,0.0,0.0,0.0,0.0,693.0,0.0
86.034,6.93,5.83,4.84,85.03,50.82,185.13,266.75,78.65,3.41,0.0,0.0,0.0,0.0,0.0,0.0,0.0,683.98,3.41
86.044,4.62,5.83,4.84,78.43,46.53,185.13,271.15,80.74,8.69,0.0,0.0,0.0,0.0,0.0,0.0,0.0,677.27,8.69
86.054,4.62,3.85,0.0,67.43,42.35,182.93,275.66,82.72,24.53,4.62,0.0,0.0,0.0,0.0,0.0,0.0,659.56,29.15
86.064,0.0,3.85,0.0,56.87,38.06,178.53,275.66,86.79,98.01,30.47,7.15,0.0,0.0,0.0,5.06,0.0,639.76,140.69
86.074,0.0,0.0,0.0,48.18,33.88,174.13,275.66,88.77,193.82,60.94,26.29,14.08,0.0,0.0,10.23,0.0,620.62,305.36
86.084,0.0,0.0,0.0,37.84,27.5,163.13,268.95,90.86,184.58,87.01,40.7,71.94,0.0,16.61,20.46,0.0,588.28,421.3
86.094,0.0,0.0,0.0,27.5,19.03,148.39,264.55,94.82,196.24,108.24,52.69,81.29,5.5,47.52,30.8,6.27,554.29,528.55
86.104,0.0,0.0,0.0,18.92,12.65,129.25,253.55,94.82,191.51,113.08,55.11,90.75,8.25,62.04,41.03,12.65,509.19,574.42
86.114,0.0,0.0,0.0,11.99,8.47,101.2,242.44,96.91,184.58,115.5,55.11,97.02,8.25,64.79,43.67,12.65,461.01,581.57
86.124,0.0,0.0,0.0,10.34,6.27,72.05,222.75,94.82,175.34,115.5,52.69,100.21,8.25,70.18,46.2,14.74,406.23,583.11
86.134,0.0,0.0,0.0,8.58,4.18,42.9,191.62,90.86,175.34,120.56,55.11,106.48,8.25,81.07,51.37,19.03,338.14,617.21
86.144,0.0,0.0,0.0,6.82,6.27,29.26,146.74,78.65,179.96,128.04,60.5,112.75,8.25,89.21,59.51,21.12,267.74,659.34
86.154,0.0,0.0,0.0,6.82,4.18,21.45,92.73,60.5,189.2,135.52,66.0,119.02,11.0,94.6,65.45,23.21,185.68,704.0
86.164,0.0,0.0,0.0,5.17,4.18,17.49,51.92,47.63,205.48,145.64,74.14,122.21,11.0,102.74,74.36,27.5,126.39,763.07
86.174,0.0,0.0,0.0,3.41,0.0,13.64,38.17,37.07,217.03,153.12,82.39,128.48,13.75,110.99,83.27,29.59,92.29,818.62
86.184,0.0,0.0,0.0,0.0,0.0,9.68,28.93,26.4,224.07,155.65,90.53,131.67,16.5,119.13,89.32,31.79,65.01,858.66
86.194,0.0,0.0,0.0,0.0,0.0,7.81,24.42,17.6,228.91,160.6,93.28,141.13,16.5,127.27,95.26,33.88,49.83,896.83
86.204,0.0,0.0,0.0,0.0,0.0,5.83,19.8,10.56,224.07,160.6,93.28,147.51,16.5,132.77,98.23,35.97,36.19,908.93
86.214,0.0,0.0,0.0,0.0,0.0,5.83,15.18,5.28,217.03,160.6,93.28,156.97,16.5,143.66,104.17,38.06,26.29,930.27
86.224,0.0,0.0,0.0,0.0,0.0,3.85,12.21,5.28,210.1,160.6,93.28,166.43,19.25,151.8,110.22,40.26,21.34,951.94
86.234,0.0,0.0,0.0,0.0,0.0,3.85,10.67,3.52,205.48,158.07,93.28,176.0,19.25,159.94,113.08,42.35,18.04,967.45
86.244,0.0,0.0,0.0,0.0,0.0,0.0,9.13,3.52,200.86,155.65,93.28,182.38,19.25,165.44,118.91,44.44,12.65,980.21
86.254,0.0,0.0,0.0,0.0,0.0,0.0,7.59,3.52,191.51,150.59,90.53,188.76,22.0,170.83,121.77,46.53,11.11,982.52
86.264,0.0,0.0,0.0,0.0,0.0,0.0,7.59,3.52,182.27,145.64,87.78,195.14,22.0,176.22,124.63,48.73,11.11,982.41
86.274,0.0,0.0,0.0,0.0,0.0,0.0,6.05,0.0,170.72,140.58,82.39,201.63,22.0,181.61,127.6,50.82,6.05,977.35
86.284,0.0,0.0,0.0,0.0,0.0,0.0,4.51,0.0,161.81,133.1,79.64,204.82,22.0,184.25,130.46,52.91,4.51,968.99
86.294,0.0,0.0,0.0,0.0,0.0,0.0,4.51,0.0,151.25,125.51,76.89,208.01,24.75,187.0,133.32,55.11,4.51,961.84
86.304,0.0,0.0,0.0,0.0,0.0,0.0,2.97,0.0,140.69,118.03,71.39,211.2,24.75,189.64,136.29,55.11,2.97,947.1
86.314,0.0,0.0,0.0,0.0,0.0,0.0,0.0,0.0,132.22,113.08,68.75,214.39,24.75,192.39,136.29,55.11,0.0,936.98
86.324,0.0,0.0,0.0,0.0,0.0,0.0,0.0,0.0,121.55,105.93,63.25,217.58,24.75,195.03,139.15,57.53,0.0,924.77
86.334,0.0,0.0,0.0,0.0,0.0,0.0,0.0,0.0,111.43,98.78,57.75,220.77,27.5,197.67,142.12,59.95,0.0,915.97
86.344,0.0,0.0,0.0,0.0,0.0,0.0,0.0,0.0,101.86,94.05,55.11,224.07,27.5,200.42,142.12,59.95,0.0,905.08
86.354,0.0,0.0,0.0,0.0,0.0,0.0,0.0,0.0,94.16,87.01,50.27,229.79,27.5,203.06,144.98,62.37,0.0,899.14
86.364,0.0,0.0,0.0,0.0,0.0,0.0,0.0,0.0,86.57,79.86,47.85,232.76,27.5,208.45,147.84,62.37,0.0,893.2
86.374,0.0,0.0,0.0,0.0,0.0,0.0,0.0,0.0,78.98,75.13,45.43,235.62,27.5,211.2,150.81,64.9,0.0,889.57
86.384,0.0,0.0,0.0,0.0,0.0,0.0,0.0,0.0,73.15,70.4,43.12,241.45,27.5,213.84,150.81,67.32,0.0,887.59
86.394,0.0,0.0,0.0,0.0,0.0,0.0,0.0,0.0,67.43,65.67,40.7,244.42,27.5,219.23,153.67,67.32,0.0,885.94
86.404,0.0,0.0,0.0,0.0,0.0,0.0,0.0,0.0,61.71,63.36,38.28,247.28,27.5,221.98,156.53,69.74,0.0,886.38
86.414,0.0,0.0,0.0,0.0,0.0,0.0,0.0,0.0,56.21,58.63,35.86,250.14,27.5,224.73,159.5,69.74,0.0,882.31
86.424,0.0,0.0,0.0,0.0,0.0,0.0,0.0,0.0,50.93,53.9,33.44,253.11,27.5,230.34,162.36,72.16,0.0,883.74
86.4339,0.0,0.0,0.0,0.0,0.0,0.0,0.0,0.0,43.89,49.17,31.13,255.97,27.5,233.09,168.3,74.69,0.0,883.74
86.4439,0.0,0.0,0.0,0.0,0.0,0.0,0.0,0.0,38.61,44.55,26.29,255.97,30.25,238.7,174.24,77.11,0.0,885.72
86.4539,0.0,0.0,0.0,0.0,0.0,0.0,0.0,0.0,31.57,39.82,23.87,255.97,30.25,241.45,180.18,79.53,0.0,882.64
86.4639,0.0,0.0,0.0,0.0,0.0,0.0,0.0,0.0,26.29,35.09,19.14,255.97,30.25,247.06,189.09,84.48,0.0,887.37
86.4739,0.0,0.0,0.0,0.0,0.0,0.0,0.0,0.0,21.01,28.05,16.72,253.11,30.25,249.92,198.11,86.9,0.0,884.07
86.4839,0.0,0.0,0.0,0.0,0.0,0.0,0.0,0.0,17.49,21.01,11.88,247.28,30.25,255.42,207.02,91.74,0.0,882.09
86.4939,0.0,0.0,0.0,0.0,0.0,0.0,0.0,0.0,13.97,16.39,11.88,238.59,30.25,255.42,215.93,96.69,0.0,879.12
86.5039,0.0,0.0,0.0,0.0,0.0,0.0,0.0,0.0,12.21,11.66,9.57,229.79,30.25,258.28,224.73,101.53,0.0,878.02
86.5139,0.0,0.0,0.0,0.0,0.0,0.0,0.0,0.0,8.69,9.35,7.15,217.58,30.25,261.03,233.2,104.06,0.0,871.31
86.5239,0.0,0.0,0.0,0.0,0.0,0.0,0.0,0.0,8.69,6.93,4.73,201.63,27.5,261.03,238.92,108.9,0.0,858.33
86.5339,6.93,3.85,0.0,0.0,0.0,0.0,0.0,0.0,6.93,4.62,4.73,185.57,24.75,261.03,244.53,113.85,10.78,846.01
86.5439,25.52,7.7,0.0,0.0,0.0,0.0,0.0,0.0,5.17,4.62,0.0,169.62,22.0,261.03,244.53,116.05,33.22,823.02
86.5539,75.57,27.28,0.0,0.0,0.0,0.0,0.0,0.0,5.17,4.62,0.0,150.59,19.25,258.28,247.39,120.45,102.85,805.75
86.5639,206.36,78.54,26.62,17.16,0.0,0.0,2.97,0.0,3.41,0.0,0.0,128.48,13.75,252.67,244.53,124.96,331.65,767.8
86.5739,225.94,104.94,43.56,31.02,0.0,11.66,2.97,3.52,0.0,0.0,0.0,100.21,11.0,244.31,241.67,129.47,423.61,726.66
86.5839,218.46,118.03,58.08,37.84,0.0,27.28,7.59,10.56,0.0,0.0,0.0,71.94,5.5,221.98,238.92,133.87,477.84,672.21
86.5939,216.04,130.57,62.81,43.01,0.0,41.03,16.72,15.84,0.0,0.0,0.0,42.35,5.5,189.64,233.2,136.18,526.02,606.87
86.6039,213.62,138.93,65.12,49.94,6.27,50.71,25.96,19.36,0.0,0.0,0.0,25.41,5.5,146.3,224.73,138.38,569.91,540.32
86.6139,211.2,147.29,67.54,56.87,8.47,60.83,35.09,22.88,0.0,0.0,0.0,19.8,5.5,86.46,204.05,131.67,610.17,447.48
86.6239,211.2,157.74,72.27,63.03,10.56,74.25,44.22,26.4,0.0,0.0,0.0,16.94,8.25,49.83,162.36,118.25,659.67,355.63
86.6339,218.46,166.1,77.0,71.83,14.74,83.27,53.46,30.03,0.0,0.0,0.0,14.08,8.25,33.22,113.08,101.53,714.89,270.16
86.6439,228.58,177.43,84.04,78.43,16.94,94.49,63.69,31.79,0.0,0.0,0.0,11.22,5.5,26.07,68.42,84.48,775.39,195.69
86.6539,238.92,186.45,93.5,87.34,21.12,103.4,74.58,35.31,0.0,0.0,0.0,8.47,5.5,16.61,46.2,59.95,840.62,136.73
86.6639,241.45,190.96,98.23,93.94,23.21,112.42,83.71,38.83,0.0,0.0,0.0,5.61,0.0,16.61,35.97,35.97,882.75,94.16
86.6739,241.45,193.27,100.54,102.74,25.41,118.69,89.1,42.35,0.0,0.0,0.0,5.61,0.0,11.88,25.63,19.03,913.55,62.15
86.6839,233.75,188.76,98.23,109.34,27.5,127.16,96.36,45.87,0.0,0.0,0.0,0.0,0.0,7.04,17.93,6.27,926.97,31.24
86.6939,225.94,184.25,95.81,118.25,29.59,133.54,101.75,49.39,0.0,0.0,0.0,0.0,0.0,7.04,15.4,6.27,938.52,28.71
86.7039,213.62,175.12,91.08,127.27,29.59,139.92,105.38,51.15,0.0,0.0,0.0,0.0,0.0,4.73,15.4,4.18,933.13,24.31
86.7139,201.52,164.01,86.35,131.67,31.68,146.19,110.88,54.67,0.0,0.0,0.0,0.0,0.0,4.73,10.23,4.18,926.97,19.14
86.7239,189.31,153.56,81.73,136.18,31.68,150.48,116.49,56.54,0.0,0.0,0.0,0.0,0.0,0.0,10.23,0.0,915.97,10.23
86.7339,177.21,141.02,77.0,138.38,33.88,154.66,122.54,58.52,0.0,0.0,0.0,0.0,0.0,0.0,7.7,0.0,903.21,7.7
86.7439,165.0,130.57,72.27,140.69,35.97,156.86,126.5,60.5,0.0,0.0,0.0,0.0,0.0,0.0,7.7,0.0,888.36,7.7
86.7539,152.68,122.21,67.54,142.89,35.97,158.95,130.57,62.59,0.0,0.0,0.0,0.0,0.0,0.0,5.06,0.0,873.4,5.06
86.7639,140.47,111.54,60.39,145.09,38.06,161.04,134.64,62.59,0.0,0.0,0.0,0.0,0.0,0.0,5.06,0.0,853.82,5.06
86.7739,128.15,100.54,55.77,145.09,38.06,163.13,136.62,64.57,0.0,0.0,0.0,0.0,0.0,0.0,5.06,0.0,831.93,5.06
86.7839,115.83,89.54,50.82,145.09,38.06,163.13,138.6,64.57,0.0,0.0,0.0,0.0,0.0,0.0,0.0,0.0,805.64,0.0
86.7939,104.28,78.54,45.98,147.4,38.06,165.33,140.69,66.55,0.0,0.0,0.0,0.0,0.0,0.0,0.0,0.0,786.83,0.0
86.8039,93.28,69.74,38.72,147.4,38.06,167.53,140.69,66.55,0.0,0.0,0.0,0.0,0.0,0.0,0.0,0.0,761.97,0.0
86.8139,84.48,63.14,36.3,147.4,38.06,167.53,142.67,66.55,0.0,0.0,0.0,0.0,0.0,0.0,0.0,0.0,746.13,0.0
86.8239,77.77,56.54,31.46,147.4,38.06,167.53,144.65,68.64,0.0,0.0,0.0,0.0,0.0,0.0,0.0,0.0,732.05,0.0
86.8339,71.17,52.58,29.04,149.6,38.06,169.73,144.65,68.64,0.0,0.0,0.0,0.0,0.0,0.0,0.0,0.0,723.47,0.0
86.8439,64.57,48.73,26.62,149.6,38.06,171.93,146.74,68.64,0.0,0.0,0.0,0.0,0.0,0.0,0.0,0.0,714.89,0.0
86.8539,57.97,44.77,21.78,151.8,38.06,171.93,148.72,68.64,0.0,0.0,0.0,0.0,0.0,0.0,0.0,0.0,703.67,0.0
86.8639,51.04,40.92,19.36,151.8,38.06,174.13,148.72,70.62,0.0,0.0,0.0,0.0,0.0,0.0,0.0,0.0,694.65,0.0
86.8739,44.11,36.96,16.94,154.11,38.06,176.33,152.79,70.62,0.0,0.0,0.0,0.0,0.0,0.0,0.0,0.0,689.92,0.0
86.8839,39.49,35.09,16.94,154.11,38.06,178.53,154.77,70.62,0.0,0.0,0.0,0.0,0.0,0.0,0.0,0.0,687.61,0.0
86.8939,32.45,31.13,14.52,156.31,38.06,180.73,158.84,72.6,0.0,0.0,0.0,0.0,0.0,0.0,0.0,0.0,684.64,0.0
86.9039,30.14,29.15,12.1,158.51,40.15,182.93,160.82,72.6,0.0,0.0,0.0,0.0,0.0,0.0,0.0,0.0,686.4,0.0
86.9139,25.52,27.28,12.1,160.82,40.15,185.13,164.89,74.69,0.0,0.0,0.0,0.0,0.0,0.0,0.0,0.0,690.58,0.0
86.9239,23.21,25.3,12.1,163.02,40.15,187.33,168.96,74.69,0.0,0.0,0.0,0.0,0.0,0.0,0.0,0.0,694.76,0.0
86.9339,20.9,23.32,9.68,165.33,40.15,189.53,173.03,76.67,0.0,0.0,0.0,0.0,0.0,0.0,0.0,0.0,698.61,0.0
86.9439,18.59,21.34,9.68,167.64,42.35,191.73,177.21,76.67,0.0,0.0,0.0,0.0,0.0,0.0,0.0,0.0,705.21,0.0
86.9539,16.17,19.47,9.68,169.95,42.35,194.04,181.28,78.65,0.0,0.0,0.0,0.0,0.0,0.0,0.0,0.0,711.59,0.0
86.9639,16.17,17.49,9.68,169.95,42.35,196.24,185.46,78.65,0.0,0.0,0.0,0.0,0.0,0.0,0.0,0.0,715.99,0.0
86.9739,13.86,15.51,7.26,169.95,42.35,198.44,189.64,80.74,0.0,0.0,0.0,0.0,0.0,0.0,0.0,0.0,717.75,0.0
86.9839,11.55,13.64,7.26,167.64,42.35,200.64,193.71,80.74,0.0,0.0,0.0,0.0,0.0,0.0,0.0,0.0,717.53,0.0
86.9939,11.55,11.66,7.26,163.02,42.35,200.64,197.89,80.74,0.0,0.0,0.0,0.0,0.0,0.0,0.0,0.0,715.11,0.0
87.0039,9.24,9.68,4.84,158.51,42.35,200.64,204.05,82.72,0.0,0.0,0.0,0.0,0.0,0.0,0.0,0.0,712.03,0.0
87.0139,6.93,7.7,4.84,149.6,40.15,200.64,208.23,84.81,0.0,0.0,0.0,0.0,0.0,0.0,0.0,0.0,702.9,0.0
87.0239,4.62,5.83,0.0,138.38,38.06,198.44,210.32,86.79,0.0,0.0,0.0,0.0,0.0,0.0,0.0,0.0,682.44,0.0
87.0339,4.62,5.83,0.0,127.27,35.97,198.44,214.39,88.77,0.0,0.0,0.0,0.0,0.0,0.0,0.0,0.0,675.29,0.0
87.0439,4.62,3.85,0.0,113.85,33.88,196.24,216.48,90.86,12.21,0.0,0.0,0.0,0.0,0.0,0.0,0.0,659.78,12.21
87.0539,0.0,3.85,0.0,102.74,29.59,194.04,218.57,94.82,40.37,6.93,0.0,0.0,0.0,0.0,0.0,0.0,643.61,47.3
87.0639,0.0,0.0,0.0,89.54,27.5,191.73,218.57,96.91,138.49,32.78,7.15,0.0,0.0,0.0,0.0,0.0,624.25,178.42
87.0739,0.0,0.0,0.0,74.03,23.21,185.13,218.57,100.87,173.03,46.86,16.72,11.22,0.0,0.0,7.7,0.0,601.81,255.53
87.0839,0.0,0.0,0.0,58.63,19.03,176.33,216.48,102.96,149.16,60.94,26.29,39.6,0.0,0.0,10.23,0.0,573.43,286.22
87.0939,0.0,0.0,0.0,46.53,14.74,165.33,214.39,102.96,159.72,82.28,38.28,71.94,5.5,40.37,25.63,6.27,543.95,429.99
87.1039,0.0,0.0,0.0,36.19,10.56,150.48,210.32,104.94,179.96,101.2,50.27,81.29,5.5,54.56,38.5,12.65,512.49,523.93
87.1139,0.0,0.0,0.0,25.85,8.47,133.54,204.05,104.94,179.96,105.93,50.27,90.75,5.5,59.4,43.67,16.94,476.85,552.42
87.1239,0.0,0.0,0.0,17.16,6.27,107.91,195.8,104.94,170.72,105.93,50.27,100.21,8.25,62.04,43.67,16.94,432.08,558.03
87.1339,0.0,0.0,0.0,15.51,6.27,80.96,181.28,100.87,161.81,110.66,47.85,112.75,5.5,70.18,46.2,19.03,384.89,573.98
87.1439,0.0,0.0,0.0,13.75,6.27,52.69,154.77,94.82,157.63,113.08,50.27,125.4,5.5,81.07,48.73,21.12,322.3,602.8
87.1539,0.0,0.0,0.0,11.99,6.27,35.09,118.47,84.81,157.63,118.03,50.27,134.86,8.25,89.21,53.9,25.41,256.63,637.56
87.1639,0.0,0.0,0.0,8.58,4.18,25.3,80.08,72.6,161.81,123.09,55.11,144.32,8.25,100.1,62.48,27.5,190.74,682.66
87.1739,0.0,0.0,0.0,6.82,0.0,19.47,47.3,56.54,170.72,130.57,60.5,153.78,11.0,110.99,71.39,29.59,130.13,738.54
87.1839,0.0,0.0,0.0,5.17,0.0,15.62,33.55,42.35,179.96,138.05,66.0,166.43,11.0,121.88,80.3,33.88,96.69,797.5
87.1939,0.0,0.0,0.0,3.41,0.0,13.64,27.5,30.03,184.58,145.64,71.39,179.19,13.75,132.77,86.35,35.97,74.58,849.64
87.2039,0.0,0.0,0.0,3.41,0.0,9.68,21.34,19.36,184.58,150.59,71.39,191.95,13.75,143.66,92.29,38.06,53.79,886.27
87.2139,0.0,0.0,0.0,3.41,0.0,9.68,16.72,12.32,179.96,153.12,71.39,208.01,16.5,151.8,95.26,40.26,42.13,916.3
87.2239,0.0,0.0,0.0,0.0,0.0,7.81,12.21,7.04,175.34,153.12,71.39,220.77,16.5,162.69,98.23,42.35,27.06,940.39
87.2339,0.0,0.0,0.0,0.0,0.0,5.83,9.13,3.52,170.72,150.59,71.39,232.76,16.5,170.83,104.17,46.53,18.48,963.49
87.2439,0.0,0.0,0.0,0.0,0.0,3.85,7.59,5.28,161.81,148.06,68.75,244.42,16.5,181.61,110.22,48.73,16.72,980.1
87.2539,0.0,0.0,0.0,0.0,0.0,3.85,7.59,3.52,153.34,140.58,66.0,253.11,19.25,189.64,113.08,52.91,14.96,987.91
87.2639,0.0,0.0,0.0,0.0,0.0,3.85,6.05,3.52,142.78,133.1,63.25,261.8,19.25,195.03,118.91,57.53,13.42,991.65
87.2739,0.0,0.0,0.0,0.0,0.0,0.0,4.51,3.52,130.02,123.09,60.5,267.63,19.25,203.06,121.77,62.37,8.03,987.69
87.2839,0.0,0.0,0.0,0.0,0.0,0.0,2.97,3.52,115.28,113.08,55.11,273.46,19.25,208.45,124.63,67.32,6.49,976.58
87.2939,0.0,0.0,0.0,0.0,0.0,0.0,0.0,0.0,101.86,101.2,50.27,279.51,22.0,213.84,130.46,69.74,0.0,968.88
87.3039,0.0,0.0,0.0,0.0,0.0,0.0,0.0,0.0,90.42,91.74,45.43,282.7,22.0,216.59,130.46,72.16,0.0,951.5
87.3139,0.0,0.0,0.0,0.0,0.0,0.0,0.0,0.0,77.0,82.28,40.7,282.7,22.0,221.98,133.32,77.11,0.0,937.09
87.3239,0.0,0.0,0.0,0.0,0.0,0.0,0.0,0.0,67.43,72.82,35.86,285.89,22.0,224.73,136.29,79.53,0.0,924.55
87.3339,0.0,0.0,0.0,0.0,0.0,0.0,0.0,0.0,57.97,65.67,33.44,285.89,22.0,227.48,139.15,81.95,0.0,913.55
87.3439,0.0,0.0,0.0,0.0,0.0,0.0,0.0,0.0,50.93,58.63,28.71,285.89,22.0,230.34,139.15,84.48,0.0,900.13
87.3539,0.0,0.0,0.0,0.0,0.0,0.0,0.0,0.0,43.89,53.9,23.87,285.89,19.25,233.09,142.12,86.9,0.0,888.91
87.3639,0.0,0.0,0.0,0.0,0.0,0.0,0.0,0.0,36.85,46.86,19.14,285.89,22.0,235.95,142.12,89.32,0.0,878.13
87.3739,0.0,0.0,0.0,0.0,0.0,0.0,0.0,0.0,31.57,42.13,16.72,285.89,22.0,238.7,144.98,91.74,0.0,873.73
87.3839,0.0,0.0,0.0,0.0,0.0,0.0,0.0,0.0,26.29,37.51,14.3,282.7,19.25,238.7,150.81,96.69,0.0,866.25
87.3939,0.0,0.0,0.0,0.0,0.0,0.0,0.0,0.0,21.01,32.78,11.88,279.51,19.25,241.45,153.67,99.11,0.0,858.66
87.4039,0.0,0.0,0.0,0.0,0.0,0.0,0.0,0.0,17.49,28.05,9.57,276.43,22.0,244.31,156.53,101.53,0.0,855.91
87.4139,0.0,0.0,0.0,0.0,0.0,0.0,0.0,0.0,15.73,23.43,9.57,273.46,22.0,244.31,162.36,104.06,0.0,854.92
87.4239,0.0,0.0,0.0,0.0,0.0,0.0,0.0,0.0,13.97,21.01,9.57,270.6,22.0,247.06,165.33,108.9,0.0,858.44
87.4339,0.0,0.0,0.0,0.0,0.0,0.0,0.0,0.0,12.21,18.7,9.57,267.63,22.0,247.06,171.27,111.32,0.0,859.76
87.4439,0.0,0.0,0.0,0.0,0.0,0.0,0.0,0.0,10.45,16.39,9.57,261.8,22.0,249.92,177.21,113.85,0.0,861.19
87.4539,0.0,0.0,0.0,0.0,0.0,0.0,0.0,0.0,10.45,13.97,7.15,258.94,22.0,252.67,183.15,116.05,0.0,864.38
87.4639,0.0,0.0,0.0,0.0,0.0,0.0,0.0,0.0,8.69,13.97,7.15,255.97,22.0,255.42,189.09,118.25,0.0,870.54
87.4739,0.0,0.0,0.0,0.0,0.0,0.0,0.0,0.0,8.69,11.66,7.15,253.11,22.0,258.28,195.14,120.45,0.0,876.48
87.4839,0.0,0.0,0.0,0.0,0.0,0.0,0.0,0.0,6.93,11.66,4.73,250.14,22.0,261.03,201.08,122.76,0.0,880.33
87.4939,0.0,0.0,0.0,0.0,0.0,0.0,0.0,0.0,6.93,9.35,4.73,244.42,22.0,261.03,207.02,124.96,0.0,880.44
87.5039,0.0,0.0,0.0,0.0,0.0,0.0,0.0,0.0,6.93,9.35,4.73,238.59,22.0,263.89,209.99,127.16,0.0,882.64
87.5139,0.0,0.0,0.0,0.0,0.0,0.0,0.0,0.0,6.93,6.93,4.73,232.76,22.0,266.64,212.96,129.47,0.0,882.42
87.5239,0.0,0.0,0.0,0.0,0.0,0.0,0.0,0.0,5.17,6.93,0.0,224.07,22.0,266.64,215.93,131.67,0.0,872.41
87.5339,0.0,0.0,0.0,0.0,0.0,0.0,0.0,0.0,5.17,6.93,4.73,214.39,19.25,266.64,218.9,133.87,0.0,869.88
87.5439,0.0,0.0,0.0,0.0,0.0,0.0,0.0,0.0,5.17,4.62,0.0,204.82,19.25,269.39,218.9,133.87,0.0,856.02
87.5539,0.0,0.0,0.0,0.0,0.0,0.0,0.0,0.0,5.17,4.62,0.0,191.95,16.5,269.39,218.9,136.18,0.0,842.71
87.5639,4.62,0.0,0.0,0.0,0.0,0.0,0.0,0.0,3.41,4.62,0.0,179.19,16.5,269.39,218.9,138.38,4.62,830.39
87.5739,6.93,7.7,0.0,5.17,0.0,0.0,0.0,0.0,3.41,0.0,0.0,166.43,11.0,269.39,215.93,140.58,19.8,806.74
87.5839,16.17,9.68,0.0,13.75,0.0,0.0,0.0,0.0,0.0,0.0,0.0,150.59,11.0,269.39,212.96,142.89,39.6,786.83
87.5939,41.8,25.3,0.0,20.68,0.0,3.85,0.0,0.0,0.0,0.0,0.0,134.86,5.5,269.39,207.02,145.09,91.63,761.86
87.6039,118.36,71.94,14.52,32.67,0.0,7.81,0.0,5.28,0.0,0.0,0.0,115.94,0.0,263.89,201.08,147.29,250.58,728.2
87.6139,203.94,118.03,36.3,44.77,0.0,17.49,2.97,7.04,0.0,0.0,0.0,93.94,0.0,255.42,195.14,149.6,430.54,694.1
87.6239,196.68,120.12,45.98,48.18,6.27,39.05,16.72,15.84,0.0,0.0,0.0,65.67,0.0,235.95,183.15,149.6,488.84,634.37
87.6339,199.1,130.57,55.77,51.7,10.56,54.67,33.55,21.12,0.0,0.0,0.0,42.35,5.5,208.45,168.3,149.6,557.04,574.2
87.6439,199.1,136.84,60.39,55.11,16.94,65.34,44.22,28.27,0.0,0.0,0.0,25.41,5.5,162.69,153.67,142.89,606.21,490.16
87.6539,201.52,147.29,62.81,60.83,21.12,76.56,56.54,31.79,0.0,0.0,0.0,22.55,8.25,110.99,133.32,131.67,658.46,406.78
87.6639,206.36,157.74,69.85,69.63,25.41,89.98,70.95,35.31,0.0,0.0,0.0,19.8,8.25,67.54,101.2,116.05,725.23,312.84
87.6739,211.2,166.1,77.0,78.43,29.59,101.2,85.47,42.35,0.0,0.0,0.0,16.94,5.5,40.37,65.45,101.53,791.34,229.79
87.6839,216.04,172.81,84.04,85.03,33.88,112.42,99.99,49.39,0.0,0.0,0.0,11.22,5.5,23.65,43.67,77.11,853.6,161.15
87.6939,218.46,179.63,88.77,89.54,38.06,120.78,110.88,54.67,0.0,0.0,0.0,8.47,0.0,14.19,33.33,50.82,900.79,106.81
87.7039,220.88,181.94,91.08,96.14,40.15,129.25,120.45,60.5,0.0,0.0,0.0,5.61,0.0,11.88,25.63,27.5,940.39,70.62
87.7139,218.46,181.94,93.5,100.54,42.35,133.54,128.59,64.57,0.0,0.0,0.0,5.61,0.0,7.04,20.46,10.56,963.49,43.67
87.7239,213.62,179.63,91.08,104.94,44.44,139.92,136.62,68.64,0.0,0.0,0.0,0.0,0.0,7.04,17.93,8.47,978.89,33.44
87.7339,206.36,170.61,88.77,107.14,44.44,144.1,140.69,70.62,0.0,0.0,0.0,0.0,0.0,4.73,15.4,6.27,972.73,26.4
87.7439,196.68,164.01,84.04,109.34,46.53,146.19,144.65,72.6,0.0,0.0,0.0,0.0,0.0,4.73,12.76,4.18,964.04,21.67
87.7539,189.31,155.65,81.73,109.34,46.53,148.39,148.72,74.69,0.0,0.0,0.0,0.0,0.0,0.0,10.23,4.18,954.36,14.41
87.7639,179.63,147.29,77.0,109.34,48.62,148.39,152.79,74.69,0.0,0.0,0.0,0.0,0.0,0.0,7.7,0.0,937.75,7.7
87.7739,174.79,141.02,74.58,109.34,48.62,150.48,154.77,76.67,0.0,0.0,0.0,0.0,0.0,0.0,5.06,0.0,930.27,5.06
87.7839,167.53,134.75,72.27,109.34,48.62,150.48,154.77,76.67,0.0,0.0,0.0,0.0,0.0,0.0,0.0,0.0,914.43,0.0
87.7939,160.05,128.48,67.54,109.34,48.62,150.48,154.77,76.67,0.0,0.0,0.0,0.0,0.0,0.0,0.0,0.0,895.95,0.0
87.8039,152.68,122.21,62.81,109.34,48.62,148.39,154.77,76.67,0.0,0.0,0.0,0.0,0.0,0.0,0.0,0.0,875.49,0.0
87.8139,145.31,115.94,60.39,109.34,48.62,148.39,152.79,76.67,0.0,0.0,0.0,0.0,0.0,0.0,0.0,0.0,857.45,0.0
87.8239,140.47,111.54,58.08,111.54,46.53,148.39,150.7,74.69,0.0,0.0,0.0,0.0,0.0,0.0,0.0,0.0,841.94,0.0
87.8339,135.52,107.14,55.77,111.54,46.53,148.39,148.72,74.69,0.0,0.0,0.0,0.0,0.0,0.0,0.0,0.0,828.3,0.0
87.8439,130.57,102.74,53.24,113.85,46.53,148.39,146.74,74.69,0.0,0.0,0.0,0.0,0.0,0.0,0.0,0.0,816.75,0.0
87.8539,128.15,100.54,50.82,113.85,46.53,148.39,146.74,74.69,0.0,0.0,0.0,0.0,0.0,0.0,0.0,0.0,809.71,0.0
87.8638,125.73,98.34,50.82,113.85,46.53,148.39,144.65,72.6,0.0,0.0,0.0,0.0,0.0,0.0,0.0,0.0,800.91,0.0
87.8738,125.73,98.34,50.82,116.05,46.53,148.39,142.67,74.69,0.0,0.0,0.0,0.0,0.0,0.0,0.0,0.0,803.22,0.0
87.8838,125.73,98.34,50.82,118.25,46.53,148.39,140.69,72.6,0.0,0.0,0.0,0.0,0.0,0.0,0.0,0.0,801.35,0.0
87.8938,128.15,98.34,53.24,120.56,44.44,150.48,140.69,72.6,0.0,0.0,0.0,0.0,0.0,0.0,0.0,0.0,808.5,0.0
87.9038,128.15,100.54,53.24,122.76,44.44,148.39,138.6,72.6,0.0,0.0,0.0,0.0,0.0,0.0,0.0,0.0,808.72,0.0
87.9138,130.57,100.54,53.24,124.96,44.44,150.48,138.6,72.6,0.0,0.0,0.0,0.0,0.0,0.0,0.0,0.0,815.43,0.0
87.9238,133.1,102.74,55.77,127.27,44.44,152.57,136.62,72.6,0.0,0.0,0.0,0.0,0.0,0.0,0.0,0.0,825.11,0.0
87.9338,135.52,102.74,55.77,129.47,44.44,152.57,136.62,70.62,0.0,0.0,0.0,0.0,0.0,0.0,0.0,0.0,827.75,0.0
87.9438,137.94,104.94,58.08,131.67,42.35,154.66,136.62,72.6,0.0,0.0,0.0,0.0,0.0,0.0,0.0,0.0,838.86,0.0
87.9538,140.47,109.34,60.39,133.98,44.44,156.86,136.62,72.6,0.0,0.0,0.0,0.0,0.0,0.0,0.0,0.0,854.7,0.0
87.9638,145.31,111.54,65.12,136.18,44.44,156.86,136.62,72.6,0.0,0.0,0.0,0.0,0.0,0.0,0.0,0.0,868.67,0.0
87.9738,150.26,113.85,67.54,140.69,44.44,158.95,138.6,72.6,0.0,0.0,0.0,0.0,0.0,0.0,0.0,0.0,886.93,0.0
87.9838,152.68,115.94,69.85,140.69,42.35,161.04,138.6,72.6,0.0,0.0,0.0,0.0,0.0,0.0,0.0,0.0,893.75,0.0
87.9938,152.68,115.94,69.85,142.89,44.44,163.13,138.6,72.6,0.0,0.0,0.0,0.0,0.0,0.0,0.0,0.0,900.13,0.0
88.0038,152.68,113.85,69.85,142.89,42.35,163.13,138.6,72.6,12.21,0.0,0.0,0.0,0.0,0.0,0.0,0.0,895.95,12.21
88.0138,150.26,109.34,69.85,142.89,42.35,165.33,138.6,72.6,22.77,4.62,0.0,0.0,0.0,0.0,0.0,0.0,891.22,27.39
88.0238,142.89,104.94,67.54,140.69,42.35,163.13,136.62,72.6,35.09,11.66,9.57,5.61,0.0,0.0,0.0,0.0,870.76,61.93
88.0338,135.52,96.14,62.81,138.38,42.35,163.13,136.62,70.62,47.41,21.01,16.72,19.8,0.0,0.0,5.06,0.0,845.57,110.0
88.0438,125.73,87.34,58.08,133.98,40.15,161.04,136.62,70.62,71.28,35.09,28.71,39.6,5.5,4.73,17.93,0.0,813.56,202.84
88.0538,110.99,76.34,53.24,127.27,40.15,158.95,136.62,68.64,107.58,49.17,45.43,48.07,11.0,33.22,46.2,10.56,772.2,351.23
88.0638,95.48,63.14,43.56,118.25,40.15,154.66,136.62,68.64,140.69,60.94,57.75,53.68,11.0,40.37,48.73,10.56,720.5,423.72
88.0738,79.97,50.6,36.3,107.14,38.06,150.48,140.69,66.55,142.78,65.67,57.75,62.48,11.0,49.83,56.54,14.74,669.79,460.79
88.0838,62.37,40.92,29.04,96.14,38.06,146.19,142.67,66.55,142.78,70.4,60.5,68.75,13.75,59.4,62.48,16.94,621.94,495.0
88.0938,48.73,31.13,24.2,85.03,35.97,139.92,144.65,64.57,146.96,77.55,63.25,81.29,11.0,70.18,62.48,19.03,574.2,531.74
88.1038,34.76,23.32,16.94,76.23,35.97,135.63,144.65,62.59,153.34,84.59,66.0,93.94,11.0,78.32,62.48,21.12,530.09,570.79
88.1138,23.21,17.49,12.1,65.23,33.88,129.25,146.74,60.5,157.63,94.05,66.0,109.56,11.0,91.96,62.48,23.21,488.4,615.89
88.1238,16.17,11.66,9.68,55.11,33.88,120.78,146.74,60.5,161.81,101.2,68.75,122.21,11.0,100.1,65.45,25.41,454.52,655.93
88.1338,11.55,9.68,7.26,48.18,31.68,112.42,144.65,56.54,170.72,108.24,74.14,128.48,8.25,108.24,68.42,27.5,421.96,693.99
88.1438,9.24,7.7,4.84,39.6,29.59,103.4,144.65,54.67,179.96,113.08,79.64,131.67,11.0,113.63,71.39,29.59,393.69,729.96
88.1538,4.62,5.83,4.84,32.67,27.5,94.49,138.6,51.15,186.89,118.03,85.03,131.67,11.0,116.38,74.36,31.79,359.7,755.15
88.1638,4.62,3.85,0.0,25.85,23.21,83.27,128.59,49.39,189.2,118.03,87.78,134.86,11.0,121.88,77.33,33.88,318.78,773.96
88.1738,4.62,3.85,0.0,22.33,21.12,72.05,118.47,44.11,189.2,120.56,87.78,137.94,13.75,121.88,80.3,33.88,286.55,785.29
88.1838,0.0,3.85,0.0,18.92,16.94,60.83,105.38,40.59,189.2,123.09,85.03,141.13,13.75,124.52,80.3,35.97,246.51,792.99
88.1938,0.0,0.0,0.0,15.51,12.65,52.69,90.86,37.07,186.89,125.51,85.03,147.51,11.0,127.27,77.33,35.97,208.78,796.51
88.2038,0.0,0.0,0.0,13.75,10.56,44.88,78.21,33.55,189.2,128.04,85.03,153.78,11.0,130.02,77.33,35.97,180.95,810.37
88.2138,0.0,0.0,0.0,11.99,8.47,37.07,63.69,30.03,189.2,133.1,85.03,156.97,13.75,130.02,77.33,35.97,151.25,821.37
88.2238,0.0,0.0,0.0,10.34,6.27,31.24,51.92,26.4,191.51,135.52,85.03,163.24,11.0,135.41,77.33,35.97,126.17,835.01
88.2338,0.0,0.0,0.0,8.58,6.27,25.3,38.17,24.64,193.82,140.58,85.03,169.62,13.75,135.41,74.36,38.06,102.96,850.63
88.2438,0.0,0.0,0.0,8.58,4.18,21.45,36.63,21.12,196.24,143.11,85.03,176.0,13.75,138.16,74.36,38.06,91.96,864.71
88.2538,0.0,0.0,0.0,8.58,4.18,17.49,28.93,17.6,196.24,148.06,85.03,182.38,13.75,140.91,77.33,38.06,76.78,881.76
88.2638,0.0,0.0,0.0,6.82,4.18,13.64,24.42,14.08,198.55,150.59,85.03,185.57,13.75,143.66,77.33,40.26,63.14,894.74
88.2738,0.0,0.0,0.0,6.82,4.18,11.66,19.8,12.32,198.55,153.12,85.03,188.76,13.75,146.3,77.33,40.26,54.78,903.1
88.2838,0.0,0.0,0.0,6.82,4.18,11.66,16.72,10.56,200.86,155.65,85.03,195.14,13.75,149.05,80.3,40.26,49.94,920.04
88.2938,0.0,0.0,0.0,6.82,0.0,11.66,15.18,10.56,198.55,158.07,85.03,198.44,13.75,149.05,80.3,42.35,44.22,925.54
88.3038,0.0,0.0,0.0,6.82,4.18,11.66,13.75,8.8,198.55,158.07,85.03,201.63,13.75,151.8,83.27,42.35,45.21,934.45
88.3138,0.0,0.0,0.0,6.82,4.18,11.66,13.75,8.8,196.24,158.07,85.03,204.82,16.5,154.55,83.27,42.35,45.21,940.83
88.3238,0.0,0.0,0.0,8.58,4.18,11.66,13.75,10.56,193.82,158.07,85.03,208.01,16.5,157.19,86.35,44.44,48.73,949.41
88.3338,0.0,0.0,0.0,8.58,4.18,13.64,13.75,8.8,191.51,158.07,82.39,208.01,16.5,159.94,86.35,44.44,48.95,947.21
88.3438,0.0,0.0,0.0,10.34,4.18,13.64,13.75,8.8,189.2,155.65,82.39,211.2,16.5,162.69,89.32,46.53,50.71,953.48
88.3538,0.0,0.0,0.0,11.99,4.18,15.62,13.75,8.8,186.89,155.65,82.39,214.39,16.5,165.44,92.29,46.53,54.34,960.08
88.3638,0.0,0.0,0.0,13.75,4.18,15.62,13.75,8.8,184.58,153.12,82.39,217.58,16.5,168.19,98.23,48.73,56.1,969.32
88.3738,0.0,0.0,0.0,13.75,4.18,15.62,13.75,8.8,179.96,153.12,82.39,217.58,19.25,170.83,101.2,50.82,56.1,975.15
88.3838,0.0,0.0,0.0,13.75,4.18,15.62,15.18,8.8,179.96,150.59,82.39,220.77,19.25,176.22,104.17,52.91,57.53,986.26
88.3938,0.0,0.0,0.0,15.51,4.18,15.62,16.72,8.8,175.34,150.59,82.39,220.77,19.25,176.22,107.14,55.11,60.83,986.81
88.4038,0.0,0.0,0.0,17.16,4.18,17.49,19.8,8.8,173.03,148.06,82.39,224.07,22.0,178.86,110.22,57.53,67.43,996.16
88.4138,0.0,0.0,0.0,18.92,6.27,17.49,22.88,8.8,170.72,145.64,82.39,224.07,22.0,181.61,113.08,57.53,74.36,997.04
88.4238,0.0,0.0,0.0,18.92,6.27,19.47,25.96,8.8,166.1,143.11,79.64,224.07,22.0,184.25,115.94,59.95,79.42,995.06
88.4338,0.0,0.0,0.0,20.68,8.47,19.47,28.93,10.56,163.9,140.58,79.64,226.93,22.0,187.0,118.91,59.95,88.11,998.91
88.4438,6.93,3.85,4.84,20.68,10.56,19.47,33.55,10.56,159.72,138.05,76.89,226.93,22.0,187.0,121.77,62.37,110.44,994.73
88.4538,20.9,9.68,14.52,22.33,12.65,21.45,38.17,12.32,155.43,133.1,74.14,226.93,24.75,189.64,124.63,64.9,152.02,993.52
88.4638,48.73,13.64,29.04,22.33,14.74,21.45,39.71,12.32,151.25,130.57,74.14,226.93,22.0,189.64,124.63,64.9,201.96,984.06
88.4738,75.57,21.34,43.56,24.09,16.94,21.45,41.25,12.32,144.87,125.51,68.75,226.93,24.75,189.64,127.6,64.9,256.52,972.95
88.4838,95.48,31.13,53.24,24.09,16.94,21.45,42.68,12.32,138.49,120.56,68.75,224.07,24.75,192.39,127.6,67.32,297.33,963.93
88.4938,106.48,36.96,53.24,22.33,16.94,21.45,41.25,12.32,130.02,113.08,63.25,224.07,24.75,192.39,130.46,67.32,310.97,945.34
88.5038,108.68,40.92,53.24,24.09,16.94,23.43,41.25,12.32,119.46,105.93,57.75,217.58,24.75,189.64,130.46,67.32,320.87,912.89
88.5138,110.99,44.77,53.24,24.09,14.74,25.3,41.25,12.32,107.58,96.47,52.69,214.39,24.75,189.64,130.46,69.74,326.7,885.72
88.5238,113.41,48.73,55.77,24.09,14.74,25.3,41.25,12.32,98.01,87.01,50.27,211.2,24.75,189.64,133.32,69.74,335.61,863.94
88.5338,120.78,52.58,58.08,24.09,14.74,25.3,39.71,12.32,86.57,77.55,45.43,208.01,24.75,189.64,133.32,69.74,347.6,835.01
88.5438,130.57,58.74,60.39,24.09,14.74,25.3,39.71,14.08,73.15,68.09,40.7,201.63,24.75,189.64,133.32,69.74,367.62,801.02
88.5538,145.31,65.34,65.12,25.85,12.65,27.28,39.71,12.32,61.71,58.63,33.44,195.14,24.75,187.0,133.32,72.16,393.58,766.15
88.5638,160.05,71.94,69.85,25.85,14.74,27.28,39.71,14.08,49.17,49.17,28.71,185.57,24.75,187.0,136.29,72.16,423.5,732.82
88.5738,174.79,80.74,74.58,25.85,14.74,27.28,39.71,14.08,38.61,39.82,21.56,172.81,22.0,184.25,136.29,72.16,451.77,687.5
88.5838,189.31,87.34,79.31,27.5,14.74,27.28,41.25,14.08,28.05,30.47,16.72,156.97,19.25,181.61,133.32,74.69,480.81,641.08
88.5938,201.52,96.14,81.73,27.5,14.74,29.26,41.25,14.08,17.49,18.7,11.88,141.13,19.25,178.86,133.32,74.69,506.22,595.32
88.6038,213.62,102.74,84.04,29.26,16.94,31.24,42.68,15.84,12.21,13.97,9.57,119.02,16.5,173.47,130.46,74.69,536.36,549.89
88.6138,223.41,111.54,86.35,31.02,19.03,33.22,44.22,17.6,8.69,9.35,7.15,100.21,13.75,165.44,127.6,74.69,566.39,506.88
88.6238,231.11,120.12,91.08,34.43,19.03,37.07,47.3,17.6,6.93,6.93,4.73,78.21,11.0,154.55,124.63,72.16,597.74,459.14
88.6338,241.45,128.48,95.81,37.84,19.03,41.03,48.84,19.36,6.93,6.93,4.73,59.4,8.25,140.91,118.91,69.74,631.84,415.8
88.6438,249.26,138.93,98.23,39.6,21.12,44.88,50.38,21.12,5.17,4.62,0.0,42.35,0.0,124.52,110.22,67.32,663.52,354.2
88.6538,257.07,147.29,102.96,43.01,21.12,50.71,51.92,22.88,5.17,4.62,0.0,28.27,0.0,108.24,101.2,62.37,696.96,309.87
88.6638,264.88,155.65,105.27,46.53,23.21,54.67,55.0,24.64,3.41,4.62,0.0,19.8,0.0,89.21,92.29,57.53,729.85,266.86
88.6738,270.05,164.01,110.0,48.18,23.21,60.83,58.3,26.4,3.41,0.0,0.0,11.22,0.0,67.54,77.33,52.91,760.98,212.41
88.6838,275.22,172.81,112.42,53.35,23.21,63.03,61.93,26.4,3.41,0.0,0.0,8.47,0.0,49.83,62.48,48.73,788.37,172.92
88.6938,280.39,179.63,112.42,55.11,25.41,69.74,63.69,28.27,3.41,0.0,0.0,5.61,0.0,30.8,48.73,42.35,814.66,130.9
88.7038,282.92,186.45,114.84,58.63,25.41,72.05,67.32,30.03,3.41,0.0,0.0,5.61,0.0,16.61,33.33,35.97,837.65,94.93
88.7138,282.92,190.96,117.37,63.03,27.5,76.56,70.95,31.79,3.41,0.0,0.0,5.61,0.0,9.46,23.1,23.21,861.08,64.79
88.7238,285.45,193.27,119.79,65.23,27.5,80.96,72.82,31.79,0.0,0.0,0.0,5.61,0.0,7.04,15.4,12.65,876.81,40.7
88.7338,285.45,197.78,119.79,69.63,27.5,83.27,74.58,31.79,0.0,0.0,0.0,5.61,0.0,7.04,12.76,8.47,889.79,33.88
88.7438,285.45,200.09,122.32,69.63,27.5,85.47,76.45,33.55,0.0,0.0,0.0,5.61,0.0,7.04,12.76,6.27,900.46,31.68
88.7538,285.45,200.09,122.32,71.83,27.5,85.47,76.45,33.55,0.0,0.0,0.0,5.61,0.0,4.73,10.23,6.27,902.66,26.84
88.7638,285.45,202.4,122.32,74.03,27.5,85.47,74.58,33.55,0.0,0.0,0.0,5.61,0.0,4.73,10.23,4.18,905.3,24.75
88.7738,285.45,202.4,119.79,76.23,27.5,85.47,72.82,33.55,0.0,0.0,0.0,0.0,0.0,0.0,10.23,4.18,903.21,14.41
88.7838,285.45,202.4,119.79,76.23,25.41,85.47,70.95,33.55,0.0,0.0,0.0,0.0,0.0,4.73,10.23,4.18,899.25,19.14
88.7938,285.45,202.4,119.79,78.43,25.41,85.47,67.32,33.55,0.0,0.0,0.0,0.0,0.0,4.73,10.23,4.18,897.82,19.14
88.8038,282.92,202.4,117.37,78.43,25.41,83.27,65.56,31.79,0.0,0.0,0.0,0.0,0.0,0.0,10.23,4.18,887.15,14.41
88.8138,282.92,200.09,117.37,78.43,23.21,83.27,63.69,31.79,0.0,0.0,0.0,0.0,0.0,0.0,7.7,4.18,880.77,11.88
88.8238,280.39,200.09,114.84,78.43,23.21,83.27,60.06,31.79,0.0,0.0,0.0,0.0,0.0,0.0,10.23,4.18,872.08,14.41
88.8338,280.39,200.09,112.42,78.43,21.12,80.96,56.54,31.79,0.0,0.0,0.0,0.0,0.0,0.0,7.7,0.0,861.74,7.7
88.8438,280.39,200.09,110.0,80.63,21.12,78.76,55.0,30.03,0.0,0.0,0.0,0.0,0.0,0.0,10.23,0.0,856.02,10.23
88.8538,280.39,200.09,110.0,80.63,21.12,78.76,51.92,30.03,0.0,0.0,0.0,0.0,0.0,0.0,10.23,4.18,852.94,14.41
88.8638,280.39,200.09,107.69,82.83,19.03,76.56,48.84,30.03,0.0,0.0,0.0,0.0,0.0,0.0,10.23,4.18,845.46,14.41
88.8738,280.39,202.4,107.69,85.03,16.94,76.56,47.3,28.27,0.0,0.0,0.0,5.61,0.0,0.0,10.23,4.18,844.58,20.02
88.8838,280.39,202.4,105.27,85.03,16.94,76.56,45.76,28.27,0.0,0.0,0.0,0.0,0.0,0.0,10.23,0.0,840.62,10.23
88.8938,280.39,204.6,105.27,87.34,16.94,74.25,44.22,28.27,0.0,0.0,0.0,0.0,0.0,0.0,10.23,0.0,841.28,10.23
88.9038,280.39,204.6,105.27,87.34,16.94,74.25,42.68,28.27,3.41,0.0,0.0,5.61,0.0,0.0,10.23,0.0,839.74,19.25
88.9138,282.92,206.91,105.27,89.54,14.74,74.25,41.25,28.27,3.41,0.0,0.0,11.22,0.0,0.0,12.76,0.0,843.15,27.39
88.9238,282.92,206.91,102.96,89.54,14.74,74.25,39.71,26.4,5.17,4.62,0.0,22.55,0.0,0.0,17.93,0.0,837.43,50.27
88.9338,282.92,206.91,102.96,91.74,14.74,72.05,38.17,26.4,22.77,9.35,11.88,25.41,5.5,14.19,33.33,6.27,835.89,128.7
88.9438,282.92,204.6,102.96,91.74,12.65,72.05,36.63,26.4,36.85,18.7,19.14,31.02,8.25,23.65,46.2,8.47,829.95,192.28
88.9538,280.39,202.4,100.54,89.54,14.74,69.74,35.09,26.4,59.84,28.05,31.13,33.88,11.0,30.8,56.54,14.74,818.84,265.98
88.9638,275.22,197.78,100.54,87.34,12.65,69.74,35.09,26.4,77.0,32.78,35.86,36.74,13.75,33.22,59.51,14.74,804.76,303.6
88.9738,270.05,190.96,98.23,85.03,12.65,67.54,33.55,24.64,90.42,37.51,43.12,36.74,13.75,35.64,62.48,16.94,782.65,336.6
88.9838,267.41,184.25,95.81,82.83,12.65,65.34,33.55,24.64,99.99,42.13,45.43,42.35,13.75,40.37,65.45,16.94,766.48,366.41
88.9938,259.6,175.12,93.5,78.43,12.65,63.03,32.01,24.64,103.73,44.55,47.85,45.21,13.75,47.52,65.45,19.03,738.98,387.09
89.0038,251.9,168.3,91.08,74.03,12.65,60.83,32.01,22.88,107.58,46.86,47.85,48.07,13.75,52.25,68.42,19.03,713.68,403.81
89.0138,246.73,161.92,88.77,71.83,12.65,58.63,30.47,22.88,111.43,51.59,50.27,53.68,13.75,56.98,68.42,21.12,693.88,427.24
89.0238,241.45,153.56,84.04,67.43,10.56,54.67,28.93,21.12,119.46,58.63,52.69,65.67,11.0,64.79,68.42,21.12,661.76,461.78
89.0338,233.75,147.29,81.73,65.23,10.56,52.69,27.5,19.36,130.02,68.09,55.11,75.02,11.0,70.18,65.45,23.21,638.11,498.08
89.0438,223.41,138.93,77.0,60.83,8.47,48.84,24.42,17.6,142.78,77.55,57.75,87.56,11.0,78.32,62.48,23.21,599.5,540.65
89.0538,213.62,128.48,72.27,56.87,8.47,44.88,22.88,17.6,153.34,84.59,63.25,97.02,11.0,83.82,62.48,25.41,565.07,580.91
89.0638,201.52,118.03,67.54,53.35,6.27,41.03,19.8,15.84,163.9,91.74,66.0,106.48,11.0,89.21,62.48,25.41,523.38,616.22
89.0738,189.31,107.14,62.81,48.18,6.27,37.07,16.72,14.08,173.03,96.47,71.39,112.75,11.0,94.6,65.45,27.5,481.58,652.19
89.0838,174.79,93.94,58.08,44.77,6.27,33.22,16.72,14.08,179.96,101.2,74.14,119.02,13.75,100.1,68.42,27.5,441.87,684.09
89.0938,162.58,82.94,53.24,39.6,4.18,29.26,13.75,10.56,189.2,103.51,79.64,122.21,13.75,102.74,68.42,29.59,396.11,709.06
89.1038,147.84,69.74,48.4,36.19,4.18,25.3,12.21,8.8,196.24,108.24,82.39,125.4,13.75,108.24,74.36,29.59,352.66,738.21
89.1138,135.52,58.74,43.56,31.02,4.18,21.45,9.13,7.04,205.48,110.66,87.78,128.48,13.75,113.63,77.33,31.79,310.64,768.9
89.1238,120.78,50.6,38.72,27.5,4.18,17.49,7.59,5.28,210.1,115.5,90.53,128.48,13.75,119.13,80.3,33.88,272.14,791.67
89.1338,106.48,40.92,33.88,22.33,4.18,13.64,6.05,3.52,214.72,118.03,93.28,134.86,13.75,124.52,83.27,33.88,231.0,816.31
89.1438,93.28,35.09,29.04,18.92,4.18,11.66,6.05,3.52,217.03,120.56,96.03,137.94,16.5,127.27,86.35,35.97,201.74,837.65
89.1538,82.17,27.28,24.2,15.51,4.18,9.68,6.05,3.52,219.34,123.09,98.67,144.32,16.5,132.77,89.32,38.06,172.59,862.07
89.1638,73.37,23.32,21.78,11.99,4.18,0.0,6.05,3.52,221.65,128.04,98.67,147.51,16.5,138.16,92.29,38.06,144.21,880.88
89.1738,64.57,19.47,16.94,8.58,4.18,5.83,4.51,0.0,221.65,128.04,101.42,153.78,16.5,143.66,95.26,40.26,124.08,900.57
89.1838,57.97,15.51,14.52,6.82,4.18,5.83,4.51,0.0,221.65,130.57,101.42,156.97,16.5,146.3,98.23,42.35,109.34,913.99
89.1938,48.73,11.66,12.1,5.17,4.18,5.83,4.51,0.0,221.65,130.57,101.42,160.05,19.25,149.05,101.2,44.44,92.18,927.63
89.2038,44.11,9.68,9.68,5.17,0.0,3.85,4.51,0.0,219.34,130.57,101.42,160.05,19.25,154.55,104.17,46.53,77.0,935.88
89.2138,34.76,9.68,7.26,3.41,4.18,3.85,4.51,0.0,217.03,130.57,101.42,163.24,19.25,157.19,107.14,48.73,67.65,944.57
89.2238,32.45,7.7,7.26,3.41,0.0,3.85,4.51,0.0,214.72,130.57,101.42,163.24,19.25,159.94,110.22,50.82,59.18,950.18
89.2338,25.52,5.83,4.84,3.41,0.0,3.85,2.97,0.0,212.41,130.57,101.42,163.24,19.25,162.69,115.94,52.91,46.42,958.43
89.2438,20.9,5.83,4.84,3.41,0.0,3.85,2.97,0.0,210.1,128.04,101.42,166.43,19.25,162.69,118.91,55.11,41.8,961.95
89.2538,18.59,5.83,4.84,3.41,0.0,3.85,2.97,0.0,205.48,128.04,101.42,166.43,22.0,165.44,118.91,57.53,39.49,965.25
89.2638,16.17,5.83,0.0,3.41,0.0,3.85,2.97,0.0,203.17,125.51,98.67,169.62,22.0,168.19,121.77,57.53,32.23,966.46
89.2738,13.86,5.83,0.0,3.41,0.0,3.85,2.97,0.0,200.86,125.51,98.67,169.62,22.0,168.19,124.63,59.95,29.92,969.43
89.2838,13.86,3.85,0.0,3.41,0.0,3.85,2.97,0.0,196.24,125.51,98.67,169.62,22.0,170.83,127.6,59.95,27.94,970.42
89.2937,13.86,3.85,0.0,3.41,0.0,3.85,4.51,0.0,193.82,123.09,96.03,169.62,22.0,170.83,127.6,62.37,29.48,965.36
89.3037,13.86,3.85,0.0,3.41,4.18,3.85,4.51,0.0,191.51,123.09,96.03,169.62,22.0,173.47,130.46,62.37,33.66,968.55
89.3137,11.55,5.83,0.0,3.41,4.18,3.85,6.05,0.0,189.2,120.56,96.03,169.62,22.0,173.47,133.32,64.9,34.87,969.1
89.3237,11.55,3.85,0.0,5.17,4.18,3.85,7.59,0.0,186.89,118.03,96.03,169.62,24.75,176.22,136.29,67.32,36.19,975.15
89.3337,11.55,3.85,0.0,6.82,4.18,5.83,12.21,3.52,182.27,118.03,96.03,169.62,24.75,176.22,139.15,67.32,47.96,973.39
89.3437,11.55,3.85,0.0,8.58,6.27,7.81,21.34,5.28,179.96,115.5,93.28,169.62,24.75,178.86,139.15,69.74,64.68,970.86
89.3537,11.55,5.83,0.0,10.34,6.27,11.66,25.96,7.04,177.65,115.5,93.28,166.43,24.75,178.86,142.12,69.74,78.65,968.33
89.3637,13.86,5.83,4.84,11.99,8.47,13.64,30.47,8.8,173.03,110.66,90.53,166.43,24.75,178.86,144.98,72.16,97.9,961.4
89.3737,18.59,5.83,7.26,11.99,10.56,15.62,35.09,10.56,168.41,110.66,90.53,166.43,24.75,181.61,147.84,72.16,115.5,962.39
89.3837,30.14,9.68,9.68,15.51,12.65,17.49,39.71,12.32,163.9,108.24,87.78,166.43,24.75,181.61,150.81,74.69,147.18,958.21
89.3937,48.73,13.64,16.94,17.16,16.94,21.45,42.68,14.08,157.63,103.51,85.03,163.24,27.5,184.25,150.81,74.69,191.62,946.66
89.4037,84.48,19.47,29.04,18.92,23.21,25.3,47.3,15.84,151.25,98.78,82.39,163.24,27.5,184.25,156.53,77.11,263.56,941.05
89.4137,123.2,29.15,45.98,22.33,27.5,29.26,53.46,17.6,142.78,94.05,79.64,160.05,27.5,184.25,159.5,77.11,348.48,924.88
89.4237,125.73,36.96,48.4,22.33,27.5,33.22,58.3,19.36,130.02,87.01,74.14,153.78,27.5,184.25,162.36,79.53,371.8,898.59
89.4337,106.48,35.09,43.56,24.09,25.41,37.07,61.93,21.12,117.37,77.55,66.0,147.51,27.5,184.25,162.36,81.95,354.75,864.49
89.4437,93.28,35.09,38.72,24.09,27.5,41.03,65.56,22.88,103.73,70.4,60.5,141.13,27.5,181.61,165.33,81.95,348.15,832.15
89.4537,86.68,35.09,36.3,25.85,27.5,48.84,70.95,22.88,92.29,63.36,55.11,134.86,27.5,178.86,165.33,81.95,354.09,799.26
89.4637,84.48,36.96,33.88,27.5,27.5,52.69,74.58,24.64,84.7,58.63,50.27,128.48,27.5,178.86,168.3,81.95,362.23,778.69
89.4737,84.48,38.94,33.88,31.02,27.5,58.63,78.21,26.4,77.0,53.9,47.85,125.4,27.5,176.22,168.3,81.95,379.06,758.12
89.4837,86.68,40.92,36.3,32.67,27.5,60.83,80.08,28.27,69.41,49.17,43.12,119.02,27.5,176.22,171.27,84.48,393.25,740.19
89.4937,93.28,44.77,41.14,34.43,29.59,63.03,81.84,30.03,61.71,44.55,38.28,112.75,27.5,173.47,174.24,84.48,418.11,716.98
89.5037,102.08,50.6,45.98,36.19,29.59,65.34,83.71,30.03,52.69,37.51,35.86,106.48,27.5,170.83,177.21,86.9,443.52,694.98
89.5137,113.41,56.54,50.82,37.84,31.68,65.34,83.71,30.03,45.65,32.78,31.13,100.21,27.5,170.83,180.18,89.32,469.37,677.6
89.5237,125.73,63.14,58.08,39.6,31.68,67.54,85.47,31.79,36.85,25.74,26.29,90.75,27.5,168.19,180.18,89.32,503.03,644.82
89.5337,135.52,69.74,62.81,39.6,33.88,67.54,85.47,31.79,28.05,18.7,23.87,84.48,24.75,162.69,180.18,91.74,526.35,614.46
89.5437,142.89,76.34,65.12,41.36,33.88,67.54,87.23,31.79,21.01,11.66,16.72,75.02,24.75,159.94,183.15,91.74,546.15,583.99
89.5537,150.26,80.74,67.54,41.36,33.88,69.74,87.23,31.79,13.97,9.35,11.88,65.67,22.0,157.19,183.15,94.27,562.54,557.48
89.5637,155.21,82.94,69.85,43.01,33.88,69.74,87.23,31.79,10.45,6.93,11.88,53.68,22.0,151.8,183.15,94.27,573.65,534.16
89.5737,160.05,87.34,69.85,44.77,33.88,72.05,85.47,31.79,10.45,6.93,9.57,45.21,19.25,143.66,183.15,96.69,585.2,514.91
89.5837,165.0,91.74,72.27,44.77,33.88,69.74,85.47,31.79,8.69,4.62,7.15,36.74,16.5,135.41,183.15,96.69,594.66,488.95
89.5937,169.95,96.14,74.58,44.77,33.88,72.05,85.47,31.79,8.69,4.62,4.73,28.27,13.75,124.52,183.15,99.11,608.63,466.84
89.6037,179.63,102.74,79.31,46.53,33.88,72.05,83.71,30.03,6.93,0.0,4.73,19.8,13.75,113.63,177.21,99.11,627.88,435.16
89.6137,189.31,109.34,81.73,46.53,33.88,69.74,81.84,30.03,6.93,0.0,4.73,14.08,8.25,100.1,174.24,99.11,642.4,407.44
89.6237,199.1,115.94,84.04,46.53,33.88,69.74,80.08,30.03,5.17,0.0,4.73,5.61,8.25,83.82,168.3,99.11,659.34,374.99
89.6337,211.2,122.21,88.77,48.18,33.88,69.74,80.08,30.03,5.17,0.0,0.0,0.0,5.5,62.04,162.36,96.69,684.09,331.76
89.6437,220.88,130.57,91.08,48.18,33.88,67.54,80.08,30.03,5.17,0.0,0.0,0.0,0.0,45.1,153.67,91.74,702.24,295.68
89.6537,231.11,136.84,95.81,49.94,35.97,69.74,80.08,30.03,5.17,0.0,0.0,0.0,0.0,28.49,142.12,84.48,729.52,260.26
89.6637,241.45,143.11,98.23,49.94,33.88,69.74,80.08,30.03,3.41,0.0,0.0,0.0,0.0,16.61,124.63,77.11,746.46,221.76
89.6737,254.43,151.47,100.54,51.7,33.88,69.74,78.21,28.27,3.41,0.0,0.0,0.0,0.0,11.88,98.23,62.37,768.24,175.89
89.6837,264.88,157.74,105.27,51.7,35.97,69.74,80.08,30.03,3.41,0.0,0.0,0.0,0.0,9.46,68.42,46.53,795.41,127.82
89.6937,275.22,164.01,107.69,53.35,35.97,72.05,80.08,28.27,3.41,0.0,0.0,0.0,0.0,7.04,43.67,31.79,816.64,85.91
89.7037,282.92,170.61,110.0,55.11,35.97,72.05,80.08,30.03,3.41,0.0,0.0,0.0,0.0,7.04,30.8,19.03,836.77,60.28
89.7137,290.62,175.12,112.42,56.87,35.97,74.25,81.84,30.03,3.41,0.0,0.0,0.0,0.0,7.04,20.46,12.65,857.12,43.56
89.7237,295.68,179.63,114.84,58.63,38.06,74.25,81.84,30.03,3.41,0.0,0.0,0.0,0.0,4.73,15.4,8.47,872.96,32.01
89.7337,298.21,181.94,114.84,58.63,38.06,76.56,83.71,30.03,3.41,0.0,0.0,0.0,0.0,4.73,12.76,6.27,881.98,27.17
89.7437,298.21,181.94,114.84,58.63,38.06,76.56,85.47,30.03,3.41,0.0,0.0,0.0,0.0,4.73,12.76,4.18,883.74,25.08
89.7537,298.21,181.94,114.84,60.83,38.06,76.56,87.23,30.03,3.41,0.0,0.0,0.0,0.0,0.0,12.76,4.18,887.7,20.35
89.7637,295.68,179.63,114.84,60.83,40.15,76.56,87.23,30.03,3.41,0.0,0.0,0.0,0.0,0.0,12.76,4.18,884.95,20.35
89.7737,293.15,177.43,114.84,60.83,40.15,78.76,89.1,30.03,3.41,0.0,0.0,0.0,0.0,0.0,12.76,4.18,884.29,20.35
89.7837,290.62,177.43,112.42,60.83,40.15,78.76,90.86,30.03,3.41,0.0,0.0,0.0,0.0,0.0,12.76,0.0,881.1,16.17
89.7937,287.98,175.12,112.42,58.63,40.15,78.76,90.86,30.03,3.41,0.0,0.0,0.0,0.0,0.0,10.23,0.0,873.95,13.64
89.8037,287.98,175.12,112.42,60.83,42.35,80.96,90.86,30.03,3.41,0.0,0.0,0.0,0.0,0.0,10.23,0.0,880.55,13.64
89.8137,285.45,172.81,112.42,60.83,42.35,80.96,92.73,30.03,0.0,0.0,0.0,0.0,0.0,0.0,10.23,0.0,877.58,10.23
89.8237,282.92,170.61,110.0,60.83,40.15,80.96,92.73,30.03,3.41,0.0,0.0,0.0,0.0,0.0,10.23,0.0,868.23,13.64
89.8337,280.39,170.61,110.0,63.03,42.35,80.96,92.73,30.03,3.41,0.0,0.0,0.0,0.0,0.0,10.23,4.18,870.1,17.82
89.8437,277.86,168.3,107.69,63.03,42.35,80.96,92.73,30.03,3.41,0.0,0.0,0.0,0.0,0.0,10.23,0.0,862.95,13.64
89.8537,277.86,168.3,107.69,63.03,42.35,80.96,92.73,30.03,3.41,0.0,0.0,0.0,0.0,0.0,10.23,0.0,862.95,13.64
89.8637,275.22,166.1,107.69,65.23,40.15,83.27,90.86,30.03,3.41,0.0,0.0,0.0,0.0,0.0,7.7,0.0,858.55,11.11
89.8737,272.58,166.1,105.27,65.23,40.15,83.27,90.86,30.03,3.41,0.0,0.0,0.0,0.0,0.0,7.7,0.0,853.49,11.11
89.8837,272.58,164.01,105.27,67.43,40.15,83.27,90.86,30.03,3.41,0.0,0.0,0.0,0.0,0.0,7.7,0.0,853.6,11.11
89.8937,270.05,164.01,102.96,67.43,40.15,83.27,90.86,30.03,0.0,0.0,0.0,0.0,0.0,0.0,7.7,0.0,848.76,7.7
89.9037,267.41,164.01,102.96,69.63,42.35,85.47,90.86,30.03,0.0,0.0,0.0,0.0,0.0,0.0,7.7,0.0,852.72,7.7
89.9137,267.41,161.92,102.96,71.83,42.35,85.47,92.73,30.03,0.0,0.0,0.0,0.0,0.0,0.0,7.7,0.0,854.7,7.7
89.9237,262.24,161.92,102.96,74.03,42.35,87.67,92.73,31.79,0.0,0.0,0.0,0.0,0.0,0.0,5.06,0.0,855.69,5.06
89.9337,259.6,161.92,102.96,76.23,42.35,92.18,94.49,31.79,0.0,0.0,0.0,0.0,0.0,0.0,5.06,0.0,861.52,5.06
89.9437,257.07,159.83,102.96,80.63,44.44,94.49,96.36,31.79,0.0,0.0,0.0,0.0,0.0,0.0,5.06,0.0,867.57,5.06
89.9537,251.9,159.83,100.54,85.03,44.44,98.89,98.12,33.55,0.0,0.0,0.0,0.0,0.0,0.0,5.06,0.0,872.3,5.06
89.9637,246.73,157.74,100.54,89.54,44.44,101.2,99.99,33.55,0.0,0.0,0.0,0.0,0.0,0.0,5.06,0.0,873.73,5.06
89.9737,241.45,157.74,100.54,93.94,44.44,105.6,101.75,35.31,0.0,0.0,0.0,0.0,0.0,0.0,5.06,0.0,880.77,5.06
89.9837,236.28,155.65,98.23,100.54,44.44,112.42,103.62,35.31,0.0,0.0,0.0,0.0,0.0,0.0,7.7,0.0,886.49,7.7
89.9937,228.58,153.56,95.81,109.34,46.53,116.6,105.38,37.07,0.0,0.0,0.0,0.0,0.0,0.0,5.06,0.0,892.87,5.06
90.0037,220.88,149.38,93.5,116.05,46.53,120.78,107.25,38.83,0.0,0.0,0.0,0.0,0.0,0.0,7.7,0.0,893.2,7.7
90.0137,211.2,145.2,88.77,124.96,46.53,127.16,109.01,40.59,0.0,0.0,0.0,0.0,0.0,0.0,7.7,0.0,893.42,7.7
90.0237,201.52,138.93,86.35,131.67,46.53,131.45,110.88,42.35,0.0,0.0,0.0,0.0,0.0,0.0,7.7,0.0,889.68,7.7
90.0337,191.73,134.75,81.73,140.69,46.53,137.72,110.88,44.11,3.41,0.0,0.0,0.0,0.0,0.0,7.7,0.0,888.14,11.11
90.0437,179.63,126.39,77.0,147.4,46.53,142.01,112.64,45.87,5.17,0.0,0.0,0.0,0.0,0.0,7.7,0.0,877.47,12.87
90.0537,165.0,118.03,72.27,154.11,46.53,148.39,116.49,47.63,10.45,0.0,0.0,0.0,0.0,0.0,7.7,0.0,868.45,18.15
90.0637,150.26,107.14,65.12,163.02,46.53,152.57,118.47,49.39,21.01,4.62,0.0,0.0,0.0,0.0,5.06,0.0,852.5,30.69
90.0737,130.57,93.94,58.08,169.95,46.53,158.95,120.45,51.15,36.85,11.66,0.0,0.0,0.0,0.0,5.06,0.0,829.62,53.57
90.0837,110.99,80.74,48.4,179.41,48.62,165.33,124.52,52.91,80.85,30.47,11.88,0.0,0.0,0.0,7.7,0.0,810.92,130.9
90.0937,88.88,65.34,41.14,184.14,48.62,169.73,128.59,54.67,130.02,46.86,26.29,16.94,0.0,0.0,7.7,0.0,781.11,227.81
90.1037,71.17,52.58,29.04,184.14,48.62,171.93,134.64,58.52,140.69,58.63,33.44,42.35,0.0,0.0,15.4,0.0,750.64,290.51
90.1137,48.73,38.94,21.78,177.1,48.62,174.13,140.69,60.5,146.96,68.09,40.7,50.82,0.0,28.49,23.1,6.27,710.49,364.43
90.1237,30.14,27.28,14.52,167.64,46.53,174.13,144.65,62.59,149.16,72.82,45.43,53.68,5.5,40.37,28.27,8.47,667.48,403.7
90.1337,20.9,17.49,12.1,156.31,42.35,171.93,148.72,64.57,149.16,77.55,45.43,59.4,5.5,47.52,38.5,10.56,634.37,433.62
90.1437,16.17,13.64,7.26,140.69,38.06,167.53,148.72,66.55,151.25,82.28,47.85,65.67,5.5,54.56,38.5,12.65,598.62,458.26
90.1537,13.86,9.68,7.26,122.76,31.68,165.33,144.65,66.55,151.25,87.01,47.85,71.94,5.5,59.4,41.03,14.74,561.77,478.72
90.1637,11.55,7.7,4.84,107.14,27.5,161.04,138.6,68.64,157.63,91.74,50.27,81.29,5.5,64.79,43.67,14.74,527.01,509.63
90.1737,9.24,7.7,0.0,89.54,21.12,156.86,130.57,70.62,163.9,98.78,52.69,84.48,5.5,67.54,43.67,16.94,485.65,533.5
90.1837,9.24,5.83,0.0,71.83,14.74,150.48,120.45,70.62,170.72,103.51,55.11,87.56,5.5,70.18,48.73,16.94,443.19,558.25
90.1937,4.62,5.83,0.0,56.87,10.56,142.01,110.88,72.6,182.27,110.66,60.5,90.75,8.25,75.68,48.73,19.03,403.37,595.87
90.2037,4.62,5.83,0.0,43.01,8.47,129.25,101.75,74.69,189.2,113.08,63.25,93.94,8.25,75.68,53.9,21.12,367.62,618.42
90.2137,0.0,3.85,0.0,31.02,6.27,114.51,89.1,74.69,196.24,118.03,63.25,97.02,8.25,81.07,53.9,21.12,319.44,638.88
90.2237,0.0,3.85,0.0,18.92,6.27,92.18,74.58,74.69,198.55,123.09,66.0,103.29,8.25,83.82,56.54,23.21,270.49,662.75
90.2337,0.0,3.85,0.0,15.51,6.27,67.54,56.54,72.6,200.86,128.04,66.0,115.94,11.0,89.21,59.51,23.21,222.31,693.77
90.2437,0.0,3.85,0.0,13.75,4.18,41.03,41.25,66.55,205.48,135.52,68.75,128.48,11.0,97.35,59.51,25.41,170.61,731.5
90.2537,0.0,0.0,0.0,10.34,0.0,25.3,28.93,56.54,207.79,143.11,68.75,141.13,11.0,105.49,62.48,25.41,121.11,765.16
90.2637,0.0,0.0,0.0,8.58,0.0,17.49,21.34,44.11,207.79,150.59,71.39,156.97,11.0,113.63,62.48,27.5,91.52,801.35
90.2737,0.0,0.0,0.0,6.82,0.0,13.64,16.72,30.03,210.1,158.07,71.39,169.62,11.0,119.13,65.45,29.59,67.21,834.35
90.2837,0.0,0.0,0.0,6.82,0.0,11.66,12.21,15.84,212.41,163.13,71.39,179.19,13.75,127.27,68.42,31.79,46.53,867.35
90.2937,0.0,0.0,0.0,5.17,0.0,9.68,7.59,8.8,214.72,168.19,74.14,191.95,13.75,132.77,68.42,31.79,31.24,895.73
90.3037,0.0,0.0,0.0,5.17,0.0,7.81,2.97,3.52,214.72,170.61,76.89,201.63,13.75,138.16,71.39,33.88,19.47,921.03
90.3137,0.0,0.0,0.0,5.17,0.0,5.83,0.0,0.0,214.72,170.61,76.89,208.01,13.75,143.66,77.33,33.88,11.0,938.85
90.3237,4.62,0.0,0.0,3.41,0.0,3.85,0.0,0.0,210.1,168.19,76.89,211.2,16.5,146.3,77.33,35.97,11.88,942.48
90.3337,4.62,0.0,0.0,3.41,0.0,3.85,0.0,0.0,205.48,168.19,76.89,217.58,16.5,151.8,80.3,35.97,11.88,952.71
90.3437,4.62,0.0,0.0,0.0,0.0,3.85,0.0,0.0,196.24,163.13,74.14,224.07,16.5,157.19,86.35,35.97,8.47,953.59
90.3537,4.62,0.0,0.0,0.0,0.0,3.85,0.0,0.0,186.89,158.07,71.39,229.79,16.5,162.69,89.32,38.06,8.47,952.71
90.3637,4.62,0.0,0.0,0.0,0.0,0.0,0.0,0.0,177.65,153.12,71.39,232.76,16.5,168.19,92.29,40.26,4.62,952.16
90.3737,4.62,0.0,0.0,0.0,0.0,0.0,0.0,0.0,168.41,145.64,68.75,238.59,19.25,173.47,95.26,40.26,4.62,949.63
90.3837,4.62,0.0,0.0,0.0,0.0,0.0,0.0,0.0,159.72,140.58,66.0,244.42,19.25,178.86,98.23,42.35,4.62,949.41
90.3937,4.62,0.0,0.0,0.0,0.0,0.0,0.0,0.0,149.16,135.52,63.25,250.14,19.25,181.61,101.2,44.44,4.62,944.57
90.4037,4.62,0.0,0.0,0.0,0.0,0.0,0.0,0.0,140.69,130.57,60.5,255.97,22.0,187.0,104.17,44.44,4.62,945.34
90.4137,0.0,0.0,0.0,0.0,0.0,0.0,0.0,0.0,132.22,123.09,57.75,258.94,22.0,192.39,107.14,46.53,0.0,940.06
90.4237,0.0,0.0,0.0,0.0,0.0,0.0,0.0,0.0,125.84,118.03,55.11,264.77,22.0,197.67,110.22,46.53,0.0,940.17
90.4337,0.0,0.0,0.0,0.0,0.0,0.0,0.0,0.0,117.37,113.08,52.69,267.63,22.0,200.42,113.08,48.73,0.0,935.0
90.4437,0.0,0.0,0.0,0.0,0.0,0.0,0.0,0.0,111.43,108.24,50.27,270.6,22.0,203.06,113.08,50.82,0.0,929.5
90.4537,0.0,0.0,0.0,0.0,0.0,0.0,0.0,0.0,105.71,101.2,50.27,273.46,22.0,205.81,115.94,50.82,0.0,925.21
90.4637,0.0,0.0,0.0,0.0,0.0,0.0,0.0,0.0,98.01,98.78,47.85,273.46,24.75,208.45,118.91,52.91,0.0,923.12
90.4737,0.0,0.0,0.0,0.0,0.0,0.0,0.0,0.0,94.16,94.05,45.43,276.43,22.0,213.84,121.77,55.11,0.0,922.79
90.4837,0.0,0.0,0.0,0.0,0.0,0.0,0.0,0.0,88.44,89.32,43.12,276.43,24.75,213.84,124.63,57.53,0.0,918.06
90.4937,0.0,0.0,0.0,0.0,0.0,0.0,0.0,0.0,82.72,82.28,43.12,276.43,24.75,219.23,127.6,59.95,0.0,916.08
90.5037,0.0,0.0,0.0,0.0,0.0,0.0,0.0,0.0,77.0,79.86,40.7,276.43,24.75,221.98,130.46,62.37,0.0,913.55
90.5137,0.0,0.0,0.0,0.0,0.0,0.0,0.0,0.0,73.15,75.13,38.28,276.43,24.75,227.48,136.29,64.9,0.0,916.41
90.5237,0.0,0.0,0.0,0.0,0.0,0.0,0.0,0.0,69.41,70.4,38.28,273.46,27.5,230.34,142.12,67.32,0.0,918.83
90.5337,0.0,0.0,0.0,0.0,0.0,0.0,0.0,0.0,65.56,65.67,35.86,273.46,27.5,233.09,147.84,69.74,0.0,918.72
90.5437,0.0,0.0,0.0,0.0,0.0,0.0,0.0,0.0,61.71,63.36,35.86,270.6,30.25,235.95,153.67,72.16,0.0,923.56
90.5537,0.0,0.0,0.0,0.0,0.0,0.0,0.0,0.0,57.97,58.63,35.86,267.63,30.25,238.7,162.36,74.69,0.0,926.09
90.5637,0.0,0.0,0.0,0.0,0.0,0.0,0.0,0.0,54.45,56.21,33.44,267.63,30.25,241.45,168.3,77.11,0.0,928.84
90.5737,0.0,0.0,0.0,0.0,0.0,0.0,0.0,0.0,49.17,51.59,33.44,267.63,33.0,244.31,174.24,79.53,0.0,932.91
90.5837,0.0,0.0,0.0,0.0,0.0,0.0,0.0,0.0,45.65,49.17,31.13,267.63,33.0,249.92,183.15,81.95,0.0,941.6
90.5937,0.0,0.0,0.0,0.0,0.0,0.0,0.0,0.0,38.61,44.55,28.71,264.77,33.0,252.67,192.06,84.48,0.0,938.85
90.6037,0.0,0.0,0.0,0.0,0.0,0.0,0.0,0.0,33.33,39.82,26.29,258.94,35.75,255.42,198.11,86.9,0.0,934.56
90.6137,0.0,0.0,0.0,0.0,0.0,0.0,0.0,0.0,26.29,32.78,23.87,253.11,35.75,255.42,207.02,89.32,0.0,923.56
90.6237,0.0,0.0,0.0,0.0,0.0,0.0,0.0,0.0,21.01,25.74,19.14,244.42,35.75,258.28,215.93,91.74,0.0,912.01
90.6337,0.0,0.0,0.0,0.0,0.0,0.0,0.0,0.0,17.49,18.7,14.3,235.62,35.75,258.28,221.98,94.27,0.0,896.39
90.6437,0.0,0.0,0.0,0.0,0.0,0.0,0.0,0.0,13.97,13.97,11.88,224.07,35.75,258.28,230.45,94.27,0.0,882.64
90.6537,4.62,0.0,0.0,0.0,0.0,0.0,0.0,0.0,12.21,11.66,11.88,211.2,33.0,258.28,236.06,96.69,4.62,870.98
90.6637,11.55,0.0,0.0,0.0,0.0,0.0,0.0,0.0,10.45,9.35,7.15,195.14,33.0,255.42,241.67,99.11,11.55,851.29
90.6737,37.18,3.85,0.0,0.0,0.0,0.0,0.0,0.0,8.69,6.93,7.15,179.19,30.25,255.42,244.53,101.53,41.03,833.69
90.6837,142.89,21.34,0.0,0.0,0.0,0.0,0.0,0.0,6.93,4.62,4.73,163.24,27.5,255.42,247.39,104.06,164.23,813.89
90.6937,246.73,42.79,14.52,0.0,0.0,0.0,0.0,0.0,6.93,4.62,0.0,144.32,24.75,252.67,250.14,111.32,304.04,794.75
90.7037,233.75,54.56,29.04,3.41,0.0,0.0,0.0,0.0,5.17,4.62,0.0,122.21,19.25,244.31,250.14,116.05,320.76,761.75
90.7137,233.75,74.14,38.72,5.17,0.0,3.85,0.0,0.0,5.17,0.0,0.0,93.94,16.5,233.09,250.14,122.76,355.63,721.6
90.7236,231.11,87.34,43.56,8.58,0.0,0.0,0.0,0.0,3.41,0.0,0.0,65.67,11.0,216.59,250.14,129.47,370.59,676.28
90.7336,228.58,100.54,48.4,17.16,0.0,0.0,0.0,0.0,3.41,0.0,0.0,45.21,8.25,195.03,244.53,136.18,394.68,632.61
90.7436,225.94,111.54,53.24,20.68,0.0,3.85,0.0,0.0,0.0,0.0,0.0,28.27,5.5,162.69,241.67,140.58,415.25,578.71
90.7536,223.41,122.21,55.77,24.09,0.0,7.81,2.97,0.0,0.0,0.0,0.0,19.8,0.0,121.88,233.2,142.89,436.26,517.77
90.7636,231.11,134.75,60.39,31.02,0.0,9.68,2.97,3.52,0.0,0.0,0.0,14.08,5.5,78.32,218.9,140.58,473.44,457.38
90.7736,238.92,145.2,67.54,37.84,0.0,13.64,2.97,3.52,0.0,0.0,0.0,11.22,5.5,49.83,186.12,129.47,509.63,382.14
90.7836,251.9,157.74,74.58,41.36,0.0,19.47,4.51,5.28,0.0,0.0,0.0,11.22,5.5,33.22,142.12,120.45,554.84,312.51
90.7936,270.05,172.81,86.35,46.53,0.0,27.28,9.13,8.8,0.0,0.0,0.0,8.47,5.5,26.07,95.26,104.06,620.95,239.36
90.8036,285.45,184.25,95.81,48.18,0.0,35.09,15.18,12.32,0.0,0.0,0.0,8.47,0.0,21.34,65.45,89.32,676.28,184.58
90.8136,300.85,195.58,105.27,51.7,4.18,41.03,22.88,14.08,0.0,0.0,0.0,5.61,0.0,18.92,48.73,67.32,735.57,140.58
90.8236,311.08,204.6,112.42,53.35,8.47,46.86,28.93,15.84,0.0,0.0,0.0,0.0,0.0,14.19,35.97,33.88,781.55,84.04
90.8336,316.14,211.42,117.37,55.11,10.56,50.71,35.09,17.6,0.0,0.0,0.0,0.0,0.0,11.88,25.63,23.21,814.0,60.72
90.8436,321.31,215.93,122.32,56.87,12.65,52.69,38.17,17.6,0.0,0.0,0.0,0.0,0.0,9.46,20.46,8.47,837.54,38.39
90.8536,323.84,218.24,124.74,58.63,12.65,54.67,41.25,19.36,0.0,0.0,0.0,0.0,0.0,4.73,15.4,4.18,853.38,24.31
90.8636,326.37,222.75,127.27,58.63,14.74,58.63,44.22,19.36,0.0,0.0,0.0,0.0,0.0,4.73,12.76,4.18,871.97,21.67
90.8736,326.37,222.75,127.27,60.83,16.94,58.63,45.76,21.12,0.0,0.0,0.0,0.0,0.0,4.73,12.76,4.18,879.67,21.67
90.8836,328.9,222.75,127.27,58.63,16.94,58.63,48.84,21.12,0.0,0.0,0.0,0.0,0.0,4.73,12.76,4.18,883.08,21.67
90.8936,326.37,220.55,127.27,58.63,16.94,58.63,48.84,21.12,0.0,0.0,0.0,0.0,0.0,0.0,10.23,0.0,878.35,10.23
90.9036,323.84,215.93,124.74,58.63,19.03,58.63,50.38,21.12,0.0,0.0,0.0,0.0,0.0,0.0,10.23,0.0,872.3,10.23
90.9136,321.31,211.42,124.74,56.87,19.03,58.63,51.92,21.12,0.0,0.0,0.0,0.0,0.0,0.0,10.23,0.0,865.04,10.23
90.9236,318.67,206.91,122.32,55.11,19.03,56.65,51.92,21.12,0.0,0.0,0.0,0.0,0.0,0.0,7.7,0.0,851.73,7.7
90.9336,316.14,202.4,119.79,55.11,19.03,56.65,53.46,19.36,0.0,0.0,0.0,0.0,0.0,0.0,7.7,0.0,841.94,7.7
90.9436,313.61,195.58,119.79,53.35,21.12,54.67,53.46,19.36,0.0,0.0,0.0,0.0,0.0,0.0,7.7,0.0,830.94,7.7
90.9536,311.08,193.27,119.79,53.35,21.12,54.67,53.46,19.36,0.0,0.0,0.0,0.0,0.0,0.0,7.7,0.0,826.1,7.7
90.9636,308.44,188.76,117.37,51.7,21.12,54.67,55.0,19.36,0.0,0.0,0.0,0.0,0.0,0.0,5.06,0.0,816.42,5.06
90.9736,305.91,184.25,114.84,51.7,21.12,54.67,56.54,19.36,0.0,0.0,0.0,0.0,0.0,0.0,5.06,0.0,808.39,5.06
90.9836,303.38,181.94,112.42,51.7,23.21,56.65,56.54,19.36,0.0,0.0,0.0,0.0,0.0,0.0,5.06,0.0,805.2,5.06
90.9936,300.85,179.63,112.42,53.35,23.21,56.65,58.3,19.36,0.0,0.0,0.0,0.0,0.0,0.0,5.06,0.0,803.77,5.06
91.0036,298.21,177.43,112.42,53.35,25.41,56.65,60.06,19.36,0.0,0.0,0.0,0.0,0.0,0.0,5.06,0.0,802.89,5.06
91.0136,295.68,172.81,112.42,53.35,25.41,58.63,61.93,21.12,0.0,0.0,0.0,0.0,0.0,0.0,0.0,0.0,801.35,0.0
91.0236,293.15,170.61,112.42,55.11,27.5,58.63,63.69,21.12,0.0,0.0,0.0,0.0,0.0,0.0,0.0,0.0,802.23,0.0
91.0336,290.62,168.3,112.42,55.11,29.59,60.83,67.32,21.12,0.0,0.0,0.0,0.0,0.0,0.0,0.0,0.0,805.31,0.0
91.0436,287.98,166.1,112.42,56.87,29.59,63.03,69.19,21.12,0.0,0.0,0.0,0.0,0.0,0.0,0.0,0.0,806.3,0.0
91.0536,285.45,164.01,112.42,56.87,31.68,67.54,72.82,22.88,0.0,0.0,0.0,0.0,0.0,0.0,0.0,0.0,813.67,0.0
91.0636,282.92,161.92,112.42,58.63,33.88,69.74,76.45,22.88,0.0,0.0,0.0,0.0,0.0,0.0,0.0,0.0,818.84,0.0
91.0736,277.86,157.74,112.42,60.83,35.97,72.05,80.08,22.88,0.0,0.0,0.0,0.0,0.0,0.0,0.0,0.0,819.83,0.0
91.0836,270.05,155.65,114.84,63.03,38.06,76.56,83.71,24.64,0.0,0.0,0.0,0.0,0.0,0.0,0.0,0.0,826.54,0.0
91.0936,264.88,153.56,112.42,65.23,40.15,80.96,89.1,26.4,0.0,0.0,0.0,0.0,0.0,0.0,0.0,0.0,832.7,0.0
91.1036,257.07,149.38,112.42,69.63,42.35,85.47,96.36,26.4,0.0,0.0,0.0,0.0,0.0,0.0,0.0,0.0,839.08,0.0
91.1136,251.9,145.2,112.42,71.83,44.44,92.18,103.62,28.27,0.0,0.0,0.0,0.0,0.0,0.0,0.0,0.0,849.86,0.0
91.1236,241.45,141.02,112.42,76.23,46.53,96.69,110.88,30.03,0.0,0.0,0.0,0.0,0.0,0.0,0.0,0.0,855.25,0.0
91.1336,231.11,134.75,110.0,78.43,48.62,103.4,120.45,31.79,0.0,0.0,0.0,0.0,0.0,0.0,0.0,0.0,858.55,0.0
91.1436,218.46,128.48,107.69,82.83,52.91,110.11,130.57,33.55,0.0,0.0,0.0,0.0,0.0,0.0,0.0,0.0,864.6,0.0
91.1536,203.94,120.12,102.96,85.03,55.0,116.6,144.65,35.31,0.0,0.0,0.0,0.0,0.0,0.0,0.0,0.0,863.61,0.0
91.1636,189.31,109.34,98.23,87.34,57.2,125.07,156.75,37.07,0.0,0.0,0.0,0.0,0.0,0.0,0.0,0.0,860.31,0.0
91.1736,172.37,98.34,91.08,91.74,59.4,131.45,168.96,42.35,0.0,0.0,0.0,0.0,0.0,0.0,0.0,0.0,855.69,0.0
91.1836,152.68,87.34,81.73,93.94,61.71,137.72,181.28,45.87,0.0,0.0,0.0,0.0,0.0,0.0,0.0,0.0,842.27,0.0
91.1936,130.57,74.14,69.85,96.14,64.02,144.1,191.62,47.63,0.0,0.0,0.0,0.0,0.0,0.0,0.0,0.0,818.07,0.0
91.2036,106.48,60.94,60.39,98.34,66.33,152.57,204.05,51.15,0.0,0.0,0.0,0.0,0.0,0.0,0.0,0.0,800.25,0.0
91.2136,84.48,50.6,48.4,98.34,66.33,156.86,214.39,56.54,0.0,0.0,0.0,0.0,0.0,0.0,0.0,0.0,775.94,0.0
91.2236,60.17,36.96,36.3,96.14,66.33,161.04,224.84,58.52,0.0,0.0,0.0,0.0,0.0,0.0,0.0,0.0,740.3,0.0
91.2336,39.49,25.3,24.2,93.94,64.02,165.33,233.64,60.5,5.17,0.0,0.0,0.0,0.0,0.0,0.0,0.0,706.42,5.17
91.2436,27.83,17.49,16.94,89.54,61.71,167.53,240.24,62.59,29.81,0.0,0.0,0.0,0.0,0.0,0.0,0.0,683.87,29.81
91.2536,20.9,11.66,12.1,82.83,57.2,167.53,246.84,64.57,184.58,21.01,4.73,0.0,0.0,0.0,0.0,0.0,663.63,210.32
91.2636,16.17,9.68,9.68,69.63,52.91,165.33,251.35,68.64,226.49,44.55,11.88,0.0,0.0,0.0,0.0,0.0,643.39,282.92
91.2736,11.55,7.7,4.84,55.11,44.44,161.04,253.55,70.62,226.49,75.13,31.13,14.08,0.0,0.0,7.7,0.0,608.85,354.53
91.2836,11.55,5.83,0.0,41.36,35.97,150.48,253.55,74.69,228.91,105.93,43.12,36.74,0.0,0.0,7.7,0.0,573.43,422.4
91.2936,9.24,5.83,0.0,27.5,27.5,137.72,249.04,76.67,233.86,130.57,50.27,68.75,0.0,4.73,10.23,0.0,533.5,498.41
91.3036,6.93,5.83,0.0,17.16,16.94,118.69,240.24,78.65,226.49,138.05,52.69,90.75,0.0,14.19,12.76,0.0,484.44,534.93
91.3136,4.62,3.85,0.0,10.34,8.47,89.98,227.04,80.74,212.41,140.58,52.69,109.56,0.0,30.8,12.76,0.0,425.04,558.8
91.3236,0.0,3.85,0.0,8.58,6.27,60.83,206.14,78.65,212.41,148.06,55.11,122.21,0.0,52.25,17.93,4.18,364.32,612.15
91.3336,0.0,3.85,0.0,6.82,6.27,37.07,175.12,74.69,217.03,155.65,60.5,131.67,0.0,67.54,20.46,8.47,303.82,661.32
91.3436,0.0,0.0,0.0,5.17,6.27,23.43,128.59,62.59,224.07,163.13,63.25,141.13,5.5,75.68,28.27,12.65,226.05,713.68
91.3536,0.0,0.0,0.0,5.17,4.18,17.49,81.84,47.63,233.86,173.03,68.75,147.51,8.25,83.82,35.97,14.74,156.31,765.93
91.3636,0.0,0.0,0.0,3.41,0.0,13.64,48.84,35.31,241.23,177.87,71.39,153.78,11.0,86.46,43.67,16.94,101.2,802.34
91.3736,0.0,0.0,0.0,0.0,0.0,11.66,33.55,26.4,246.18,185.13,74.14,160.05,11.0,89.21,46.2,16.94,71.61,828.85
91.3836,0.0,0.0,0.0,0.0,0.0,7.81,24.42,15.84,248.6,189.97,74.14,166.43,11.0,91.96,46.2,19.03,48.07,847.33
91.3936,0.0,0.0,0.0,0.0,0.0,5.83,18.26,10.56,246.18,192.39,71.39,176.0,11.0,94.6,46.2,19.03,34.65,856.79
91.4036,0.0,0.0,0.0,0.0,0.0,3.85,13.75,5.28,243.76,197.23,71.39,188.76,11.0,97.35,48.73,21.12,22.88,879.34
91.4136,4.62,0.0,0.0,0.0,0.0,0.0,9.13,3.52,236.28,199.65,68.75,198.44,11.0,102.74,48.73,21.12,17.27,886.71
91.4236,4.62,0.0,0.0,0.0,0.0,0.0,7.59,0.0,226.49,197.23,68.75,214.39,13.75,110.99,53.9,23.21,12.21,908.71
91.4336,4.62,0.0,0.0,0.0,0.0,0.0,6.05,0.0,214.72,194.81,66.0,226.93,13.75,116.38,56.54,25.41,10.67,914.54
91.4436,4.62,0.0,0.0,0.0,0.0,0.0,4.51,0.0,203.17,189.97,66.0,238.59,16.5,124.52,62.48,27.5,9.13,928.73
91.4536,4.62,0.0,0.0,0.0,0.0,0.0,2.97,0.0,193.82,187.55,66.0,250.14,16.5,132.77,68.42,29.59,7.59,944.79
91.4636,4.62,0.0,0.0,0.0,0.0,0.0,0.0,0.0,184.58,180.29,66.0,255.97,19.25,138.16,74.36,31.79,4.62,950.4
91.4736,4.62,0.0,0.0,0.0,0.0,0.0,0.0,0.0,173.03,175.45,63.25,264.77,19.25,143.66,77.33,31.79,4.62,948.53
91.4836,4.62,0.0,0.0,0.0,0.0,0.0,0.0,0.0,163.9,165.66,60.5,267.63,19.25,149.05,83.27,33.88,4.62,943.14
91.4936,4.62,0.0,0.0,0.0,0.0,0.0,0.0,0.0,153.34,158.07,57.75,270.6,19.25,151.8,86.35,33.88,4.62,931.04
91.5036,4.62,0.0,0.0,0.0,0.0,0.0,0.0,0.0,144.87,150.59,57.75,276.43,22.0,154.55,86.35,33.88,4.62,926.42
91.5136,4.62,0.0,0.0,0.0,0.0,0.0,0.0,0.0,134.31,143.11,55.11,276.43,22.0,159.94,89.32,35.97,4.62,916.19
91.5236,4.62,0.0,0.0,0.0,0.0,0.0,0.0,0.0,127.93,135.52,52.69,279.51,22.0,162.69,89.32,35.97,4.62,905.63
91.5336,4.62,0.0,0.0,0.0,0.0,0.0,0.0,0.0,119.46,128.04,50.27,279.51,22.0,165.44,92.29,35.97,4.62,892.98
91.5436,0.0,0.0,0.0,0.0,0.0,0.0,0.0,0.0,113.3,120.56,50.27,282.7,22.0,168.19,95.26,38.06,0.0,890.34
91.5536,4.62,0.0,0.0,0.0,0.0,0.0,0.0,0.0,107.58,115.5,47.85,285.89,22.0,173.47,95.26,38.06,4.62,885.61
91.5636,4.62,0.0,0.0,0.0,0.0,0.0,0.0,0.0,101.86,108.24,47.85,288.97,22.0,176.22,98.23,38.06,4.62,881.43
91.5736,0.0,0.0,0.0,0.0,0.0,0.0,0.0,0.0,96.14,103.51,45.43,288.97,24.75,178.86,101.2,38.06,0.0,876.92
91.5836,0.0,0.0,0.0,0.0,0.0,0.0,0.0,0.0,92.29,101.2,45.43,292.16,24.75,184.25,104.17,40.26,0.0,884.51
91.5936,0.0,0.0,0.0,0.0,0.0,0.0,0.0,0.0,88.44,96.47,45.43,295.35,24.75,189.64,107.14,40.26,0.0,887.48
91.6036,0.0,0.0,0.0,0.0,0.0,0.0,0.0,0.0,82.72,91.74,43.12,298.43,24.75,195.03,110.22,42.35,0.0,888.36
91.6136,0.0,0.0,0.0,0.0,0.0,0.0,0.0,0.0,77.0,87.01,43.12,304.81,24.75,200.42,113.08,42.35,0.0,892.54
91.6236,0.0,0.0,0.0,0.0,0.0,0.0,0.0,0.0,71.28,82.28,40.7,308.0,27.5,205.81,118.91,42.35,0.0,896.83
91.6336,0.0,0.0,0.0,0.0,0.0,0.0,0.0,0.0,63.69,75.13,38.28,314.27,27.5,213.84,121.77,44.44,0.0,898.92
91.6436,0.0,0.0,0.0,0.0,0.0,0.0,0.0,0.0,57.97,70.4,35.86,320.54,27.5,219.23,124.63,46.53,0.0,902.66
91.6536,0.0,0.0,0.0,0.0,0.0,0.0,0.0,0.0,52.69,65.67,33.44,326.92,27.5,224.73,127.6,48.73,0.0,907.28
91.6636,0.0,0.0,0.0,0.0,0.0,0.0,0.0,0.0,47.41,60.94,31.13,330.11,27.5,230.34,130.46,50.82,0.0,908.71
91.6736,0.0,0.0,0.0,0.0,0.0,0.0,0.0,0.0,42.13,56.21,28.71,336.05,27.5,235.95,133.32,52.91,0.0,912.78
91.6836,0.0,0.0,0.0,0.0,0.0,0.0,0.0,0.0,36.85,53.9,26.29,339.02,27.5,241.45,136.29,57.53,0.0,918.83
91.6936,0.0,0.0,0.0,0.0,0.0,0.0,0.0,0.0,31.57,49.17,21.56,341.99,27.5,247.06,139.15,59.95,0.0,917.95
91.7036,0.0,0.0,0.0,0.0,0.0,0.0,0.0,0.0,26.29,42.13,19.14,341.99,27.5,249.92,144.98,62.37,0.0,914.32
91.7136,0.0,0.0,0.0,0.0,0.0,0.0,0.0,0.0,21.01,37.51,16.72,341.99,27.5,255.42,150.81,67.32,0.0,918.28
91.7236,0.0,0.0,0.0,0.0,0.0,0.0,0.0,0.0,17.49,28.05,11.88,336.05,27.5,258.28,156.53,72.16,0.0,907.94
91.7336,0.0,0.0,0.0,0.0,0.0,0.0,0.0,0.0,13.97,23.43,11.88,326.92,27.5,263.89,162.36,74.69,0.0,904.64
91.7436,0.0,0.0,0.0,0.0,0.0,0.0,0.0,0.0,10.45,18.7,9.57,314.27,27.5,263.89,168.3,79.53,0.0,892.21
91.7536,0.0,0.0,0.0,0.0,0.0,0.0,0.0,0.0,8.69,13.97,7.15,295.35,24.75,266.64,177.21,84.48,0.0,878.24
91.7636,0.0,0.0,0.0,0.0,0.0,0.0,0.0,0.0,8.69,9.35,7.15,279.51,24.75,266.64,183.15,89.32,0.0,868.56
91.7736,4.62,0.0,0.0,0.0,0.0,0.0,0.0,0.0,6.93,9.35,4.73,258.94,22.0,269.39,186.12,94.27,4.62,851.73
91.7836,6.93,0.0,0.0,0.0,0.0,0.0,0.0,0.0,6.93,6.93,0.0,241.45,22.0,269.39,192.06,99.11,6.93,837.87
91.7936,18.59,3.85,0.0,0.0,0.0,0.0,0.0,0.0,5.17,4.62,0.0,217.58,19.25,269.39,198.11,104.06,22.44,818.18
91.8036,73.37,11.66,0.0,0.0,0.0,0.0,0.0,0.0,5.17,4.62,0.0,191.95,13.75,269.39,201.08,111.32,85.03,797.28
91.8136,236.28,44.77,7.26,0.0,0.0,0.0,0.0,0.0,5.17,4.62,0.0,166.43,11.0,266.64,204.05,116.05,288.31,773.96
91.8236,249.26,60.94,19.36,3.41,0.0,0.0,0.0,0.0,3.41,0.0,0.0,134.86,8.25,258.28,207.02,120.45,332.97,732.27
91.8336,244.09,85.14,36.3,6.82,0.0,0.0,0.0,0.0,0.0,0.0,0.0,100.21,5.5,244.31,209.99,124.96,372.35,684.97
91.8436,241.45,107.14,45.98,15.51,0.0,3.85,0.0,0.0,0.0,0.0,0.0,65.67,5.5,219.23,209.99,131.67,413.93,632.06
91.8536,238.92,126.39,53.24,22.33,0.0,3.85,0.0,0.0,0.0,0.0,0.0,39.6,5.5,187.0,209.99,136.18,444.73,578.27
91.8636,241.45,145.2,58.08,31.02,0.0,7.81,0.0,3.52,0.0,0.0,0.0,25.41,5.5,143.66,204.05,138.38,487.08,517.0
91.8736,238.92,157.74,62.81,41.36,0.0,11.66,2.97,3.52,0.0,0.0,0.0,22.55,8.25,89.21,180.18,131.67,518.98,431.86
91.8836,244.09,170.61,69.85,51.7,0.0,19.47,2.97,7.04,0.0,0.0,0.0,16.94,8.25,54.56,142.12,120.45,565.73,342.32
91.8936,257.07,184.25,77.0,56.87,0.0,33.22,6.05,10.56,0.0,0.0,0.0,14.08,8.25,35.64,95.26,106.48,625.02,259.71
91.9036,272.58,200.09,88.77,65.23,0.0,46.86,13.75,12.32,0.0,0.0,0.0,11.22,5.5,26.07,62.48,91.74,699.6,197.01
91.9136,285.45,213.73,98.23,69.63,4.18,56.65,22.88,15.84,0.0,0.0,0.0,8.47,5.5,18.92,43.67,67.32,766.59,143.88
91.9236,298.21,222.75,107.69,74.03,8.47,63.03,33.55,19.36,0.0,0.0,0.0,5.61,0.0,14.19,30.8,42.35,827.09,92.95
91.9336,303.38,229.35,112.42,76.23,10.56,69.74,41.25,21.12,0.0,0.0,0.0,0.0,0.0,9.46,23.1,23.21,864.05,55.77
91.9436,305.91,229.35,114.84,78.43,14.74,76.56,45.76,22.88,0.0,0.0,0.0,0.0,0.0,7.04,17.93,6.27,888.47,31.24
91.9536,303.38,229.35,117.37,80.63,16.94,80.96,50.38,24.64,0.0,0.0,0.0,0.0,0.0,4.73,12.76,4.18,903.65,21.67
91.9636,295.68,224.95,117.37,85.03,19.03,85.47,55.0,26.4,0.0,0.0,0.0,0.0,0.0,4.73,10.23,0.0,908.93,14.96
91.9736,287.98,222.75,117.37,87.34,21.12,89.98,60.06,26.4,0.0,0.0,0.0,0.0,0.0,0.0,7.7,0.0,913.0,7.7
91.9836,280.39,215.93,117.37,89.54,23.21,94.49,65.56,28.27,0.0,0.0,0.0,0.0,0.0,0.0,7.7,0.0,914.76,7.7
91.9936,270.05,209.11,114.84,91.74,25.41,98.89,70.95,30.03,0.0,0.0,0.0,0.0,0.0,0.0,5.06,0.0,911.02,5.06
92.0036,262.24,200.09,112.42,93.94,27.5,101.2,74.58,30.03,0.0,0.0,0.0,0.0,0.0,0.0,0.0,0.0,902.0,0.0
92.0136,251.9,190.96,110.0,96.14,27.5,105.6,78.21,31.79,0.0,0.0,0.0,0.0,0.0,0.0,0.0,0.0,892.1,0.0
92.0236,241.45,181.94,107.69,96.14,29.59,107.91,81.84,31.79,0.0,0.0,0.0,0.0,0.0,0.0,0.0,0.0,878.35,0.0
92.0336,231.11,172.81,105.27,98.34,31.68,110.11,85.47,31.79,0.0,0.0,0.0,0.0,0.0,0.0,0.0,0.0,866.58,0.0
92.0436,220.88,164.01,100.54,98.34,33.88,112.42,89.1,33.55,0.0,0.0,0.0,0.0,0.0,0.0,0.0,0.0,852.72,0.0
92.0536,211.2,157.74,95.81,100.54,33.88,114.51,90.86,33.55,0.0,0.0,0.0,0.0,0.0,0.0,0.0,0.0,838.09,0.0
92.0636,201.52,149.38,91.08,102.74,35.97,118.69,94.49,35.31,0.0,0.0,0.0,0.0,0.0,0.0,0.0,0.0,829.18,0.0
92.0736,189.31,141.02,88.77,104.94,35.97,120.78,98.12,35.31,0.0,0.0,0.0,0.0,0.0,0.0,0.0,0.0,814.22,0.0
92.0836,179.63,132.66,84.04,107.14,38.06,125.07,101.75,37.07,0.0,0.0,0.0,0.0,0.0,0.0,0.0,0.0,805.42,0.0
92.0936,172.37,126.39,81.73,109.34,38.06,127.16,105.38,37.07,0.0,0.0,0.0,0.0,0.0,0.0,0.0,0.0,797.5,0.0
92.1036,162.58,118.03,77.0,113.85,40.15,131.45,109.01,38.83,0.0,0.0,0.0,0.0,0.0,0.0,0.0,0.0,790.9,0.0
92.1136,152.68,109.34,72.27,116.05,42.35,135.63,114.51,40.59,0.0,0.0,0.0,0.0,0.0,0.0,0.0,0.0,783.42,0.0
92.1236,142.89,102.74,69.85,118.25,42.35,139.92,118.47,42.35,0.0,0.0,0.0,0.0,0.0,0.0,0.0,0.0,776.82,0.0
92.1336,133.1,96.14,65.12,120.56,44.44,142.01,124.52,42.35,0.0,0.0,0.0,0.0,0.0,0.0,0.0,0.0,768.24,0.0
92.1435,123.2,87.34,60.39,122.76,44.44,146.19,130.57,44.11,0.0,0.0,0.0,0.0,0.0,0.0,0.0,0.0,759.0,0.0
92.1535,113.41,80.74,58.08,124.96,46.53,150.48,134.64,45.87,0.0,0.0,0.0,0.0,0.0,0.0,0.0,0.0,754.71,0.0
92.1635,106.48,74.14,53.24,129.47,46.53,154.66,142.67,47.63,0.0,0.0,0.0,0.0,0.0,0.0,0.0,0.0,754.82,0.0
92.1735,97.68,67.54,50.82,131.67,48.62,158.95,148.72,49.39,0.0,0.0,0.0,0.0,0.0,0.0,0.0,0.0,753.39,0.0
92.1835,91.08,60.94,45.98,133.98,48.62,165.33,156.75,51.15,0.0,0.0,0.0,0.0,0.0,0.0,0.0,0.0,753.83,0.0
92.1935,82.17,56.54,43.56,136.18,50.82,169.73,164.89,52.91,0.0,0.0,0.0,0.0,0.0,0.0,0.0,0.0,756.8,0.0
92.2035,75.57,52.58,41.14,138.38,50.82,174.13,170.94,54.67,0.0,0.0,0.0,0.0,0.0,0.0,0.0,0.0,758.23,0.0
92.2135,66.77,46.75,36.3,140.69,52.91,178.53,181.28,56.54,0.0,0.0,0.0,0.0,0.0,0.0,0.0,0.0,759.77,0.0
92.2235,57.97,42.79,31.46,140.69,55.0,182.93,189.64,58.52,0.0,0.0,0.0,0.0,0.0,0.0,0.0,0.0,759.0,0.0
92.2335,48.73,36.96,26.62,138.38,55.0,185.13,199.98,60.5,0.0,0.0,0.0,0.0,0.0,0.0,0.0,0.0,751.3,0.0
92.2435,39.49,31.13,21.78,138.38,55.0,187.33,210.32,62.59,0.0,0.0,0.0,0.0,0.0,0.0,0.0,0.0,746.02,0.0
92.2535,30.14,25.3,16.94,131.67,57.2,189.53,220.66,64.57,0.0,0.0,0.0,0.0,0.0,0.0,0.0,0.0,736.01,0.0
92.2635,23.21,19.47,14.52,127.27,57.2,189.53,231.44,66.55,0.0,0.0,0.0,0.0,0.0,0.0,0.0,0.0,729.19,0.0
92.2735,18.59,13.64,12.1,118.25,55.0,191.73,240.24,66.55,0.0,0.0,0.0,0.0,0.0,0.0,0.0,0.0,716.1,0.0
92.2835,13.86,9.68,7.26,109.34,52.91,191.73,246.84,68.64,0.0,0.0,0.0,0.0,0.0,0.0,0.0,0.0,700.26,0.0
92.2935,11.55,7.7,7.26,98.34,46.53,191.73,251.35,70.62,8.69,0.0,0.0,0.0,0.0,0.0,0.0,0.0,685.08,8.69
92.3035,9.24,7.7,4.84,87.34,42.35,189.53,253.55,74.69,40.37,9.35,0.0,0.0,0.0,0.0,0.0,0.0,669.24,49.72
92.3135,6.93,5.83,0.0,74.03,35.97,187.33,253.55,78.65,179.96,39.82,7.15,0.0,0.0,0.0,0.0,0.0,642.29,226.93
92.3235,4.62,5.83,0.0,58.63,29.59,182.93,249.04,80.74,196.24,63.36,11.88,11.22,0.0,0.0,0.0,0.0,611.38,282.7
92.3335,4.62,3.85,0.0,43.01,21.12,171.93,244.64,82.72,196.24,101.2,26.29,39.6,0.0,0.0,5.06,0.0,571.89,368.39
92.3435,0.0,3.85,0.0,31.02,14.74,154.66,238.04,84.81,200.86,130.57,33.44,75.02,0.0,4.73,5.06,0.0,527.12,449.68
92.3535,0.0,3.85,0.0,20.68,10.56,135.63,227.04,86.79,203.17,150.59,38.28,100.21,0.0,14.19,7.7,0.0,484.55,514.14
92.3635,0.0,3.85,0.0,13.75,6.27,107.91,214.39,86.79,193.82,153.12,35.86,109.56,0.0,21.34,7.7,0.0,432.96,521.4
92.3735,0.0,0.0,0.0,11.99,6.27,74.25,193.71,84.81,186.89,153.12,38.28,125.4,0.0,30.8,10.23,0.0,371.03,544.72
92.3835,0.0,0.0,0.0,10.34,6.27,42.9,160.82,76.67,186.89,160.6,40.7,137.94,0.0,47.52,10.23,4.18,297.0,588.06
92.3935,0.0,0.0,0.0,6.82,6.27,27.28,114.51,66.55,191.51,168.19,43.12,150.59,0.0,62.04,12.76,6.27,221.43,634.48
92.4035,0.0,0.0,0.0,6.82,4.18,21.45,70.95,51.15,200.86,175.45,47.85,163.24,0.0,75.68,17.93,10.56,154.55,691.57
92.4135,0.0,0.0,0.0,5.17,0.0,15.62,42.68,40.59,212.41,187.55,50.27,176.0,0.0,86.46,23.1,14.74,104.06,750.53
92.4235,0.0,0.0,0.0,3.41,0.0,11.66,30.47,30.03,219.34,194.81,55.11,188.76,5.5,97.35,30.8,16.94,75.57,808.61
92.4335,0.0,0.0,0.0,0.0,0.0,7.81,24.42,17.6,224.07,199.65,57.75,201.63,8.25,102.74,38.5,19.03,49.83,851.62
92.4435,0.0,0.0,0.0,0.0,0.0,7.81,18.26,12.32,221.65,202.07,60.5,211.2,8.25,108.24,41.03,21.12,38.39,874.06
92.4535,0.0,0.0,0.0,0.0,0.0,5.83,12.21,5.28,214.72,202.07,57.75,224.07,8.25,116.38,46.2,23.21,23.32,892.65
92.4635,0.0,0.0,0.0,0.0,0.0,3.85,9.13,0.0,207.79,202.07,57.75,235.62,11.0,121.88,48.73,25.41,12.98,910.25
92.4735,0.0,0.0,0.0,0.0,0.0,0.0,7.59,0.0,198.55,199.65,57.75,247.28,11.0,130.02,53.9,27.5,7.59,925.65
92.4835,0.0,0.0,0.0,0.0,0.0,0.0,6.05,0.0,191.51,194.81,55.11,255.97,13.75,135.41,56.54,29.59,6.05,932.69
92.4935,0.0,0.0,0.0,0.0,0.0,0.0,2.97,0.0,182.27,189.97,55.11,264.77,13.75,140.91,62.48,31.79,2.97,941.05
92.5035,0.0,0.0,0.0,0.0,0.0,0.0,0.0,0.0,170.72,182.71,52.69,270.6,16.5,146.3,68.42,31.79,0.0,939.73
92.5135,0.0,0.0,0.0,0.0,0.0,0.0,0.0,0.0,159.72,173.03,52.69,279.51,16.5,151.8,74.36,33.88,0.0,941.49
92.5235,0.0,0.0,0.0,0.0,0.0,0.0,0.0,0.0,149.16,165.66,50.27,282.7,16.5,157.19,77.33,35.97,0.0,934.78
92.5335,0.0,0.0,0.0,0.0,0.0,0.0,0.0,0.0,138.49,155.65,47.85,288.97,19.25,159.94,80.3,35.97,0.0,926.42
92.5435,0.0,0.0,0.0,0.0,0.0,0.0,0.0,0.0,127.93,145.64,45.43,292.16,19.25,162.69,83.27,38.06,0.0,914.43
92.5535,0.0,0.0,0.0,0.0,0.0,0.0,0.0,0.0,117.37,135.52,43.12,295.35,19.25,168.19,86.35,35.97,0.0,901.12
92.5635,0.0,0.0,0.0,0.0,0.0,0.0,0.0,0.0,109.45,128.04,40.7,298.43,19.25,170.83,89.32,38.06,0.0,894.08
92.5735,0.0,0.0,0.0,0.0,0.0,0.0,0.0,0.0,101.86,120.56,38.28,301.62,19.25,173.47,92.29,38.06,0.0,885.39
92.5835,0.0,0.0,0.0,0.0,0.0,0.0,0.0,0.0,96.14,113.08,38.28,304.81,22.0,176.22,92.29,40.26,0.0,883.08
92.5935,0.0,0.0,0.0,0.0,0.0,0.0,0.0,0.0,90.42,105.93,35.86,308.0,22.0,181.61,95.26,40.26,0.0,879.34
92.6035,0.0,0.0,0.0,0.0,0.0,0.0,0.0,0.0,82.72,101.2,33.44,311.08,22.0,184.25,98.23,40.26,0.0,873.18
92.6135,0.0,0.0,0.0,0.0,0.0,0.0,0.0,0.0,77.0,94.05,33.44,317.46,22.0,189.64,101.2,42.35,0.0,877.14
92.6235,0.0,0.0,0.0,0.0,0.0,0.0,0.0,0.0,71.28,87.01,31.13,320.54,22.0,192.39,104.17,42.35,0.0,870.87
92.6335,0.0,0.0,0.0,0.0,0.0,0.0,0.0,0.0,65.56,82.28,28.71,323.73,22.0,197.67,107.14,42.35,0.0,869.44
92.6435,0.0,0.0,0.0,0.0,0.0,0.0,0.0,0.0,59.84,77.55,26.29,326.92,22.0,203.06,110.22,44.44,0.0,870.32
92.6535,0.0,0.0,0.0,0.0,0.0,0.0,0.0,0.0,54.45,72.82,26.29,330.11,22.0,208.45,113.08,44.44,0.0,871.64
92.6635,0.0,0.0,0.0,0.0,0.0,0.0,0.0,0.0,50.93,68.09,23.87,333.08,24.75,213.84,115.94,46.53,0.0,877.03
92.6735,0.0,0.0,0.0,0.0,0.0,0.0,0.0,0.0,45.65,60.94,23.87,336.05,24.75,219.23,118.91,48.73,0.0,878.13
92.6835,0.0,0.0,0.0,0.0,0.0,0.0,0.0,0.0,40.37,56.21,21.56,336.05,24.75,224.73,121.77,48.73,0.0,874.17
92.6935,0.0,0.0,0.0,0.0,0.0,0.0,0.0,0.0,35.09,51.59,19.14,336.05,24.75,233.09,127.6,52.91,0.0,880.22
92.7035,0.0,0.0,0.0,0.0,0.0,0.0,0.0,0.0,29.81,46.86,16.72,336.05,24.75,238.7,133.32,55.11,0.0,881.32
92.7135,0.0,0.0,0.0,0.0,0.0,0.0,0.0,0.0,24.53,42.13,14.3,336.05,24.75,244.31,139.15,62.37,0.0,887.59
92.7235,0.0,0.0,0.0,0.0,0.0,0.0,0.0,0.0,21.01,37.51,11.88,333.08,24.75,249.92,144.98,64.9,0.0,888.03
92.7335,0.0,0.0,0.0,0.0,0.0,0.0,0.0,0.0,17.49,30.47,11.88,333.08,24.75,255.42,153.67,69.74,0.0,896.5
92.7435,0.0,0.0,0.0,0.0,0.0,0.0,0.0,0.0,13.97,25.74,9.57,330.11,27.5,258.28,162.36,74.69,0.0,902.22
92.7535,0.0,0.0,0.0,0.0,0.0,0.0,0.0,0.0,12.21,18.7,9.57,326.92,24.75,263.89,168.3,79.53,0.0,903.87
92.7635,0.0,0.0,0.0,0.0,0.0,0.0,0.0,0.0,10.45,16.39,7.15,314.27,24.75,266.64,177.21,84.48,0.0,901.34
92.7735,0.0,0.0,0.0,0.0,0.0,0.0,0.0,0.0,6.93,11.66,7.15,301.62,24.75,269.39,186.12,91.74,0.0,899.36
92.7835,0.0,0.0,0.0,0.0,0.0,0.0,0.0,0.0,6.93,9.35,4.73,282.7,24.75,275.0,195.14,101.53,0.0,900.13
92.7935,0.0,0.0,0.0,0.0,0.0,0.0,0.0,0.0,6.93,9.35,4.73,261.8,22.0,277.86,201.08,108.9,0.0,892.65
92.8035,0.0,0.0,0.0,0.0,0.0,0.0,0.0,0.0,5.17,6.93,0.0,241.45,22.0,277.86,207.02,116.05,0.0,876.48
92.8135,6.93,0.0,0.0,0.0,0.0,0.0,0.0,0.0,5.17,4.62,0.0,220.77,16.5,277.86,209.99,122.76,6.93,857.67
92.8235,18.59,3.85,0.0,0.0,0.0,0.0,0.0,0.0,3.41,4.62,0.0,195.14,13.75,277.86,209.99,127.16,22.44,831.93
92.8335,62.37,11.66,0.0,0.0,0.0,0.0,0.0,0.0,3.41,4.62,0.0,166.43,11.0,272.25,212.96,131.67,74.03,802.34
92.8435,203.94,44.77,4.84,0.0,0.0,0.0,0.0,0.0,3.41,4.62,0.0,134.86,8.25,266.64,215.93,140.58,253.55,774.29
92.8535,241.45,63.14,19.36,3.41,0.0,0.0,0.0,0.0,0.0,0.0,0.0,103.29,5.5,252.67,218.9,149.6,327.36,729.96
92.8635,233.75,85.14,36.3,8.58,0.0,0.0,0.0,0.0,0.0,0.0,0.0,68.75,0.0,230.34,218.9,158.51,363.77,676.5
92.8735,236.28,107.14,48.4,18.92,0.0,3.85,0.0,0.0,0.0,0.0,0.0,42.35,5.5,197.67,212.96,163.02,414.59,621.5
92.8835,236.28,126.39,55.77,24.09,0.0,5.83,0.0,0.0,0.0,0.0,0.0,28.27,5.5,154.55,207.02,165.22,448.36,560.56
92.8935,244.09,145.2,62.81,32.67,0.0,7.81,0.0,0.0,0.0,0.0,0.0,22.55,8.25,100.1,186.12,160.71,492.58,477.73
92.9035,244.09,155.65,67.54,44.77,0.0,15.62,0.0,3.52,0.0,0.0,0.0,19.8,8.25,56.98,144.98,145.09,531.19,375.1
92.9135,251.9,170.61,74.58,51.7,0.0,25.3,0.0,5.28,0.0,0.0,0.0,16.94,8.25,37.95,95.26,131.67,579.37,290.07
92.9235,264.88,184.25,86.35,56.87,0.0,39.05,2.97,10.56,0.0,0.0,0.0,14.08,5.5,28.49,62.48,116.05,644.93,226.6
92.9335,280.39,197.78,95.81,63.03,0.0,50.71,13.75,14.08,0.0,0.0,0.0,11.22,5.5,21.34,48.73,89.32,715.55,176.11
92.9435,293.15,206.91,110.0,65.23,4.18,58.63,24.42,17.6,0.0,0.0,0.0,8.47,0.0,16.61,38.5,59.95,780.12,123.53
92.9535,305.91,213.73,119.79,67.43,8.47,67.54,38.17,21.12,0.0,0.0,0.0,5.61,0.0,11.88,25.63,31.79,842.16,74.91
92.9635,311.08,215.93,127.27,69.63,12.65,72.05,45.76,22.88,0.0,0.0,0.0,0.0,0.0,9.46,17.93,10.56,877.25,37.95
92.9735,308.44,215.93,129.69,71.83,16.94,78.76,53.46,24.64,0.0,0.0,0.0,0.0,0.0,4.73,12.76,4.18,899.69,21.67
92.9835,305.91,213.73,132.22,74.03,19.03,83.27,60.06,26.4,0.0,0.0,0.0,0.0,0.0,4.73,10.23,4.18,914.65,19.14
92.9935,298.21,209.11,132.22,74.03,23.21,87.67,69.19,28.27,0.0,0.0,0.0,0.0,0.0,4.73,10.23,0.0,921.91,14.96
93.0035,287.98,202.4,132.22,78.43,25.41,92.18,76.45,30.03,0.0,0.0,0.0,0.0,0.0,0.0,7.7,0.0,925.1,7.7
93.0135,277.86,195.58,129.69,78.43,29.59,96.69,83.71,31.79,0.0,0.0,0.0,0.0,0.0,0.0,5.06,0.0,923.34,5.06
93.0235,267.41,186.45,124.74,80.63,31.68,101.2,90.86,31.79,0.0,0.0,0.0,0.0,0.0,0.0,5.06,0.0,914.76,5.06
93.0335,257.07,179.63,122.32,82.83,33.88,103.4,98.12,33.55,0.0,0.0,0.0,0.0,0.0,0.0,0.0,0.0,910.8,0.0
93.0435,244.09,168.3,117.37,82.83,35.97,107.91,103.62,35.31,0.0,0.0,0.0,0.0,0.0,0.0,0.0,0.0,895.4,0.0
93.0535,231.11,157.74,112.42,85.03,40.15,110.11,110.88,35.31,0.0,0.0,0.0,0.0,0.0,0.0,0.0,0.0,882.75,0.0
93.0635,218.46,147.29,107.69,85.03,42.35,112.42,116.49,37.07,0.0,0.0,0.0,0.0,0.0,0.0,0.0,0.0,866.8,0.0
93.0735,203.94,136.84,100.54,85.03,44.44,116.6,124.52,38.83,0.0,0.0,0.0,0.0,0.0,0.0,0.0,0.0,850.74,0.0
93.0835,186.89,126.39,93.5,87.34,46.53,120.78,130.57,38.83,0.0,0.0,0.0,0.0,0.0,0.0,0.0,0.0,830.83,0.0
93.0935,169.95,113.85,84.04,89.54,46.53,125.07,138.6,40.59,0.0,0.0,0.0,0.0,0.0,0.0,0.0,0.0,808.17,0.0
93.1035,152.68,100.54,77.0,89.54,48.62,127.16,144.65,42.35,0.0,0.0,0.0,0.0,0.0,0.0,0.0,0.0,782.54,0.0
93.1135,135.52,89.54,69.85,91.74,50.82,131.45,152.79,45.87,0.0,0.0,0.0,0.0,0.0,0.0,0.0,0.0,767.58,0.0
93.1235,118.36,78.54,60.39,93.94,52.91,137.72,160.82,47.63,0.0,0.0,0.0,0.0,0.0,0.0,0.0,0.0,750.31,0.0
93.1335,102.08,65.34,53.24,96.14,55.0,139.92,168.96,49.39,0.0,0.0,0.0,0.0,0.0,0.0,0.0,0.0,730.07,0.0
93.1435,86.68,54.56,45.98,96.14,55.0,144.1,177.21,51.15,0.0,0.0,0.0,0.0,0.0,0.0,0.0,0.0,710.82,0.0
93.1535,73.37,46.75,38.72,96.14,55.0,148.39,183.37,52.91,0.0,0.0,0.0,0.0,0.0,0.0,0.0,0.0,694.65,0.0
93.1635,62.37,40.92,31.46,96.14,55.0,152.57,191.62,54.67,0.0,0.0,0.0,0.0,0.0,0.0,0.0,0.0,684.75,0.0
93.1735,48.73,33.11,24.2,96.14,55.0,156.86,199.98,54.67,0.0,0.0,0.0,0.0,0.0,0.0,0.0,0.0,668.69,0.0
93.1835,37.18,27.28,19.36,93.94,55.0,158.95,208.23,56.54,0.0,0.0,0.0,0.0,0.0,0.0,0.0,0.0,656.48,0.0
93.1935,27.83,21.34,16.94,91.74,55.0,163.13,218.57,58.52,0.0,0.0,0.0,0.0,0.0,0.0,0.0,0.0,653.07,0.0
93.2035,23.21,17.49,12.1,89.54,55.0,165.33,227.04,60.5,0.0,0.0,0.0,0.0,0.0,0.0,0.0,0.0,650.21,0.0
93.2135,18.59,11.66,12.1,87.34,52.91,167.53,238.04,60.5,0.0,0.0,0.0,0.0,0.0,0.0,0.0,0.0,648.67,0.0
93.2235,16.17,11.66,9.68,85.03,52.91,169.73,246.84,60.5,0.0,0.0,0.0,0.0,0.0,0.0,0.0,0.0,652.52,0.0
93.2335,13.86,9.68,7.26,80.63,50.82,169.73,257.95,62.59,0.0,0.0,0.0,0.0,0.0,0.0,0.0,0.0,652.52,0.0
93.2435,11.55,7.7,7.26,76.23,50.82,171.93,266.75,62.59,0.0,0.0,0.0,0.0,0.0,0.0,0.0,0.0,654.83,0.0
93.2535,9.24,5.83,4.84,71.83,50.82,171.93,273.35,64.57,0.0,0.0,0.0,0.0,0.0,0.0,0.0,0.0,652.41,0.0
93.2635,6.93,5.83,4.84,65.23,46.53,171.93,282.37,66.55,0.0,0.0,0.0,0.0,0.0,0.0,0.0,0.0,650.21,0.0
93.2735,6.93,5.83,0.0,58.63,44.44,174.13,289.19,68.64,0.0,0.0,0.0,0.0,0.0,0.0,0.0,0.0,647.79,0.0
93.2835,6.93,3.85,0.0,53.35,40.15,174.13,295.9,72.6,0.0,0.0,0.0,0.0,0.0,0.0,0.0,0.0,646.91,0.0
93.2935,4.62,3.85,0.0,48.18,35.97,174.13,298.21,76.67,0.0,0.0,0.0,0.0,0.0,0.0,0.0,0.0,641.63,0.0
93.3035,4.62,3.85,0.0,41.36,31.68,171.93,298.21,80.74,0.0,0.0,0.0,0.0,0.0,0.0,0.0,0.0,632.39,0.0
93.3135,0.0,3.85,0.0,34.43,25.41,169.73,298.21,86.79,0.0,0.0,0.0,0.0,0.0,0.0,0.0,0.0,618.42,0.0
93.3235,0.0,3.85,0.0,29.26,19.03,163.13,293.7,90.86,12.21,0.0,0.0,0.0,0.0,0.0,0.0,0.0,599.83,12.21
93.3335,0.0,0.0,0.0,22.33,14.74,156.86,289.19,96.91,59.84,9.35,0.0,0.0,0.0,0.0,0.0,0.0,580.03,69.19
93.3435,0.0,0.0,0.0,17.16,10.56,144.1,284.68,100.87,243.76,39.82,9.57,0.0,0.0,0.0,0.0,0.0,557.37,293.15
93.3535,0.0,0.0,0.0,11.99,6.27,125.07,275.66,104.94,226.49,65.67,19.14,11.22,0.0,0.0,0.0,0.0,523.93,322.52
93.3635,0.0,0.0,0.0,10.34,6.27,98.89,262.35,106.92,226.49,105.93,35.86,36.74,0.0,0.0,5.06,0.0,484.77,410.08
93.3735,0.0,0.0,0.0,10.34,6.27,72.05,244.64,104.94,224.07,133.1,45.43,78.21,0.0,4.73,7.7,0.0,438.24,493.24
93.3835,0.0,0.0,0.0,8.58,6.27,46.86,206.14,98.89,238.81,155.65,55.11,112.75,0.0,26.07,10.23,4.18,366.74,602.8
93.3935,0.0,0.0,0.0,6.82,8.47,31.24,154.77,86.79,228.91,160.6,57.75,128.48,0.0,49.83,15.4,6.27,288.09,647.24
93.4035,0.0,0.0,0.0,5.17,8.47,23.43,94.49,74.69,226.49,165.66,63.25,141.13,0.0,75.68,20.46,10.56,206.25,703.23
93.4135,0.0,0.0,0.0,3.41,4.18,19.47,50.38,56.54,233.86,175.45,71.39,153.78,5.5,91.96,35.97,16.94,133.98,784.85
93.4235,0.0,0.0,0.0,0.0,4.18,13.64,38.17,42.35,241.23,182.71,76.89,166.43,8.25,102.74,46.2,21.12,98.34,845.57
93.4335,0.0,0.0,0.0,0.0,0.0,9.68,30.47,28.27,243.76,189.97,82.39,179.19,11.0,113.63,56.54,25.41,68.42,901.89
93.4435,0.0,0.0,0.0,0.0,0.0,7.81,24.42,19.36,243.76,192.39,85.03,188.76,13.75,124.52,68.42,27.5,51.59,944.13
93.4535,0.0,0.0,0.0,0.0,0.0,5.83,18.26,8.8,241.23,192.39,87.78,198.44,13.75,135.41,74.36,29.59,32.89,972.95
93.4635,0.0,0.0,0.0,0.0,0.0,3.85,13.75,5.28,231.44,189.97,85.03,208.01,16.5,143.66,80.3,31.79,22.88,986.7
93.4735,0.0,0.0,0.0,0.0,0.0,3.85,12.21,3.52,221.65,187.55,82.39,217.58,16.5,149.05,83.27,33.88,19.58,991.87
93.4835,0.0,0.0,0.0,0.0,0.0,0.0,10.67,3.52,207.79,180.29,79.64,226.93,16.5,154.55,89.32,35.97,14.19,990.99
93.4935,0.0,0.0,0.0,0.0,0.0,0.0,9.13,3.52,196.24,173.03,76.89,235.62,19.25,162.69,95.26,38.06,12.65,997.04
93.5035,0.0,0.0,0.0,0.0,0.0,0.0,7.59,3.52,179.96,165.66,74.14,244.42,19.25,170.83,98.23,38.06,11.11,990.55
93.5135,0.0,0.0,0.0,0.0,0.0,0.0,6.05,0.0,166.1,155.65,68.75,250.14,19.25,176.22,104.17,40.26,6.05,980.54
93.5235,0.0,0.0,0.0,0.0,0.0,0.0,4.51,0.0,149.16,143.11,66.0,258.94,22.0,184.25,107.14,42.35,4.51,972.95
93.5335,0.0,0.0,0.0,0.0,0.0,0.0,2.97,0.0,134.31,130.57,60.5,264.77,22.0,189.64,113.08,44.44,2.97,959.31
93.5435,0.0,0.0,0.0,0.0,0.0,0.0,2.97,0.0,119.46,120.56,55.11,270.6,22.0,195.03,115.94,46.53,2.97,945.23
93.5535,0.0,0.0,0.0,0.0,0.0,0.0,0.0,0.0,105.71,108.24,50.27,276.43,24.75,200.42,118.91,46.53,0.0,931.26
93.5635,0.0,0.0,0.0,0.0,0.0,0.0,0.0,0.0,92.29,96.47,45.43,282.7,24.75,205.81,118.91,48.73,0.0,915.09
93.5734,0.0,0.0,0.0,0.0,0.0,0.0,0.0,0.0,78.98,87.01,40.7,285.89,24.75,208.45,121.77,48.73,0.0,896.28
93.5834,0.0,0.0,0.0,0.0,0.0,0.0,0.0,0.0,67.43,77.55,35.86,288.97,24.75,213.84,124.63,52.91,0.0,885.94
93.5934,0.0,0.0,0.0,0.0,0.0,0.0,0.0,0.0,57.97,68.09,31.13,288.97,24.75,216.59,124.63,52.91,0.0,865.04
93.6034,0.0,0.0,0.0,0.0,0.0,0.0,0.0,0.0,49.17,60.94,28.71,288.97,24.75,221.98,127.6,55.11,0.0,857.23
93.6134,0.0,0.0,0.0,0.0,0.0,0.0,0.0,0.0,43.89,53.9,23.87,288.97,24.75,224.73,127.6,57.53,0.0,845.24
93.6234,0.0,0.0,0.0,0.0,0.0,0.0,0.0,0.0,36.85,49.17,21.56,285.89,22.0,227.48,130.46,62.37,0.0,835.78
93.6334,0.0,0.0,0.0,0.0,0.0,0.0,0.0,0.0,31.57,44.55,19.14,285.89,22.0,230.34,133.32,64.9,0.0,831.71
93.6434,0.0,0.0,0.0,0.0,0.0,0.0,0.0,0.0,26.29,39.82,16.72,282.7,22.0,233.09,133.32,67.32,0.0,821.26
93.6534,0.0,0.0,0.0,0.0,0.0,0.0,0.0,0.0,22.77,32.78,11.88,279.51,22.0,235.95,136.29,69.74,0.0,810.92
93.6634,0.0,0.0,0.0,0.0,0.0,0.0,0.0,0.0,19.25,28.05,11.88,276.43,22.0,238.7,139.15,72.16,0.0,807.62
93.6734,0.0,0.0,0.0,0.0,0.0,0.0,0.0,0.0,15.73,25.74,9.57,270.6,22.0,241.45,144.98,74.69,0.0,804.76
93.6834,0.0,0.0,0.0,0.0,0.0,0.0,0.0,0.0,13.97,21.01,9.57,267.63,22.0,244.31,150.81,79.53,0.0,808.83
93.6934,0.0,0.0,0.0,0.0,0.0,0.0,0.0,0.0,12.21,18.7,9.57,264.77,22.0,244.31,153.67,81.95,0.0,807.18
93.7034,0.0,0.0,0.0,0.0,0.0,0.0,0.0,0.0,10.45,16.39,7.15,258.94,22.0,247.06,162.36,84.48,0.0,808.83
93.7134,0.0,0.0,0.0,0.0,0.0,0.0,0.0,0.0,10.45,13.97,7.15,258.94,22.0,249.92,168.3,86.9,0.0,817.63
93.7234,0.0,0.0,0.0,0.0,0.0,0.0,0.0,0.0,8.69,11.66,7.15,255.97,22.0,255.42,171.27,89.32,0.0,821.48
93.7334,0.0,0.0,0.0,0.0,0.0,0.0,0.0,0.0,8.69,11.66,7.15,253.11,22.0,258.28,180.18,94.27,0.0,835.34
93.7434,0.0,0.0,0.0,0.0,0.0,0.0,0.0,0.0,6.93,9.35,4.73,250.14,22.0,263.89,186.12,99.11,0.0,842.27
93.7534,0.0,0.0,0.0,0.0,0.0,0.0,0.0,0.0,6.93,6.93,4.73,244.42,22.0,266.64,192.06,101.53,0.0,845.24
93.7634,0.0,0.0,0.0,0.0,0.0,0.0,0.0,0.0,5.17,6.93,4.73,235.62,22.0,269.39,201.08,108.9,0.0,853.82
93.7734,0.0,0.0,0.0,0.0,0.0,0.0,0.0,0.0,5.17,6.93,0.0,224.07,22.0,272.25,209.99,111.32,0.0,851.73
93.7834,0.0,0.0,0.0,0.0,0.0,0.0,0.0,0.0,5.17,4.62,0.0,208.01,19.25,272.25,218.9,116.05,0.0,844.25
93.7934,0.0,0.0,0.0,0.0,0.0,0.0,0.0,0.0,5.17,4.62,0.0,191.95,19.25,272.25,221.98,122.76,0.0,837.98
93.8034,0.0,0.0,0.0,0.0,0.0,0.0,0.0,0.0,3.41,4.62,0.0,176.0,16.5,272.25,227.59,129.47,0.0,829.84
93.8134,6.93,0.0,0.0,0.0,0.0,0.0,0.0,0.0,3.41,4.62,0.0,156.97,13.75,272.25,233.2,136.18,6.93,820.38
93.8234,32.45,3.85,0.0,0.0,0.0,0.0,0.0,0.0,3.41,0.0,0.0,134.86,11.0,269.39,236.06,142.89,36.3,797.61
93.8334,152.68,27.28,0.0,0.0,0.0,0.0,0.0,0.0,0.0,0.0,0.0,115.94,8.25,263.89,236.06,151.8,179.96,775.94
93.8434,270.05,54.56,14.52,0.0,0.0,0.0,0.0,0.0,0.0,0.0,0.0,90.75,5.5,252.67,238.92,156.31,339.13,744.15
93.8534,246.73,76.34,31.46,5.17,0.0,0.0,0.0,0.0,0.0,0.0,0.0,65.67,5.5,235.95,238.92,163.02,359.7,709.06
93.8634,241.45,107.14,48.4,17.16,0.0,3.85,0.0,0.0,0.0,0.0,0.0,42.35,5.5,205.81,236.06,165.22,418.0,654.94
93.8734,236.28,132.66,55.77,27.5,0.0,7.81,0.0,0.0,0.0,0.0,0.0,28.27,5.5,162.69,230.45,165.22,460.02,592.13
93.8834,238.92,157.74,62.81,43.01,0.0,11.66,0.0,3.52,0.0,0.0,0.0,22.55,8.25,108.24,212.96,156.31,517.66,508.31
93.8934,236.28,172.81,67.54,56.87,0.0,21.45,2.97,5.28,0.0,0.0,0.0,19.8,8.25,62.04,180.18,142.89,563.2,413.16
93.9034,233.75,184.25,72.27,69.63,0.0,41.03,4.51,10.56,0.0,0.0,0.0,16.94,8.25,42.68,127.6,124.96,616.0,320.43
93.9134,244.09,197.78,79.31,80.63,0.0,56.65,13.75,14.08,0.0,0.0,0.0,14.08,8.25,30.8,77.33,108.9,686.29,239.36
93.9234,254.43,211.42,88.77,87.34,4.18,67.54,22.88,17.6,0.0,0.0,0.0,11.22,8.25,23.65,51.37,79.53,754.16,174.02
93.9334,264.88,218.24,100.54,93.94,8.47,80.96,38.17,22.88,0.0,0.0,0.0,8.47,5.5,18.92,38.5,48.73,828.08,120.12
93.9434,272.58,224.95,107.69,96.14,12.65,89.98,48.84,26.4,0.0,0.0,0.0,5.61,0.0,11.88,28.27,23.21,879.23,68.97
93.9534,275.22,224.95,114.84,98.34,19.03,96.69,56.54,28.27,0.0,0.0,0.0,5.61,0.0,9.46,20.46,8.47,913.88,44.0
93.9634,272.58,224.95,117.37,100.54,21.12,101.2,63.69,30.03,0.0,0.0,0.0,0.0,0.0,7.04,15.4,4.18,931.48,26.62
93.9734,267.41,220.55,117.37,102.74,23.21,105.6,69.19,30.03,0.0,0.0,0.0,0.0,0.0,4.73,12.76,4.18,936.1,21.67
93.9834,262.24,215.93,114.84,102.74,25.41,107.91,72.82,31.79,0.0,0.0,0.0,0.0,0.0,4.73,10.23,0.0,933.68,14.96
93.9934,251.9,206.91,110.0,104.94,25.41,110.11,76.45,31.79,0.0,0.0,0.0,0.0,0.0,0.0,7.7,0.0,917.51,7.7
94.0034,241.45,197.78,107.69,104.94,27.5,114.51,81.84,33.55,0.0,0.0,0.0,0.0,0.0,0.0,5.06,0.0,909.26,5.06
94.0134,231.11,186.45,105.27,104.94,29.59,116.6,87.23,33.55,0.0,0.0,0.0,0.0,0.0,0.0,0.0,0.0,894.74,0.0
94.0234,220.88,175.12,102.96,104.94,31.68,118.69,94.49,35.31,0.0,0.0,0.0,0.0,0.0,0.0,0.0,0.0,884.07,0.0
94.0334,211.2,164.01,100.54,104.94,35.97,120.78,99.99,37.07,0.0,0.0,0.0,0.0,0.0,0.0,0.0,0.0,874.5,0.0
94.0434,201.52,155.65,98.23,104.94,35.97,125.07,107.25,37.07,0.0,0.0,0.0,0.0,0.0,0.0,0.0,0.0,865.7,0.0
94.0534,191.73,145.2,95.81,104.94,38.06,127.16,110.88,38.83,0.0,0.0,0.0,0.0,0.0,0.0,0.0,0.0,852.61,0.0
94.0634,179.63,134.75,91.08,104.94,40.15,129.25,116.49,40.59,0.0,0.0,0.0,0.0,0.0,0.0,0.0,0.0,836.88,0.0
94.0734,167.53,124.3,84.04,107.14,42.35,131.45,120.45,42.35,0.0,0.0,0.0,0.0,0.0,0.0,0.0,0.0,819.61,0.0
94.0834,155.21,113.85,77.0,107.14,42.35,135.63,126.5,44.11,0.0,0.0,0.0,0.0,0.0,0.0,0.0,0.0,801.79,0.0
94.0934,140.47,104.94,72.27,109.34,44.44,139.92,132.55,45.87,0.0,0.0,0.0,0.0,0.0,0.0,0.0,0.0,789.8,0.0
94.1034,128.15,93.94,65.12,111.54,44.44,142.01,136.62,47.63,0.0,0.0,0.0,0.0,0.0,0.0,0.0,0.0,769.45,0.0
94.1134,115.83,85.14,60.39,113.85,46.53,146.19,142.67,49.39,0.0,0.0,0.0,0.0,0.0,0.0,0.0,0.0,759.99,0.0
94.1234,104.28,76.34,53.24,118.25,46.53,150.48,144.65,51.15,0.0,0.0,0.0,0.0,0.0,0.0,0.0,0.0,744.92,0.0
94.1334,93.28,65.34,48.4,122.76,46.53,154.66,148.72,52.91,0.0,0.0,0.0,0.0,0.0,0.0,0.0,0.0,732.6,0.0
94.1434,82.17,58.74,41.14,124.96,46.53,158.95,152.79,54.67,0.0,0.0,0.0,0.0,0.0,0.0,0.0,0.0,719.95,0.0
94.1534,71.17,52.58,36.3,129.47,46.53,163.13,154.77,54.67,0.0,0.0,0.0,0.0,0.0,0.0,0.0,0.0,708.62,0.0
94.1634,60.17,46.75,31.46,133.98,46.53,167.53,158.84,56.54,0.0,0.0,0.0,0.0,0.0,0.0,0.0,0.0,701.8,0.0
94.1734,51.04,40.92,26.62,136.18,46.53,171.93,160.82,58.52,0.0,0.0,0.0,0.0,0.0,0.0,0.0,0.0,692.56,0.0
94.1834,41.8,35.09,21.78,140.69,44.44,176.33,164.89,58.52,0.0,0.0,0.0,0.0,0.0,0.0,0.0,0.0,683.54,0.0
94.1934,32.45,31.13,16.94,140.69,46.53,178.53,170.94,60.5,0.0,0.0,0.0,0.0,0.0,0.0,0.0,0.0,677.71,0.0
94.2034,27.83,25.3,14.52,142.89,46.53,182.93,177.21,62.59,0.0,0.0,0.0,0.0,0.0,0.0,0.0,0.0,679.8,0.0
94.2134,23.21,21.34,12.1,145.09,46.53,185.13,183.37,62.59,0.0,0.0,0.0,0.0,0.0,0.0,0.0,0.0,679.36,0.0
94.2234,18.59,19.47,12.1,145.09,46.53,187.33,189.64,64.57,0.0,0.0,0.0,0.0,0.0,0.0,0.0,0.0,683.32,0.0
94.2334,16.17,15.51,9.68,145.09,46.53,191.73,197.89,66.55,0.0,0.0,0.0,0.0,0.0,0.0,0.0,0.0,689.15,0.0
94.2434,13.86,11.66,7.26,142.89,44.44,194.04,204.05,66.55,0.0,0.0,0.0,0.0,0.0,0.0,0.0,0.0,684.75,0.0
94.2534,11.55,9.68,7.26,138.38,46.53,196.24,212.41,68.64,0.0,0.0,0.0,0.0,0.0,0.0,0.0,0.0,690.69,0.0
94.2634,9.24,7.7,4.84,133.98,42.35,196.24,218.57,72.6,0.0,0.0,0.0,0.0,0.0,0.0,0.0,0.0,685.52,0.0
94.2734,9.24,7.7,4.84,127.27,42.35,198.44,224.84,74.69,0.0,0.0,0.0,0.0,0.0,0.0,0.0,0.0,689.37,0.0
94.2834,6.93,5.83,0.0,118.25,40.15,200.64,231.44,78.65,0.0,0.0,0.0,0.0,0.0,0.0,0.0,0.0,681.89,0.0
94.2934,4.62,5.83,0.0,107.14,35.97,200.64,235.84,82.72,0.0,0.0,0.0,0.0,0.0,0.0,0.0,0.0,672.76,0.0
94.3034,4.62,3.85,0.0,96.14,31.68,200.64,238.04,88.77,0.0,0.0,0.0,0.0,0.0,0.0,0.0,0.0,663.74,0.0
94.3134,4.62,3.85,0.0,85.03,27.5,200.64,238.04,94.82,0.0,0.0,0.0,0.0,0.0,0.0,0.0,0.0,654.5,0.0
94.3234,0.0,3.85,0.0,71.83,23.21,200.64,235.84,100.87,5.17,0.0,0.0,0.0,0.0,0.0,0.0,0.0,636.24,5.17
94.3334,0.0,3.85,0.0,58.63,19.03,196.24,233.64,106.92,31.57,6.93,0.0,0.0,0.0,0.0,0.0,0.0,618.31,38.5
94.3434,0.0,3.85,0.0,48.18,14.74,189.53,229.24,110.99,182.27,42.13,7.15,0.0,0.0,0.0,0.0,0.0,596.53,231.55
94.3534,0.0,0.0,0.0,36.19,10.56,176.33,224.84,115.17,233.86,56.21,14.3,8.47,0.0,0.0,0.0,0.0,563.09,312.84
94.3634,0.0,0.0,0.0,24.09,8.47,156.86,220.66,117.26,214.72,89.32,28.71,31.02,0.0,0.0,0.0,0.0,527.34,363.77
94.3734,0.0,0.0,0.0,15.51,6.27,133.54,212.41,117.26,214.72,115.5,40.7,50.82,0.0,0.0,0.0,0.0,484.99,421.74
94.3834,0.0,0.0,0.0,13.75,6.27,101.2,197.89,115.17,212.41,130.57,47.85,87.56,0.0,4.73,5.06,0.0,434.28,488.18
94.3934,0.0,0.0,0.0,11.99,6.27,67.54,168.96,106.92,212.41,140.58,47.85,106.48,0.0,16.61,7.7,0.0,361.68,531.63
94.4034,0.0,0.0,0.0,10.34,6.27,42.9,122.54,98.89,200.86,143.11,50.27,122.21,0.0,37.95,10.23,0.0,280.94,564.63
94.4134,0.0,0.0,0.0,8.58,6.27,31.24,70.95,84.81,200.86,150.59,55.11,137.94,0.0,62.04,17.93,8.47,201.85,632.94
94.4234,0.0,0.0,0.0,5.17,4.18,21.45,42.68,64.57,207.79,160.6,60.5,150.59,5.5,78.32,30.8,14.74,138.05,708.84
94.4334,0.0,0.0,0.0,3.41,0.0,15.62,33.55,45.87,219.34,170.61,68.75,163.24,8.25,89.21,43.67,19.03,98.45,782.1
94.4434,0.0,0.0,0.0,0.0,0.0,13.64,28.93,30.03,226.49,177.87,74.14,176.0,11.0,102.74,53.9,23.21,72.6,845.35
94.4534,0.0,0.0,0.0,0.0,0.0,9.68,22.88,21.12,226.49,180.29,79.64,188.76,13.75,113.63,68.42,27.5,53.68,898.48
94.4634,0.0,0.0,0.0,0.0,0.0,7.81,16.72,10.56,221.65,182.71,82.39,201.63,16.5,124.52,77.33,29.59,35.09,936.32
94.4734,0.0,0.0,0.0,0.0,0.0,5.83,12.21,5.28,212.41,180.29,79.64,217.58,16.5,138.16,86.35,33.88,23.32,964.81
94.4834,0.0,0.0,0.0,0.0,0.0,3.85,10.67,5.28,198.55,175.45,79.64,232.76,19.25,149.05,92.29,33.88,19.8,980.87
94.4934,0.0,0.0,0.0,0.0,0.0,3.85,9.13,3.52,184.58,165.66,74.14,244.42,19.25,159.94,101.2,38.06,16.5,987.25
94.5034,0.0,0.0,0.0,0.0,0.0,3.85,9.13,3.52,168.41,158.07,74.14,255.97,22.0,173.47,107.14,40.26,16.5,999.46
94.5134,0.0,0.0,0.0,0.0,0.0,0.0,7.59,3.52,153.34,145.64,68.75,264.77,22.0,181.61,113.08,44.44,11.11,993.63
94.5234,0.0,0.0,0.0,0.0,0.0,0.0,6.05,3.52,136.4,133.1,63.25,273.46,24.75,192.39,118.91,46.53,9.57,988.79
94.5334,0.0,0.0,0.0,0.0,0.0,0.0,4.51,0.0,121.55,123.09,57.75,279.51,24.75,200.42,124.63,48.73,4.51,980.43
94.5434,0.0,0.0,0.0,0.0,0.0,0.0,2.97,0.0,107.58,110.66,52.69,285.89,24.75,205.81,130.46,52.91,2.97,970.75
94.5534,0.0,0.0,0.0,0.0,0.0,0.0,2.97,0.0,92.29,96.47,47.85,288.97,27.5,211.2,133.32,57.53,2.97,955.13
94.5634,0.0,0.0,0.0,0.0,0.0,0.0,0.0,0.0,78.98,84.59,43.12,292.16,24.75,216.59,136.29,59.95,0.0,936.43
94.5734,0.0,0.0,0.0,0.0,0.0,0.0,0.0,0.0,65.56,75.13,38.28,295.35,24.75,221.98,139.15,64.9,0.0,925.1
94.5834,0.0,0.0,0.0,0.0,0.0,0.0,0.0,0.0,54.45,65.67,33.44,295.35,24.75,224.73,142.12,69.74,0.0,910.25
94.5934,0.0,0.0,0.0,0.0,0.0,0.0,0.0,0.0,43.89,56.21,28.71,292.16,24.75,227.48,144.98,72.16,0.0,890.34
94.6034,0.0,0.0,0.0,0.0,0.0,0.0,0.0,0.0,36.85,49.17,23.87,285.89,24.75,230.34,147.84,74.69,0.0,873.4
94.6134,0.0,0.0,0.0,0.0,0.0,0.0,0.0,0.0,29.81,44.55,19.14,279.51,24.75,233.09,150.81,77.11,0.0,858.77
94.6234,0.0,0.0,0.0,0.0,0.0,0.0,0.0,0.0,24.53,37.51,14.3,273.46,24.75,235.95,150.81,81.95,0.0,843.26
94.6334,0.0,0.0,0.0,0.0,0.0,0.0,0.0,0.0,19.25,32.78,11.88,267.63,22.0,235.95,153.67,84.48,0.0,827.64
94.6434,0.0,0.0,0.0,0.0,0.0,0.0,0.0,0.0,15.73,25.74,9.57,261.8,22.0,235.95,159.5,86.9,0.0,817.19
94.6534,0.0,0.0,0.0,0.0,0.0,0.0,0.0,0.0,13.97,18.7,9.57,255.97,22.0,235.95,162.36,89.32,0.0,807.84
94.6634,0.0,0.0,0.0,0.0,0.0,0.0,0.0,0.0,12.21,16.39,7.15,250.14,22.0,238.7,165.33,91.74,0.0,803.66
94.6734,0.0,0.0,0.0,0.0,0.0,0.0,0.0,0.0,10.45,13.97,7.15,244.42,22.0,238.7,168.3,91.74,0.0,796.73
94.6834,0.0,0.0,0.0,0.0,0.0,0.0,0.0,0.0,8.69,11.66,7.15,238.59,22.0,241.45,171.27,96.69,0.0,797.5
94.6934,0.0,0.0,0.0,0.0,0.0,0.0,0.0,0.0,6.93,9.35,4.73,232.76,22.0,241.45,177.21,96.69,0.0,791.12
94.7034,0.0,0.0,0.0,0.0,0.0,0.0,0.0,0.0,6.93,9.35,4.73,226.93,19.25,244.31,180.18,99.11,0.0,790.79
94.7134,0.0,0.0,0.0,0.0,0.0,0.0,0.0,0.0,6.93,6.93,4.73,224.07,19.25,247.06,186.12,101.53,0.0,796.62
94.7234,0.0,0.0,0.0,0.0,0.0,0.0,0.0,0.0,5.17,6.93,0.0,217.58,19.25,249.92,192.06,106.48,0.0,797.39
94.7334,0.0,0.0,0.0,0.0,0.0,0.0,0.0,0.0,5.17,6.93,0.0,211.2,19.25,252.67,198.11,108.9,0.0,802.23
94.7434,0.0,0.0,0.0,0.0,0.0,0.0,0.0,0.0,5.17,4.62,0.0,201.63,19.25,258.28,204.05,113.85,0.0,806.85
94.7534,0.0,0.0,0.0,0.0,0.0,0.0,0.0,0.0,5.17,4.62,0.0,191.95,19.25,261.03,212.96,116.05,0.0,811.03
94.7634,0.0,0.0,0.0,0.0,0.0,0.0,0.0,0.0,3.41,4.62,0.0,182.38,16.5,263.89,221.98,120.45,0.0,813.23
94.7734,0.0,0.0,0.0,0.0,0.0,0.0,0.0,0.0,3.41,4.62,0.0,169.62,16.5,263.89,227.59,124.96,0.0,810.59
94.7834,0.0,0.0,0.0,0.0,0.0,0.0,0.0,0.0,3.41,0.0,0.0,156.97,13.75,263.89,236.06,129.47,0.0,803.55
94.7934,0.0,0.0,0.0,0.0,0.0,0.0,0.0,0.0,3.41,4.62,0.0,144.32,13.75,263.89,238.92,133.87,0.0,802.78
94.8034,0.0,0.0,0.0,0.0,0.0,0.0,0.0,0.0,0.0,0.0,0.0,128.48,11.0,261.03,244.53,138.38,0.0,783.42
94.8134,4.62,0.0,0.0,0.0,0.0,0.0,0.0,0.0,0.0,0.0,0.0,112.75,8.25,258.28,244.53,142.89,4.62,766.7
94.8234,16.17,3.85,0.0,0.0,0.0,0.0,0.0,0.0,0.0,0.0,0.0,97.02,8.25,252.67,244.53,147.29,20.02,749.76
94.8334,73.37,13.64,0.0,0.0,0.0,0.0,0.0,0.0,0.0,0.0,0.0,81.29,5.5,244.31,244.53,151.8,87.01,727.43
94.8434,238.92,58.74,12.1,0.0,0.0,0.0,0.0,0.0,0.0,0.0,0.0,62.48,0.0,230.34,244.53,156.31,309.76,693.66
94.8534,244.09,85.14,31.46,8.58,0.0,0.0,0.0,0.0,0.0,0.0,0.0,45.21,5.5,208.45,241.67,160.71,369.27,661.54
94.8634,244.09,126.39,50.82,25.85,0.0,7.81,0.0,0.0,0.0,0.0,0.0,31.02,5.5,176.22,236.06,165.22,454.96,614.02
94.8734,246.73,157.74,65.12,39.6,0.0,11.66,0.0,3.52,0.0,0.0,0.0,22.55,8.25,124.52,224.73,163.02,524.37,543.07
94.8834,254.43,177.43,72.27,53.35,0.0,23.43,0.0,7.04,0.0,0.0,0.0,19.8,8.25,75.68,198.11,154.0,587.95,455.84
94.8934,254.43,188.76,77.0,60.83,0.0,37.07,2.97,10.56,0.0,0.0,0.0,16.94,11.0,47.52,150.81,138.38,631.62,364.65
94.9034,254.43,195.58,84.04,69.63,0.0,54.67,10.67,15.84,0.0,0.0,0.0,14.08,8.25,35.64,92.29,124.96,684.86,275.22
94.9134,262.24,209.11,93.5,74.03,0.0,67.54,21.34,19.36,0.0,0.0,0.0,11.22,8.25,26.07,62.48,104.06,747.12,212.08
94.9234,272.58,218.24,105.27,78.43,6.27,78.76,36.63,22.88,0.0,0.0,0.0,8.47,5.5,21.34,48.73,77.11,819.06,161.15
94.9334,280.39,222.75,114.84,80.63,12.65,87.67,48.84,26.4,0.0,0.0,0.0,5.61,0.0,16.61,33.33,44.44,874.17,99.99
94.9434,285.45,224.95,124.74,82.83,16.94,96.69,60.06,30.03,0.0,0.0,0.0,0.0,0.0,11.88,25.63,14.74,921.69,52.25
94.9534,287.98,222.75,132.22,85.03,19.03,103.4,70.95,31.79,0.0,0.0,0.0,0.0,0.0,7.04,17.93,6.27,953.15,31.24
94.9634,282.92,218.24,132.22,87.34,23.21,107.91,80.08,35.31,0.0,0.0,0.0,0.0,0.0,4.73,15.4,4.18,967.23,24.31
94.9734,272.58,211.42,129.69,89.54,25.41,112.42,89.1,37.07,0.0,0.0,0.0,0.0,0.0,4.73,12.76,4.18,967.23,21.67
94.9834,262.24,200.09,127.27,89.54,27.5,114.51,96.36,40.59,0.0,0.0,0.0,0.0,0.0,0.0,10.23,0.0,958.1,10.23
94.9934,249.26,188.76,124.74,87.34,29.59,116.6,103.62,42.35,0.0,0.0,0.0,0.0,0.0,0.0,7.7,0.0,942.26,7.7
95.0033,236.28,177.43,119.79,87.34,31.68,120.78,109.01,44.11,0.0,0.0,0.0,0.0,0.0,0.0,7.7,0.0,926.42,7.7
95.0133,225.94,168.3,114.84,87.34,33.88,122.98,116.49,44.11,0.0,0.0,0.0,0.0,0.0,0.0,5.06,0.0,913.88,5.06
95.0233,216.04,157.74,110.0,87.34,35.97,125.07,122.54,45.87,0.0,0.0,0.0,0.0,0.0,0.0,5.06,0.0,900.57,5.06
95.0333,206.36,147.29,107.69,87.34,35.97,125.07,128.59,47.63,0.0,0.0,0.0,0.0,0.0,0.0,0.0,0.0,885.94,0.0
95.0433,196.68,138.93,102.96,87.34,38.06,127.16,132.55,47.63,0.0,0.0,0.0,0.0,0.0,0.0,0.0,0.0,871.31,0.0
95.0533,186.89,128.48,98.23,85.03,40.15,127.16,138.6,47.63,0.0,0.0,0.0,0.0,0.0,0.0,0.0,0.0,852.17,0.0
95.0633,174.79,120.12,91.08,85.03,40.15,129.25,140.69,49.39,0.0,0.0,0.0,0.0,0.0,0.0,0.0,0.0,830.5,0.0
95.0733,162.58,109.34,84.04,85.03,40.15,129.25,144.65,49.39,0.0,0.0,0.0,0.0,0.0,0.0,0.0,0.0,804.43,0.0
95.0833,150.26,100.54,79.31,85.03,42.35,131.45,148.72,49.39,0.0,0.0,0.0,0.0,0.0,0.0,0.0,0.0,787.05,0.0
95.0933,140.47,91.74,74.58,85.03,42.35,133.54,152.79,51.15,0.0,0.0,0.0,0.0,0.0,0.0,0.0,0.0,771.65,0.0
95.1033,128.15,82.94,67.54,85.03,42.35,135.63,156.75,51.15,0.0,0.0,0.0,0.0,0.0,0.0,0.0,0.0,749.54,0.0
95.1133,118.36,76.34,62.81,85.03,44.44,137.72,160.82,51.15,0.0,0.0,0.0,0.0,0.0,0.0,0.0,0.0,736.67,0.0
95.1233,108.68,67.54,58.08,85.03,44.44,139.92,164.89,52.91,0.0,0.0,0.0,0.0,0.0,0.0,0.0,0.0,721.49,0.0
95.1333,99.88,60.94,53.24,87.34,46.53,142.01,168.96,52.91,0.0,0.0,0.0,0.0,0.0,0.0,0.0,0.0,711.81,0.0
95.1433,91.08,56.54,48.4,87.34,46.53,144.1,173.03,52.91,0.0,0.0,0.0,0.0,0.0,0.0,0.0,0.0,699.93,0.0
95.1533,84.48,50.6,45.98,89.54,46.53,146.19,179.3,54.67,0.0,0.0,0.0,0.0,0.0,0.0,0.0,0.0,697.29,0.0
95.1633,77.77,46.75,43.56,91.74,48.62,150.48,183.37,56.54,0.0,0.0,0.0,0.0,0.0,0.0,0.0,0.0,698.83,0.0
95.1733,68.97,42.79,36.3,91.74,48.62,152.57,191.62,56.54,0.0,0.0,0.0,0.0,0.0,0.0,0.0,0.0,689.15,0.0
95.1833,60.17,38.94,33.88,93.94,50.82,156.86,199.98,58.52,0.0,0.0,0.0,0.0,0.0,0.0,0.0,0.0,693.11,0.0
95.1933,53.35,35.09,29.04,93.94,50.82,161.04,210.32,60.5,0.0,0.0,0.0,0.0,0.0,0.0,0.0,0.0,694.1,0.0
95.2033,46.42,31.13,26.62,93.94,52.91,163.13,222.75,60.5,0.0,0.0,0.0,0.0,0.0,0.0,0.0,0.0,697.4,0.0
95.2133,39.49,27.28,24.2,96.14,55.0,167.53,233.64,62.59,0.0,0.0,0.0,0.0,0.0,0.0,0.0,0.0,705.87,0.0
95.2233,32.45,23.32,19.36,93.94,57.2,169.73,244.64,64.57,0.0,0.0,0.0,0.0,0.0,0.0,0.0,0.0,705.21,0.0
95.2333,27.83,19.47,16.94,93.94,57.2,171.93,257.95,66.55,0.0,0.0,0.0,0.0,0.0,0.0,0.0,0.0,711.81,0.0
95.2433,23.21,15.51,14.52,93.94,59.4,174.13,268.95,68.64,0.0,0.0,0.0,0.0,0.0,0.0,0.0,0.0,718.3,0.0
95.2533,18.59,11.66,12.1,91.74,59.4,176.33,277.86,70.62,0.0,0.0,0.0,0.0,0.0,0.0,0.0,0.0,718.3,0.0
95.2633,13.86,9.68,9.68,87.34,57.2,178.53,286.88,72.6,0.0,0.0,0.0,0.0,0.0,0.0,0.0,0.0,715.77,0.0
95.2733,11.55,7.7,7.26,80.63,57.2,178.53,293.7,74.69,0.0,0.0,0.0,0.0,0.0,0.0,0.0,0.0,711.26,0.0
95.2833,9.24,7.7,4.84,74.03,52.91,178.53,298.21,76.67,5.17,0.0,0.0,0.0,0.0,0.0,0.0,0.0,702.13,5.17
95.2933,6.93,5.83,4.84,67.43,48.62,178.53,300.41,80.74,19.25,0.0,0.0,0.0,0.0,0.0,0.0,0.0,693.33,19.25
95.3033,4.62,3.85,0.0,56.87,42.35,178.53,300.41,84.81,99.99,13.97,0.0,0.0,0.0,0.0,0.0,0.0,671.44,113.96
95.3133,4.62,3.85,0.0,49.94,35.97,176.33,295.9,86.79,214.72,37.51,7.15,0.0,0.0,0.0,0.0,0.0,653.4,259.38
95.3233,0.0,3.85,0.0,37.84,27.5,167.53,289.19,88.77,205.48,60.94,16.72,8.47,0.0,0.0,0.0,0.0,614.68,291.61
95.3333,0.0,3.85,0.0,27.5,21.12,154.66,282.37,90.86,200.86,87.01,31.13,28.27,0.0,0.0,0.0,0.0,580.36,347.27
95.3433,0.0,0.0,0.0,18.92,12.65,137.72,273.35,92.84,196.24,105.93,35.86,56.54,0.0,0.0,5.06,0.0,535.48,399.63
95.3533,0.0,0.0,0.0,11.99,8.47,114.51,260.15,94.82,205.48,123.09,43.12,87.56,0.0,11.88,7.7,0.0,489.94,478.83
95.3633,0.0,0.0,0.0,10.34,6.27,87.67,244.64,94.82,198.55,130.57,45.43,106.48,0.0,30.8,10.23,0.0,443.74,522.06
95.3733,0.0,0.0,0.0,8.58,6.27,56.65,220.66,90.86,196.24,135.52,47.85,119.02,0.0,52.25,12.76,4.18,383.02,567.82
95.3833,0.0,0.0,0.0,6.82,6.27,35.09,179.3,82.72,196.24,143.11,52.69,128.48,0.0,72.93,20.46,10.56,310.2,624.47
95.3933,0.0,0.0,0.0,5.17,6.27,25.3,128.59,68.64,205.48,150.59,57.75,134.86,5.5,81.07,33.33,14.74,233.97,683.32
95.4033,0.0,0.0,0.0,5.17,4.18,19.47,78.21,54.67,214.72,158.07,63.25,144.32,8.25,89.21,43.67,19.03,161.7,740.52
95.4133,0.0,0.0,0.0,3.41,4.18,15.62,48.84,40.59,221.65,163.13,71.39,150.59,11.0,100.1,53.9,21.12,112.64,792.88
95.4233,0.0,0.0,0.0,0.0,0.0,13.64,36.63,31.79,228.91,168.19,76.89,156.97,11.0,108.24,62.48,25.41,82.06,838.09
95.4333,0.0,0.0,0.0,0.0,0.0,9.68,27.5,19.36,231.44,173.03,79.64,163.24,13.75,113.63,68.42,27.5,56.54,870.65
95.4433,0.0,0.0,0.0,0.0,0.0,7.81,21.34,12.32,228.91,175.45,79.64,176.0,13.75,121.88,74.36,29.59,41.47,899.58
95.4533,0.0,0.0,0.0,0.0,0.0,5.83,16.72,7.04,221.65,177.87,79.64,185.57,16.5,130.02,77.33,31.79,29.59,920.37
95.4633,0.0,0.0,0.0,0.0,0.0,3.85,12.21,5.28,212.41,175.45,76.89,201.63,16.5,138.16,83.27,33.88,21.34,938.19
95.4733,0.0,0.0,0.0,0.0,0.0,3.85,10.67,3.52,203.17,173.03,76.89,211.2,16.5,149.05,89.32,35.97,18.04,955.13
95.4833,0.0,0.0,0.0,0.0,0.0,0.0,9.13,3.52,193.82,168.19,74.14,224.07,19.25,157.19,95.26,38.06,12.65,969.98
95.4933,0.0,0.0,0.0,0.0,0.0,0.0,7.59,3.52,182.27,163.13,74.14,232.76,22.0,162.69,101.2,40.26,11.11,978.45
95.5033,0.0,0.0,0.0,0.0,0.0,0.0,6.05,0.0,170.72,155.65,71.39,238.59,22.0,170.83,107.14,42.35,6.05,978.67
95.5133,0.0,0.0,0.0,0.0,0.0,0.0,4.51,0.0,157.63,145.64,68.75,241.45,22.0,176.22,110.22,44.44,4.51,966.35
95.5233,0.0,0.0,0.0,0.0,0.0,0.0,4.51,0.0,146.96,135.52,63.25,247.28,24.75,181.61,115.94,44.44,4.51,959.75
95.5333,0.0,0.0,0.0,0.0,0.0,0.0,2.97,0.0,134.31,128.04,60.5,250.14,24.75,187.0,118.91,46.53,2.97,950.18
95.5433,0.0,0.0,0.0,0.0,0.0,0.0,0.0,0.0,121.55,118.03,55.11,253.11,24.75,189.64,121.77,48.73,0.0,932.69
95.5533,0.0,0.0,0.0,0.0,0.0,0.0,0.0,0.0,111.43,108.24,52.69,253.11,24.75,195.03,124.63,48.73,0.0,918.61
95.5633,0.0,0.0,0.0,0.0,0.0,0.0,0.0,0.0,101.86,101.2,50.27,255.97,24.75,197.67,127.6,50.82,0.0,910.14
95.5733,0.0,0.0,0.0,0.0,0.0,0.0,0.0,0.0,94.16,94.05,47.85,258.94,27.5,200.42,130.46,50.82,0.0,904.2
95.5833,0.0,0.0,0.0,0.0,0.0,0.0,0.0,0.0,86.57,89.32,43.12,258.94,27.5,205.81,130.46,52.91,0.0,894.63
95.5933,0.0,0.0,0.0,0.0,0.0,0.0,0.0,0.0,78.98,79.86,40.7,261.8,27.5,208.45,133.32,55.11,0.0,885.72
95.6033,0.0,0.0,0.0,0.0,0.0,0.0,0.0,0.0,71.28,75.13,38.28,264.77,27.5,211.2,136.29,55.11,0.0,879.56
95.6133,0.0,0.0,0.0,0.0,0.0,0.0,0.0,0.0,63.69,70.4,35.86,267.63,27.5,213.84,139.15,57.53,0.0,875.6
95.6233,0.0,0.0,0.0,0.0,0.0,0.0,0.0,0.0,57.97,65.67,33.44,267.63,27.5,216.59,139.15,59.95,0.0,867.9
95.6333,0.0,0.0,0.0,0.0,0.0,0.0,0.0,0.0,52.69,60.94,31.13,270.6,27.5,219.23,142.12,59.95,0.0,864.16
95.6433,0.0,0.0,0.0,0.0,0.0,0.0,0.0,0.0,49.17,56.21,31.13,267.63,27.5,224.73,144.98,62.37,0.0,863.72
95.6533,0.0,0.0,0.0,0.0,0.0,0.0,0.0,0.0,43.89,53.9,28.71,270.6,27.5,227.48,147.84,64.9,0.0,864.82
95.6633,0.0,0.0,0.0,0.0,0.0,0.0,0.0,0.0,40.37,49.17,26.29,270.6,27.5,230.34,150.81,67.32,0.0,862.4
95.6733,0.0,0.0,0.0,0.0,0.0,0.0,0.0,0.0,36.85,46.86,23.87,270.6,27.5,233.09,153.67,69.74,0.0,862.18
95.6833,0.0,0.0,0.0,0.0,0.0,0.0,0.0,0.0,33.33,42.13,23.87,270.6,27.5,238.7,159.5,72.16,0.0,867.79
95.6933,0.0,0.0,0.0,0.0,0.0,0.0,0.0,0.0,29.81,39.82,21.56,270.6,30.25,241.45,165.33,77.11,0.0,875.93
95.7033,0.0,0.0,0.0,0.0,0.0,0.0,0.0,0.0,26.29,37.51,19.14,270.6,30.25,247.06,174.24,79.53,0.0,884.62
95.7133,0.0,0.0,0.0,0.0,0.0,0.0,0.0,0.0,21.01,32.78,16.72,270.6,30.25,249.92,180.18,84.48,0.0,885.94
95.7233,0.0,0.0,0.0,0.0,0.0,0.0,0.0,0.0,17.49,25.74,14.3,267.63,30.25,252.67,189.09,89.32,0.0,886.49
95.7333,0.0,0.0,0.0,0.0,0.0,0.0,0.0,0.0,15.73,21.01,11.88,264.77,30.25,255.42,198.11,94.27,0.0,891.44
95.7433,0.0,0.0,0.0,0.0,0.0,0.0,0.0,0.0,12.21,16.39,9.57,261.8,30.25,261.03,204.05,101.53,0.0,896.83
95.7533,0.0,0.0,0.0,0.0,0.0,0.0,0.0,0.0,10.45,13.97,9.57,255.97,30.25,263.89,209.99,106.48,0.0,900.57
95.7633,0.0,0.0,0.0,0.0,0.0,0.0,0.0,0.0,8.69,11.66,7.15,247.28,30.25,263.89,215.93,111.32,0.0,896.17
95.7733,0.0,0.0,0.0,0.0,0.0,0.0,0.0,0.0,6.93,9.35,4.73,235.62,30.25,266.64,221.98,116.05,0.0,891.55
95.7833,0.0,0.0,0.0,0.0,0.0,0.0,0.0,0.0,6.93,6.93,4.73,224.07,27.5,266.64,224.73,120.45,0.0,881.98
95.7933,0.0,0.0,0.0,0.0,0.0,0.0,0.0,0.0,5.17,6.93,0.0,208.01,24.75,269.39,227.59,124.96,0.0,866.8
95.8033,0.0,0.0,0.0,0.0,0.0,0.0,0.0,0.0,5.17,4.62,0.0,191.95,22.0,269.39,230.45,131.67,0.0,855.25
95.8133,0.0,0.0,0.0,0.0,0.0,0.0,0.0,0.0,3.41,0.0,0.0,172.81,19.25,266.64,230.45,138.38,0.0,830.94
95.8233,11.55,0.0,0.0,0.0,0.0,0.0,0.0,0.0,3.41,0.0,0.0,153.78,16.5,266.64,230.45,142.89,11.55,813.67
95.8333,39.49,3.85,0.0,0.0,0.0,0.0,0.0,0.0,3.41,0.0,0.0,131.67,13.75,263.89,230.45,149.6,43.34,792.77
95.8433,150.26,25.3,0.0,0.0,0.0,0.0,0.0,0.0,0.0,0.0,0.0,109.56,8.25,258.28,230.45,156.31,175.56,762.85
95.8533,264.88,52.58,12.1,3.41,0.0,0.0,0.0,0.0,0.0,0.0,0.0,84.48,8.25,249.92,233.2,160.71,332.97,736.56
95.8633,236.28,71.94,26.62,8.58,0.0,0.0,0.0,0.0,0.0,0.0,0.0,59.4,5.5,230.34,230.45,163.02,343.42,688.71
95.8733,233.75,100.54,43.56,20.68,0.0,5.83,0.0,0.0,0.0,0.0,0.0,39.6,0.0,200.42,230.45,165.22,404.36,635.69
95.8833,228.58,124.3,53.24,29.26,0.0,7.81,0.0,3.52,0.0,0.0,0.0,22.55,5.5,162.69,224.73,167.53,446.71,583.0
95.8933,233.75,145.2,60.39,44.77,0.0,11.66,2.97,3.52,0.0,0.0,0.0,19.8,5.5,108.24,207.02,163.02,502.26,503.58
95.9033,228.58,155.65,65.12,58.63,0.0,23.43,4.51,5.28,0.0,0.0,0.0,16.94,8.25,64.79,174.24,149.6,541.2,413.82
95.9133,228.58,166.1,74.58,69.63,0.0,44.88,9.13,10.56,0.0,0.0,0.0,14.08,8.25,42.68,127.6,131.67,603.46,324.28
95.9233,236.28,179.63,84.04,80.63,0.0,60.83,19.8,14.08,0.0,0.0,0.0,11.22,8.25,30.8,77.33,116.05,675.29,243.65
95.9333,246.73,188.76,93.5,85.03,6.27,74.25,36.63,19.36,0.0,0.0,0.0,8.47,5.5,26.07,56.54,91.74,750.53,188.32
95.9433,254.43,193.27,105.27,89.54,14.74,87.67,51.92,24.64,0.0,0.0,0.0,5.61,5.5,18.92,43.67,62.37,821.48,136.07
95.9533,257.07,193.27,112.42,93.94,21.12,98.89,61.93,28.27,0.0,0.0,0.0,0.0,0.0,14.19,28.27,31.79,866.91,74.25
95.9633,251.9,193.27,114.84,100.54,25.41,107.91,72.82,30.03,0.0,0.0,0.0,0.0,0.0,9.46,20.46,8.47,896.72,38.39
95.9733,241.45,188.76,112.42,107.14,27.5,116.6,81.84,33.55,0.0,0.0,0.0,0.0,0.0,7.04,17.93,6.27,909.26,31.24
95.9833,228.58,184.25,110.0,116.05,29.59,127.16,89.1,33.55,0.0,0.0,0.0,0.0,0.0,4.73,15.4,4.18,918.28,24.31
95.9933,216.04,175.12,105.27,124.96,31.68,133.54,94.49,37.07,0.0,0.0,0.0,0.0,0.0,4.73,12.76,4.18,918.17,21.67
96.0033,199.1,164.01,98.23,131.67,33.88,139.92,99.99,38.83,0.0,0.0,0.0,0.0,0.0,4.73,12.76,4.18,905.63,21.67
96.0133,184.47,151.47,93.5,136.18,35.97,146.19,105.38,42.35,0.0,0.0,0.0,0.0,0.0,4.73,10.23,0.0,895.51,14.96
96.0233,172.37,141.02,88.77,138.38,38.06,150.48,110.88,44.11,0.0,0.0,0.0,0.0,0.0,0.0,10.23,0.0,884.07,10.23
96.0333,160.05,130.57,81.73,142.89,38.06,152.57,116.49,45.87,0.0,0.0,0.0,0.0,0.0,0.0,10.23,0.0,868.23,10.23
96.0433,145.31,118.03,74.58,145.09,40.15,156.86,120.45,47.63,0.0,0.0,0.0,0.0,0.0,0.0,7.7,0.0,848.1,7.7
96.0533,128.15,102.74,67.54,149.6,40.15,161.04,122.54,49.39,0.0,0.0,0.0,0.0,0.0,0.0,7.7,0.0,821.15,7.7
96.0633,110.99,89.54,58.08,151.8,40.15,163.13,126.5,49.39,0.0,0.0,0.0,0.0,0.0,0.0,7.7,0.0,789.58,7.7
96.0733,97.68,76.34,50.82,151.8,40.15,165.33,128.59,51.15,0.0,0.0,0.0,0.0,0.0,0.0,5.06,0.0,761.86,5.06
96.0833,84.48,65.34,43.56,154.11,40.15,167.53,130.57,51.15,0.0,0.0,0.0,0.0,0.0,0.0,5.06,0.0,736.89,5.06
96.0933,71.17,54.56,36.3,154.11,40.15,169.73,134.64,52.91,0.0,0.0,0.0,0.0,0.0,0.0,5.06,0.0,713.57,5.06
96.1033,60.17,46.75,29.04,154.11,40.15,171.93,136.62,52.91,0.0,0.0,0.0,0.0,0.0,0.0,0.0,0.0,691.68,0.0
96.1133,51.04,38.94,24.2,151.8,40.15,174.13,140.69,52.91,0.0,0.0,0.0,0.0,0.0,0.0,0.0,0.0,673.86,0.0
96.1233,39.49,33.11,19.36,149.6,38.06,176.33,144.65,52.91,0.0,0.0,0.0,0.0,0.0,0.0,0.0,0.0,653.51,0.0
96.1333,30.14,27.28,14.52,147.4,38.06,176.33,150.7,54.67,0.0,0.0,0.0,0.0,0.0,0.0,0.0,0.0,639.1,0.0
96.1433,23.21,23.32,12.1,142.89,38.06,178.53,154.77,54.67,0.0,0.0,0.0,0.0,0.0,0.0,0.0,0.0,627.55,0.0
96.1533,18.59,19.47,9.68,138.38,38.06,178.53,160.82,54.67,0.0,0.0,0.0,0.0,0.0,0.0,0.0,0.0,618.2,0.0
96.1633,16.17,15.51,9.68,133.98,35.97,178.53,166.87,56.54,0.0,0.0,0.0,0.0,0.0,0.0,0.0,0.0,613.25,0.0
96.1733,13.86,11.66,7.26,129.47,35.97,178.53,175.12,56.54,0.0,0.0,0.0,0.0,0.0,0.0,0.0,0.0,608.41,0.0
96.1833,11.55,9.68,7.26,122.76,35.97,180.73,181.28,58.52,0.0,0.0,0.0,0.0,0.0,0.0,0.0,0.0,607.75,0.0
96.1933,9.24,9.68,4.84,120.56,35.97,180.73,189.64,58.52,0.0,0.0,0.0,0.0,0.0,0.0,0.0,0.0,609.18,0.0
96.2033,6.93,7.7,4.84,116.05,35.97,182.93,195.8,60.5,0.0,0.0,0.0,0.0,0.0,0.0,0.0,0.0,610.72,0.0
96.2133,6.93,7.7,4.84,113.85,35.97,185.13,202.07,60.5,0.0,0.0,0.0,0.0,0.0,0.0,0.0,0.0,616.99,0.0
96.2233,6.93,5.83,4.84,111.54,35.97,187.33,210.32,62.59,0.0,0.0,0.0,0.0,0.0,0.0,0.0,0.0,625.35,0.0
96.2333,6.93,5.83,0.0,109.34,35.97,189.53,218.57,62.59,0.0,0.0,0.0,0.0,0.0,0.0,0.0,0.0,628.76,0.0
96.2433,4.62,5.83,0.0,104.94,35.97,189.53,227.04,64.57,0.0,0.0,0.0,0.0,0.0,0.0,0.0,0.0,632.5,0.0
96.2533,4.62,5.83,0.0,102.74,35.97,191.73,235.84,68.64,0.0,0.0,0.0,0.0,0.0,0.0,0.0,0.0,645.37,0.0
96.2633,4.62,3.85,0.0,98.34,35.97,194.04,244.64,70.62,0.0,0.0,0.0,0.0,0.0,0.0,0.0,0.0,652.08,0.0
96.2733,4.62,3.85,0.0,93.94,33.88,196.24,251.35,72.6,0.0,0.0,0.0,0.0,0.0,0.0,0.0,0.0,656.48,0.0
96.2833,0.0,3.85,0.0,87.34,33.88,196.24,257.95,76.67,0.0,0.0,0.0,0.0,0.0,0.0,0.0,0.0,655.93,0.0
96.2933,0.0,3.85,0.0,80.63,31.68,194.04,264.55,80.74,0.0,0.0,0.0,0.0,0.0,0.0,0.0,0.0,655.49,0.0
96.3033,0.0,0.0,0.0,71.83,29.59,194.04,268.95,84.81,0.0,0.0,0.0,0.0,0.0,0.0,0.0,0.0,649.22,0.0
96.3133,0.0,0.0,0.0,63.03,25.41,191.73,268.95,90.86,0.0,0.0,0.0,0.0,0.0,0.0,0.0,0.0,639.98,0.0
96.3233,0.0,0.0,0.0,55.11,21.12,189.53,268.95,92.84,0.0,0.0,0.0,0.0,0.0,0.0,0.0,0.0,627.55,0.0
96.3333,0.0,0.0,0.0,46.53,16.94,185.13,266.75,96.91,15.73,0.0,0.0,0.0,0.0,0.0,0.0,0.0,612.26,15.73
96.3433,0.0,0.0,0.0,37.84,12.65,178.53,262.35,100.87,77.0,13.97,0.0,0.0,0.0,0.0,0.0,0.0,592.24,90.97
96.3533,0.0,0.0,0.0,31.02,10.56,169.73,257.95,104.94,233.86,49.17,9.57,0.0,0.0,0.0,0.0,0.0,574.2,292.6
96.3633,0.0,0.0,0.0,22.33,8.47,152.57,251.35,106.92,217.03,75.13,21.56,22.55,0.0,0.0,0.0,0.0,541.64,336.27
96.3733,0.0,0.0,0.0,15.51,6.27,129.25,242.44,106.92,214.72,110.66,35.86,45.21,0.0,0.0,5.06,0.0,500.39,411.51
96.3833,0.0,0.0,0.0,13.75,6.27,101.2,229.24,106.92,214.72,130.57,45.43,81.29,0.0,4.73,7.7,0.0,457.38,484.44
96.3933,0.0,0.0,0.0,11.99,6.27,67.54,197.89,100.87,221.65,148.06,50.27,112.75,0.0,18.92,10.23,0.0,384.56,561.88
96.4033,0.0,0.0,0.0,10.34,8.47,42.9,152.79,90.86,210.1,150.59,52.69,125.4,0.0,35.64,12.76,4.18,305.36,591.36
96.4133,0.0,0.0,0.0,8.58,8.47,29.26,96.36,78.65,207.79,155.65,55.11,141.13,0.0,62.04,17.93,8.47,221.32,648.12
96.4233,0.0,0.0,0.0,6.82,4.18,23.43,51.92,60.5,212.41,165.66,60.5,156.97,5.5,81.07,30.8,14.74,146.85,727.65
96.4332,0.0,0.0,0.0,3.41,4.18,17.49,36.63,44.11,221.65,175.45,68.75,169.62,8.25,91.96,43.67,21.12,105.82,800.47
96.4432,0.0,0.0,0.0,0.0,0.0,13.64,30.47,30.03,228.91,182.71,76.89,182.38,11.0,105.49,56.54,25.41,74.14,869.33
96.4532,0.0,0.0,0.0,0.0,0.0,9.68,25.96,21.12,233.86,185.13,82.39,195.14,13.75,119.13,68.42,29.59,56.76,927.41
96.4632,0.0,0.0,0.0,0.0,0.0,7.81,19.8,14.08,228.91,187.55,85.03,204.82,16.5,130.02,80.3,31.79,41.69,964.92
96.4732,0.0,0.0,0.0,0.0,0.0,5.83,15.18,5.28,221.65,185.13,85.03,217.58,16.5,140.91,89.32,33.88,26.29,990.0
96.4832,0.0,0.0,0.0,0.0,0.0,5.83,12.21,3.52,207.79,180.29,82.39,232.76,19.25,151.8,92.29,35.97,21.56,1002.54
96.4932,0.0,0.0,0.0,0.0,0.0,3.85,12.21,3.52,193.82,173.03,79.64,244.42,19.25,162.69,101.2,40.26,19.58,1014.31
96.5032,0.0,0.0,0.0,0.0,0.0,0.0,9.13,0.0,182.27,168.19,79.64,253.11,22.0,170.83,104.17,42.35,9.13,1022.56
96.5132,0.0,0.0,0.0,0.0,0.0,0.0,9.13,3.52,168.41,158.07,74.14,261.8,22.0,181.61,113.08,44.44,12.65,1023.55
96.5232,0.0,0.0,0.0,0.0,0.0,0.0,7.59,0.0,153.34,148.06,71.39,267.63,22.0,187.0,115.94,46.53,7.59,1011.89
96.5332,0.0,0.0,0.0,0.0,0.0,0.0,6.05,0.0,138.49,135.52,66.0,273.46,24.75,195.03,121.77,48.73,6.05,1003.75
96.5432,0.0,0.0,0.0,0.0,0.0,0.0,4.51,0.0,123.75,123.09,60.5,279.51,24.75,200.42,124.63,50.82,4.51,987.47
96.5532,0.0,0.0,0.0,0.0,0.0,0.0,2.97,0.0,109.45,110.66,55.11,282.7,24.75,205.81,127.6,55.11,2.97,971.19
96.5632,0.0,0.0,0.0,0.0,0.0,0.0,2.97,0.0,96.14,101.2,50.27,285.89,24.75,208.45,130.46,57.53,2.97,954.69
96.5732,0.0,0.0,0.0,0.0,0.0,0.0,0.0,0.0,84.7,91.74,45.43,288.97,24.75,213.84,133.32,59.95,0.0,942.7
96.5832,0.0,0.0,0.0,0.0,0.0,0.0,0.0,0.0,73.15,82.28,40.7,288.97,24.75,216.59,133.32,62.37,0.0,922.13
96.5932,0.0,0.0,0.0,0.0,0.0,0.0,0.0,0.0,63.69,72.82,38.28,288.97,24.75,219.23,133.32,64.9,0.0,905.96
96.6032,0.0,0.0,0.0,0.0,0.0,0.0,0.0,0.0,56.21,65.67,33.44,288.97,24.75,221.98,136.29,67.32,0.0,894.63
96.6132,0.0,0.0,0.0,0.0,0.0,0.0,0.0,0.0,49.17,60.94,31.13,288.97,24.75,221.98,136.29,67.32,0.0,880.55
96.6232,0.0,0.0,0.0,0.0,0.0,0.0,0.0,0.0,43.89,56.21,28.71,288.97,24.75,224.73,136.29,69.74,0.0,873.29
96.6332,0.0,0.0,0.0,0.0,0.0,0.0,0.0,0.0,38.61,51.59,26.29,285.89,22.0,227.48,139.15,72.16,0.0,863.17
96.6432,0.0,0.0,0.0,0.0,0.0,0.0,0.0,0.0,35.09,46.86,21.56,285.89,22.0,227.48,139.15,72.16,0.0,850.19
96.6532,0.0,0.0,0.0,0.0,0.0,0.0,0.0,0.0,31.57,44.55,19.14,285.89,22.0,227.48,142.12,74.69,0.0,847.44
96.6632,0.0,0.0,0.0,0.0,0.0,0.0,0.0,0.0,28.05,39.82,16.72,282.7,22.0,230.34,144.98,77.11,0.0,841.72
96.6732,0.0,0.0,0.0,0.0,0.0,0.0,0.0,0.0,24.53,37.51,16.72,282.7,22.0,230.34,144.98,77.11,0.0,835.89
96.6832,0.0,0.0,0.0,0.0,0.0,0.0,0.0,0.0,21.01,35.09,14.3,282.7,22.0,233.09,147.84,79.53,0.0,835.56
96.6932,0.0,0.0,0.0,0.0,0.0,0.0,0.0,0.0,19.25,32.78,11.88,279.51,22.0,235.95,150.81,81.95,0.0,834.13
96.7032,0.0,0.0,0.0,0.0,0.0,0.0,0.0,0.0,17.49,28.05,11.88,282.7,22.0,238.7,156.53,81.95,0.0,839.3
96.7132,0.0,0.0,0.0,0.0,0.0,0.0,0.0,0.0,15.73,23.43,9.57,282.7,22.0,241.45,162.36,84.48,0.0,841.72
96.7232,0.0,0.0,0.0,0.0,0.0,0.0,0.0,0.0,13.97,21.01,9.57,282.7,24.75,247.06,171.27,89.32,0.0,859.65
96.7332,0.0,0.0,0.0,0.0,0.0,0.0,0.0,0.0,12.21,16.39,9.57,279.51,24.75,252.67,177.21,91.74,0.0,864.05
96.7432,0.0,0.0,0.0,0.0,0.0,0.0,0.0,0.0,10.45,13.97,9.57,276.43,24.75,255.42,186.12,94.27,0.0,870.98
96.7532,4.62,0.0,0.0,0.0,0.0,0.0,0.0,0.0,8.69,13.97,7.15,270.6,24.75,258.28,198.11,96.69,4.62,878.24
96.7632,4.62,0.0,0.0,0.0,0.0,0.0,0.0,0.0,8.69,11.66,7.15,261.8,24.75,263.89,207.02,101.53,4.62,886.49
96.7732,6.93,0.0,0.0,0.0,0.0,0.0,0.0,0.0,6.93,9.35,4.73,253.11,24.75,263.89,215.93,106.48,6.93,885.17
96.7832,9.24,0.0,0.0,0.0,0.0,0.0,0.0,0.0,6.93,6.93,4.73,241.45,24.75,266.64,221.98,111.32,9.24,884.73
96.7932,16.17,3.85,0.0,0.0,0.0,0.0,0.0,0.0,5.17,6.93,0.0,226.93,22.0,266.64,227.59,116.05,20.02,871.31
96.8032,30.14,5.83,0.0,0.0,0.0,0.0,0.0,0.0,5.17,4.62,0.0,211.2,22.0,263.89,230.45,118.25,35.97,855.58
96.8132,68.97,19.47,0.0,0.0,0.0,0.0,0.0,0.0,3.41,4.62,0.0,191.95,19.25,263.89,230.45,122.76,88.44,836.33
96.8232,174.79,54.56,14.52,0.0,0.0,0.0,0.0,0.0,3.41,0.0,0.0,172.81,16.5,261.03,230.45,124.96,243.87,809.16
96.8332,213.62,85.14,31.46,20.68,0.0,3.85,0.0,0.0,0.0,0.0,0.0,147.51,11.0,252.67,227.59,127.16,354.75,765.93
96.8432,213.62,113.85,45.98,34.43,0.0,11.66,0.0,3.52,0.0,0.0,0.0,119.02,8.25,241.45,224.73,129.47,423.06,722.92
96.8532,218.46,132.66,58.08,44.77,0.0,23.43,2.97,7.04,0.0,0.0,0.0,87.56,5.5,221.98,221.98,131.67,487.41,668.69
96.8632,220.88,145.2,62.81,53.35,0.0,37.07,7.59,12.32,0.0,0.0,0.0,56.54,0.0,195.03,218.9,133.87,539.22,604.34
96.8732,218.46,153.56,65.12,60.83,0.0,46.86,13.75,15.84,0.0,0.0,0.0,33.88,0.0,157.19,212.96,138.38,574.42,542.41
96.8832,216.04,157.74,65.12,67.43,0.0,56.65,19.8,17.6,0.0,0.0,0.0,22.55,5.5,108.24,198.11,136.18,600.38,470.58
96.8932,216.04,166.1,69.85,76.23,4.18,67.54,28.93,21.12,0.0,0.0,0.0,19.8,8.25,62.04,168.3,129.47,649.99,387.86
96.9032,218.46,170.61,72.27,82.83,8.47,76.56,39.71,24.64,0.0,0.0,0.0,14.08,8.25,40.37,127.6,118.25,693.55,308.55
96.9132,223.41,179.63,79.31,91.74,12.65,85.47,47.3,28.27,0.0,0.0,0.0,14.08,8.25,28.49,80.3,106.48,747.78,237.6
96.9232,231.11,186.45,84.04,98.34,14.74,94.49,56.54,30.03,0.0,0.0,0.0,11.22,5.5,11.88,53.9,86.9,795.74,169.4
96.9332,236.28,190.96,88.77,104.94,16.94,103.4,65.56,33.55,0.0,0.0,0.0,8.47,5.5,16.61,38.5,59.95,840.4,129.03
96.9432,233.75,190.96,91.08,113.85,21.12,112.42,72.82,35.31,0.0,0.0,0.0,5.61,0.0,11.88,25.63,33.88,871.31,77.0
96.9532,228.58,190.96,88.77,122.76,21.12,118.69,78.21,37.07,0.0,0.0,0.0,5.61,0.0,9.46,20.46,12.65,886.16,48.18
96.9632,218.46,186.45,86.35,136.18,23.21,127.16,83.71,38.83,0.0,0.0,0.0,0.0,0.0,7.04,15.4,4.18,900.35,26.62
96.9732,206.36,177.43,81.73,147.4,25.41,137.72,89.1,42.35,0.0,0.0,0.0,0.0,0.0,4.73,12.76,4.18,907.5,21.67
96.9832,191.73,166.1,77.0,156.31,27.5,144.1,94.49,44.11,0.0,0.0,0.0,0.0,0.0,4.73,10.23,0.0,901.34,14.96
96.9932,177.21,151.47,72.27,165.33,27.5,152.57,99.99,47.63,0.0,0.0,0.0,0.0,0.0,0.0,7.7,0.0,893.97,7.7
97.0032,162.58,138.93,67.54,172.37,29.59,156.86,105.38,51.15,0.0,0.0,0.0,0.0,0.0,0.0,7.7,0.0,884.4,7.7
97.0132,147.84,126.39,60.39,179.41,31.68,163.13,109.01,52.91,0.0,0.0,0.0,0.0,0.0,0.0,5.06,0.0,870.76,5.06
97.0232,130.57,111.54,53.24,188.87,31.68,167.53,112.64,56.54,0.0,0.0,0.0,0.0,0.0,0.0,5.06,0.0,852.61,5.06
97.0332,113.41,96.14,45.98,193.6,31.68,171.93,114.51,58.52,0.0,0.0,0.0,0.0,0.0,0.0,5.06,0.0,825.77,5.06
97.0432,97.68,82.94,38.72,198.33,31.68,176.33,116.49,60.5,0.0,0.0,0.0,0.0,0.0,0.0,5.06,0.0,802.67,5.06
97.0532,82.17,69.74,31.46,203.06,31.68,180.73,118.47,62.59,0.0,0.0,0.0,0.0,0.0,0.0,0.0,0.0,779.9,0.0
97.0632,68.97,58.74,26.62,207.79,31.68,182.93,118.47,62.59,0.0,0.0,0.0,0.0,0.0,0.0,0.0,0.0,757.79,0.0
97.0732,57.97,50.6,19.36,210.1,31.68,185.13,120.45,64.57,0.0,0.0,0.0,0.0,0.0,0.0,0.0,0.0,739.86,0.0
97.0832,44.11,42.79,16.94,212.52,29.59,187.33,120.45,64.57,0.0,0.0,0.0,0.0,0.0,0.0,0.0,0.0,718.3,0.0
97.0932,32.45,35.09,14.52,212.52,29.59,189.53,120.45,64.57,0.0,0.0,0.0,0.0,0.0,0.0,0.0,0.0,698.72,0.0
97.1032,23.21,27.28,12.1,212.52,27.5,191.73,122.54,66.55,0.0,0.0,0.0,0.0,0.0,0.0,0.0,0.0,683.43,0.0
97.1132,18.59,23.32,9.68,212.52,27.5,191.73,122.54,66.55,0.0,0.0,0.0,0.0,0.0,0.0,0.0,0.0,672.43,0.0
97.1232,16.17,19.47,7.26,210.1,27.5,194.04,124.52,66.55,0.0,0.0,0.0,0.0,0.0,0.0,0.0,0.0,665.61,0.0
97.1332,13.86,15.51,7.26,205.37,25.41,194.04,126.5,66.55,0.0,0.0,0.0,0.0,0.0,0.0,0.0,0.0,654.5,0.0
97.1432,9.24,11.66,4.84,200.64,25.41,196.24,128.59,66.55,0.0,0.0,0.0,0.0,0.0,0.0,0.0,0.0,643.17,0.0
97.1532,9.24,9.68,4.84,195.91,25.41,196.24,130.57,66.55,0.0,0.0,0.0,0.0,0.0,0.0,0.0,0.0,638.44,0.0
97.1632,6.93,9.68,4.84,188.87,23.21,198.44,134.64,68.64,0.0,0.0,0.0,0.0,0.0,0.0,0.0,0.0,635.25,0.0
97.1732,6.93,7.7,0.0,181.83,23.21,198.44,138.6,68.64,0.0,0.0,0.0,0.0,0.0,0.0,0.0,0.0,625.35,0.0
97.1832,6.93,7.7,0.0,177.1,23.21,200.64,142.67,70.62,0.0,0.0,0.0,0.0,0.0,0.0,0.0,0.0,628.87,0.0
97.1932,6.93,5.83,0.0,169.95,23.21,200.64,146.74,70.62,0.0,0.0,0.0,0.0,0.0,0.0,0.0,0.0,623.92,0.0
97.2032,4.62,5.83,0.0,165.33,21.12,202.84,150.7,72.6,0.0,0.0,0.0,0.0,0.0,0.0,0.0,0.0,623.04,0.0
97.2132,4.62,5.83,0.0,158.51,21.12,202.84,154.77,74.69,0.0,0.0,0.0,0.0,0.0,0.0,0.0,0.0,622.38,0.0
97.2232,4.62,5.83,0.0,154.11,23.21,202.84,160.82,76.67,0.0,0.0,0.0,0.0,0.0,0.0,0.0,0.0,628.1,0.0
97.2332,4.62,3.85,0.0,147.4,21.12,205.04,166.87,76.67,0.0,0.0,0.0,0.0,0.0,0.0,0.0,0.0,625.57,0.0
97.2432,4.62,3.85,0.0,142.89,21.12,205.04,173.03,78.65,0.0,0.0,0.0,0.0,0.0,0.0,0.0,0.0,629.2,0.0
97.2532,0.0,3.85,0.0,138.38,23.21,207.24,179.3,80.74,0.0,0.0,0.0,0.0,0.0,0.0,0.0,0.0,632.72,0.0
97.2632,0.0,3.85,0.0,131.67,21.12,207.24,185.46,82.72,0.0,0.0,0.0,0.0,0.0,0.0,0.0,0.0,632.06,0.0
97.2732,0.0,3.85,0.0,127.27,21.12,207.24,193.71,86.79,0.0,0.0,0.0,0.0,0.0,0.0,0.0,0.0,639.98,0.0
97.2832,0.0,3.85,0.0,118.25,21.12,207.24,199.98,88.77,0.0,0.0,0.0,0.0,0.0,0.0,0.0,0.0,639.21,0.0
97.2932,0.0,3.85,0.0,109.34,21.12,207.24,206.14,94.82,0.0,0.0,0.0,0.0,0.0,0.0,0.0,0.0,642.51,0.0
97.3032,0.0,3.85,0.0,102.74,19.03,207.24,210.32,96.91,0.0,0.0,0.0,0.0,0.0,0.0,0.0,0.0,640.09,0.0
97.3132,0.0,0.0,0.0,91.74,16.94,207.24,214.39,100.87,0.0,0.0,0.0,0.0,0.0,0.0,0.0,0.0,631.18,0.0
97.3232,0.0,0.0,0.0,82.83,14.74,207.24,218.57,104.94,5.17,0.0,0.0,0.0,0.0,0.0,0.0,0.0,628.32,5.17
97.3332,0.0,0.0,0.0,71.83,12.65,205.04,218.57,109.01,19.25,4.62,0.0,0.0,0.0,0.0,0.0,0.0,617.1,23.87
97.3432,0.0,0.0,0.0,60.83,10.56,200.64,218.57,113.08,88.44,23.43,4.73,0.0,0.0,0.0,0.0,0.0,603.68,116.6
97.3532,0.0,0.0,0.0,51.7,8.47,196.24,216.48,115.17,217.03,53.9,16.72,5.61,0.0,0.0,7.7,0.0,588.06,300.96
97.3632,0.0,0.0,0.0,39.6,8.47,185.13,214.39,117.26,191.51,70.4,31.13,36.74,0.0,0.0,10.23,0.0,564.85,340.01
97.3732,0.0,0.0,0.0,29.26,6.27,167.53,212.41,119.35,207.79,101.2,47.85,78.21,0.0,26.07,17.93,4.18,534.82,483.23
97.3832,0.0,0.0,0.0,20.68,6.27,146.19,204.05,119.35,228.91,120.56,63.25,90.75,5.5,52.25,25.63,10.56,496.54,597.41
97.3932,0.0,0.0,0.0,17.16,6.27,116.6,189.64,115.17,226.49,128.04,66.0,103.29,8.25,64.79,38.5,12.65,444.84,648.01
97.4032,0.0,0.0,0.0,15.51,6.27,80.96,164.89,110.99,214.72,130.57,63.25,109.56,8.25,70.18,41.03,14.74,378.62,652.3
97.4132,0.0,0.0,0.0,13.75,6.27,50.71,124.52,100.87,203.17,133.1,63.25,122.21,8.25,81.07,46.2,16.94,296.12,674.19
97.4232,0.0,0.0,0.0,10.34,6.27,35.09,80.08,88.77,200.86,140.58,63.25,131.67,11.0,91.96,53.9,21.12,220.55,714.34
97.4332,0.0,0.0,0.0,8.58,4.18,25.3,47.3,70.62,203.17,145.64,68.75,144.32,11.0,102.74,59.51,23.21,155.98,758.34
97.4432,0.0,0.0,0.0,6.82,0.0,19.47,33.55,51.15,210.1,153.12,74.14,153.78,13.75,113.63,71.39,27.5,110.99,817.41
97.4532,0.0,0.0,0.0,3.41,0.0,15.62,30.47,37.07,217.03,160.6,79.64,163.24,16.5,121.88,80.3,29.59,86.57,868.78
97.4632,0.0,0.0,0.0,3.41,0.0,13.64,24.42,22.88,221.65,165.66,85.03,172.81,16.5,130.02,89.32,33.88,64.35,914.87
97.4732,0.0,0.0,0.0,3.41,0.0,9.68,19.8,17.6,221.65,168.19,87.78,182.38,19.25,140.91,95.26,35.97,50.49,951.39
97.4832,0.0,0.0,0.0,0.0,0.0,7.81,13.75,7.04,214.72,168.19,87.78,195.14,19.25,149.05,101.2,38.06,28.6,973.39
97.4932,0.0,0.0,0.0,0.0,0.0,5.83,10.67,5.28,205.48,168.19,85.03,208.01,22.0,157.19,104.17,40.26,21.78,990.33
97.5032,0.0,0.0,0.0,0.0,0.0,5.83,10.67,5.28,198.55,165.66,82.39,217.58,22.0,165.44,110.22,42.35,21.78,1004.19
97.5132,0.0,0.0,0.0,0.0,0.0,3.85,9.13,5.28,189.2,158.07,82.39,226.93,22.0,170.83,115.94,42.35,18.26,1007.71
97.5232,0.0,0.0,0.0,0.0,0.0,3.85,7.59,3.52,177.65,153.12,79.64,232.76,24.75,178.86,121.77,44.44,14.96,1012.99
97.5332,0.0,0.0,0.0,0.0,0.0,3.85,7.59,3.52,163.9,143.11,74.14,238.59,24.75,187.0,124.63,46.53,14.96,1002.65
97.5432,0.0,0.0,0.0,0.0,0.0,0.0,4.51,0.0,151.25,135.52,71.39,244.42,27.5,189.64,130.46,48.73,4.51,998.91
97.5532,0.0,0.0,0.0,0.0,0.0,0.0,2.97,0.0,138.49,125.51,66.0,250.14,27.5,195.03,133.32,50.82,2.97,986.81
97.5632,0.0,0.0,0.0,0.0,0.0,0.0,2.97,0.0,125.84,115.5,60.5,255.97,27.5,200.42,133.32,52.91,2.97,971.96
97.5732,0.0,0.0,0.0,0.0,0.0,0.0,0.0,0.0,111.43,105.93,55.11,258.94,27.5,203.06,136.29,52.91,0.0,951.17
97.5832,0.0,0.0,0.0,0.0,0.0,0.0,0.0,0.0,101.86,98.78,50.27,261.8,27.5,205.81,136.29,55.11,0.0,937.42
97.5932,0.0,0.0,0.0,0.0,0.0,0.0,0.0,0.0,90.42,89.32,47.85,264.77,27.5,208.45,139.15,55.11,0.0,922.57
97.6032,0.0,0.0,0.0,0.0,0.0,0.0,0.0,0.0,80.85,82.28,43.12,267.63,27.5,211.2,139.15,57.53,0.0,909.26
97.6132,0.0,0.0,0.0,0.0,0.0,0.0,0.0,0.0,73.15,75.13,40.7,267.63,27.5,213.84,142.12,57.53,0.0,897.6
97.6232,0.0,0.0,0.0,0.0,0.0,0.0,0.0,0.0,63.69,68.09,38.28,270.6,27.5,216.59,142.12,59.95,0.0,886.82
97.6332,0.0,0.0,0.0,0.0,0.0,0.0,0.0,0.0,57.97,63.36,33.44,270.6,27.5,219.23,144.98,59.95,0.0,877.03
97.6432,0.0,0.0,0.0,0.0,0.0,0.0,0.0,0.0,50.93,58.63,31.13,270.6,27.5,221.98,144.98,62.37,0.0,868.12
97.6532,0.0,0.0,0.0,0.0,0.0,0.0,0.0,0.0,45.65,53.9,28.71,270.6,27.5,224.73,147.84,62.37,0.0,861.3
97.6632,0.0,0.0,0.0,0.0,0.0,0.0,0.0,0.0,40.37,49.17,23.87,270.6,27.5,227.48,150.81,64.9,0.0,854.7
97.6732,0.0,0.0,0.0,0.0,0.0,0.0,0.0,0.0,36.85,44.55,21.56,270.6,27.5,230.34,156.53,67.32,0.0,855.25
97.6832,0.0,0.0,0.0,0.0,0.0,0.0,0.0,0.0,31.57,42.13,19.14,267.63,27.5,233.09,162.36,69.74,0.0,853.16
97.6932,0.0,0.0,0.0,0.0,0.0,0.0,0.0,0.0,28.05,37.51,16.72,267.63,27.5,235.95,168.3,72.16,0.0,853.82
97.7032,0.0,0.0,0.0,0.0,0.0,0.0,0.0,0.0,22.77,35.09,14.3,267.63,27.5,241.45,174.24,74.69,0.0,857.67
97.7132,0.0,0.0,0.0,0.0,0.0,0.0,0.0,0.0,21.01,30.47,11.88,264.77,30.25,244.31,180.18,77.11,0.0,859.98
97.7232,0.0,0.0,0.0,0.0,0.0,0.0,0.0,0.0,17.49,23.43,11.88,261.8,30.25,249.92,189.09,79.53,0.0,863.39
97.7332,0.0,0.0,0.0,0.0,0.0,0.0,0.0,0.0,13.97,18.7,9.57,258.94,30.25,252.67,198.11,84.48,0.0,866.69
97.7432,0.0,0.0,0.0,0.0,0.0,0.0,0.0,0.0,12.21,16.39,9.57,255.97,30.25,255.42,207.02,86.9,0.0,873.73
97.7532,0.0,0.0,0.0,0.0,0.0,0.0,0.0,0.0,10.45,13.97,7.15,247.28,30.25,261.03,215.93,89.32,0.0,875.38
97.7632,0.0,0.0,0.0,0.0,0.0,0.0,0.0,0.0,8.69,11.66,7.15,241.45,30.25,263.89,224.73,91.74,0.0,879.56
97.7732,4.62,0.0,0.0,0.0,0.0,0.0,0.0,0.0,8.69,9.35,4.73,229.79,30.25,263.89,233.2,96.69,4.62,876.59
97.7832,6.93,0.0,0.0,0.0,0.0,0.0,0.0,0.0,6.93,6.93,4.73,220.77,30.25,263.89,238.92,99.11,6.93,871.53
97.7932,11.55,3.85,0.0,0.0,0.0,0.0,0.0,0.0,5.17,6.93,0.0,204.82,27.5,266.64,244.53,101.53,15.4,857.12
97.8032,18.59,5.83,0.0,0.0,0.0,0.0,0.0,0.0,5.17,4.62,0.0,188.76,24.75,263.89,247.39,104.06,24.42,838.64
97.8132,34.76,9.68,0.0,0.0,0.0,0.0,0.0,0.0,5.17,4.62,0.0,169.62,22.0,263.89,253.0,108.9,44.44,827.2
97.8232,82.17,25.3,0.0,0.0,0.0,0.0,0.0,0.0,3.41,0.0,0.0,150.59,19.25,263.89,255.86,116.05,107.47,809.05
97.8332,184.47,60.94,21.78,5.17,0.0,0.0,0.0,0.0,3.41,0.0,0.0,128.48,16.5,258.28,255.86,122.76,272.36,785.29
97.8432,216.04,87.34,36.3,22.33,0.0,3.85,0.0,0.0,0.0,0.0,0.0,103.29,11.0,252.67,255.86,129.47,365.86,752.29
97.8532,213.62,107.14,48.4,27.5,0.0,9.68,0.0,3.52,0.0,0.0,0.0,75.02,8.25,235.95,250.14,138.38,409.86,707.74
97.8631,208.78,118.03,55.77,36.19,0.0,15.62,0.0,5.28,0.0,0.0,0.0,48.07,5.5,208.45,247.39,145.09,439.67,654.5
97.8731,208.78,128.48,60.39,43.01,0.0,29.26,6.05,10.56,0.0,0.0,0.0,31.02,5.5,168.19,244.53,149.6,486.53,598.84
97.8831,211.2,141.02,65.12,48.18,0.0,42.9,10.67,14.08,0.0,0.0,0.0,22.55,5.5,113.63,230.45,149.6,533.17,521.73
97.8931,216.04,149.38,72.27,53.35,0.0,52.69,19.8,17.6,0.0,0.0,0.0,16.94,8.25,64.79,195.14,140.58,581.13,425.7
97.9031,228.58,161.92,81.73,56.87,6.27,63.03,35.09,21.12,0.0,0.0,0.0,14.08,8.25,40.37,144.98,127.16,654.61,334.84
97.9131,241.45,172.81,93.5,56.87,12.65,69.74,45.76,24.64,0.0,0.0,0.0,14.08,8.25,30.8,86.35,108.9,717.42,248.38
97.9231,257.07,181.94,102.96,60.83,16.94,76.56,55.0,28.27,0.0,0.0,0.0,11.22,8.25,23.65,56.54,96.69,779.57,196.35
97.9331,270.05,190.96,114.84,60.83,19.03,83.27,63.69,30.03,0.0,0.0,0.0,8.47,5.5,18.92,41.03,55.11,832.7,129.03
97.9431,275.22,193.27,119.79,65.23,23.21,89.98,72.82,31.79,0.0,0.0,0.0,5.61,0.0,14.19,28.27,27.5,871.31,75.57
97.9531,272.58,195.58,122.32,69.63,25.41,96.69,80.08,33.55,0.0,0.0,0.0,5.61,0.0,9.46,20.46,6.27,895.84,41.8
97.9631,270.05,193.27,124.74,71.83,27.5,101.2,89.1,35.31,0.0,0.0,0.0,0.0,0.0,7.04,17.93,6.27,913.0,31.24
97.9731,262.24,188.76,124.74,74.03,29.59,105.6,96.36,38.83,0.0,0.0,0.0,0.0,0.0,7.04,15.4,4.18,920.15,26.62
97.9831,254.43,184.25,122.32,76.23,31.68,110.11,103.62,42.35,0.0,0.0,0.0,0.0,0.0,4.73,12.76,4.18,924.99,21.67
97.9931,246.73,175.12,119.79,78.43,33.88,114.51,109.01,44.11,0.0,0.0,0.0,0.0,0.0,4.73,12.76,4.18,921.58,21.67
98.0031,238.92,168.3,117.37,78.43,33.88,116.6,114.51,45.87,0.0,0.0,0.0,0.0,0.0,4.73,10.23,0.0,913.88,14.96
98.0131,228.58,159.83,114.84,78.43,35.97,118.69,120.45,47.63,0.0,0.0,0.0,0.0,0.0,4.73,10.23,0.0,904.42,14.96
98.0231,218.46,151.47,110.0,80.63,38.06,120.78,126.5,47.63,0.0,0.0,0.0,0.0,0.0,0.0,10.23,0.0,893.53,10.23
98.0331,208.78,143.11,105.27,80.63,40.15,122.98,130.57,49.39,0.0,0.0,0.0,0.0,0.0,0.0,7.7,0.0,880.88,7.7
98.0431,196.68,134.75,100.54,80.63,40.15,125.07,132.55,49.39,0.0,0.0,0.0,0.0,0.0,0.0,7.7,0.0,859.76,7.7
98.0531,184.47,124.3,93.5,82.83,42.35,127.16,136.62,51.15,0.0,0.0,0.0,0.0,0.0,0.0,5.06,0.0,842.38,5.06
98.0631,172.37,115.94,86.35,85.03,42.35,129.25,140.69,51.15,0.0,0.0,0.0,0.0,0.0,0.0,5.06,0.0,823.13,5.06
98.0731,160.05,104.94,79.31,85.03,42.35,131.45,142.67,52.91,0.0,0.0,0.0,0.0,0.0,0.0,5.06,0.0,798.71,5.06
98.0831,147.84,98.34,74.58,87.34,44.44,133.54,146.74,52.91,0.0,0.0,0.0,0.0,0.0,0.0,5.06,0.0,785.73,5.06
98.0931,135.52,89.54,69.85,91.74,44.44,137.72,150.7,54.67,0.0,0.0,0.0,0.0,0.0,0.0,0.0,0.0,774.18,0.0
98.1031,125.73,80.74,65.12,93.94,46.53,142.01,154.77,56.54,0.0,0.0,0.0,0.0,0.0,0.0,0.0,0.0,765.38,0.0
98.1131,115.83,74.14,58.08,96.14,46.53,146.19,156.75,58.52,0.0,0.0,0.0,0.0,0.0,0.0,0.0,0.0,752.18,0.0
98.1231,104.28,67.54,53.24,100.54,46.53,148.39,160.82,58.52,0.0,0.0,0.0,0.0,0.0,0.0,0.0,0.0,739.86,0.0
98.1331,95.48,60.94,48.4,102.74,46.53,152.57,164.89,60.5,0.0,0.0,0.0,0.0,0.0,0.0,0.0,0.0,732.05,0.0
98.1431,86.68,54.56,43.56,104.94,48.62,156.86,170.94,62.59,0.0,0.0,0.0,0.0,0.0,0.0,0.0,0.0,728.75,0.0
98.1531,79.97,50.6,41.14,107.14,48.62,158.95,175.12,62.59,0.0,0.0,0.0,0.0,0.0,0.0,0.0,0.0,724.13,0.0
98.1631,71.17,44.77,36.3,109.34,50.82,163.13,183.37,64.57,0.0,0.0,0.0,0.0,0.0,0.0,0.0,0.0,723.47,0.0
98.1731,60.17,40.92,31.46,111.54,50.82,167.53,189.64,66.55,0.0,0.0,0.0,0.0,0.0,0.0,0.0,0.0,718.63,0.0
98.1831,53.35,36.96,29.04,113.85,52.91,171.93,197.89,66.55,0.0,0.0,0.0,0.0,0.0,0.0,0.0,0.0,722.48,0.0
98.1931,44.11,33.11,24.2,116.05,52.91,176.33,208.23,68.64,0.0,0.0,0.0,0.0,0.0,0.0,0.0,0.0,723.58,0.0
98.2031,37.18,27.28,19.36,116.05,52.91,178.53,216.48,70.62,0.0,0.0,0.0,0.0,0.0,0.0,0.0,0.0,718.41,0.0
98.2131,30.14,23.32,16.94,118.25,55.0,182.93,224.84,70.62,0.0,0.0,0.0,0.0,0.0,0.0,0.0,0.0,722.04,0.0
98.2231,25.52,19.47,14.52,116.05,55.0,185.13,235.84,72.6,0.0,0.0,0.0,0.0,0.0,0.0,0.0,0.0,724.13,0.0
98.2331,20.9,15.51,12.1,116.05,55.0,187.33,242.44,74.69,0.0,0.0,0.0,0.0,0.0,0.0,0.0,0.0,724.02,0.0
98.2431,16.17,13.64,9.68,113.85,55.0,189.53,251.35,74.69,0.0,0.0,0.0,0.0,0.0,0.0,0.0,0.0,723.91,0.0
98.2531,13.86,9.68,9.68,109.34,55.0,189.53,257.95,76.67,0.0,0.0,0.0,0.0,0.0,0.0,0.0,0.0,721.71,0.0
98.2631,11.55,7.7,7.26,102.74,52.91,189.53,264.55,76.67,0.0,0.0,0.0,0.0,0.0,0.0,0.0,0.0,712.91,0.0
98.2731,9.24,5.83,4.84,96.14,48.62,189.53,268.95,78.65,0.0,0.0,0.0,0.0,0.0,0.0,0.0,0.0,701.8,0.0
98.2831,6.93,5.83,4.84,87.34,46.53,187.33,271.15,78.65,5.17,0.0,0.0,0.0,0.0,0.0,0.0,0.0,688.6,5.17
98.2931,4.62,3.85,0.0,76.23,40.15,187.33,268.95,80.74,26.29,4.62,0.0,0.0,0.0,0.0,0.0,0.0,661.87,30.91
98.3031,4.62,3.85,0.0,65.23,35.97,185.13,266.75,84.81,142.78,25.74,4.73,0.0,0.0,0.0,0.0,0.0,646.36,173.25
98.3131,0.0,3.85,0.0,53.35,29.59,182.93,262.35,86.79,219.34,49.17,11.88,0.0,0.0,0.0,7.7,0.0,618.86,288.09
98.3231,0.0,0.0,0.0,41.36,23.21,171.93,257.95,88.77,210.1,75.13,28.71,28.27,0.0,0.0,10.23,0.0,583.22,352.44
98.3331,0.0,0.0,0.0,31.02,16.94,158.95,249.04,90.86,214.72,103.51,40.7,53.68,0.0,4.73,12.76,0.0,546.81,430.1
98.3431,0.0,0.0,0.0,20.68,10.56,139.92,240.24,92.84,217.03,120.56,47.85,87.56,0.0,18.92,15.4,4.18,504.24,511.5
98.3531,0.0,0.0,0.0,13.75,6.27,114.51,229.24,94.82,217.03,133.1,50.27,106.48,0.0,35.64,17.93,4.18,458.59,564.63
98.3631,0.0,0.0,0.0,10.34,6.27,85.47,214.39,92.84,203.17,133.1,50.27,115.94,0.0,54.56,23.1,8.47,409.31,588.61
98.3731,0.0,0.0,0.0,10.34,6.27,52.69,187.55,90.86,198.55,135.52,52.69,125.4,5.5,70.18,28.27,12.65,347.71,628.76
98.3831,0.0,0.0,0.0,8.58,6.27,35.09,146.74,80.74,200.86,143.11,55.11,131.67,8.25,81.07,41.03,14.74,277.42,675.84
98.3931,0.0,0.0,0.0,6.82,6.27,25.3,99.99,66.55,207.79,150.59,60.5,137.94,11.0,86.46,48.73,19.03,204.93,722.04
98.4031,0.0,0.0,0.0,5.17,4.18,19.47,58.3,52.91,217.03,158.07,66.0,147.51,11.0,94.6,56.54,21.12,140.03,771.87
98.4131,0.0,0.0,0.0,3.41,4.18,15.62,41.25,40.59,226.49,163.13,71.39,153.78,13.75,102.74,65.45,25.41,105.05,822.14
98.4231,0.0,0.0,0.0,0.0,0.0,13.64,30.47,28.27,231.44,170.61,74.14,163.24,16.5,108.24,71.39,27.5,72.38,863.06
98.4331,0.0,0.0,0.0,0.0,0.0,9.68,24.42,17.6,231.44,175.45,76.89,176.0,16.5,116.38,77.33,29.59,51.7,899.58
98.4431,0.0,0.0,0.0,0.0,0.0,7.81,18.26,12.32,226.49,177.87,76.89,188.76,16.5,124.52,80.3,29.59,38.39,920.92
98.4531,0.0,0.0,0.0,0.0,0.0,5.83,13.75,5.28,217.03,177.87,74.14,204.82,16.5,132.77,83.27,31.79,24.86,938.19
98.4631,0.0,0.0,0.0,0.0,0.0,5.83,10.67,5.28,210.1,177.87,71.39,220.77,19.25,140.91,86.35,33.88,21.78,960.52
98.4731,0.0,0.0,0.0,0.0,0.0,3.85,9.13,3.52,200.86,175.45,71.39,232.76,19.25,149.05,92.29,35.97,16.5,977.02
98.4831,0.0,0.0,0.0,0.0,0.0,3.85,7.59,3.52,193.82,170.61,71.39,241.45,22.0,154.55,95.26,35.97,14.96,985.05
98.4931,0.0,0.0,0.0,0.0,0.0,0.0,6.05,3.52,184.58,165.66,68.75,247.28,22.0,159.94,101.2,38.06,9.57,987.47
98.5031,0.0,0.0,0.0,0.0,0.0,0.0,4.51,0.0,175.34,158.07,66.0,253.11,24.75,165.44,104.17,40.26,4.51,987.14
98.5131,0.0,0.0,0.0,0.0,0.0,0.0,2.97,0.0,163.9,153.12,66.0,258.94,24.75,170.83,107.14,40.26,2.97,984.94
98.5231,0.0,0.0,0.0,0.0,0.0,0.0,0.0,0.0,153.34,143.11,60.5,264.77,24.75,173.47,107.14,42.35,0.0,969.43
98.5331,0.0,0.0,0.0,0.0,0.0,0.0,0.0,0.0,142.78,135.52,57.75,267.63,24.75,178.86,110.22,42.35,0.0,959.86
98.5431,0.0,0.0,0.0,0.0,0.0,0.0,0.0,0.0,130.02,128.04,55.11,273.46,24.75,181.61,113.08,44.44,0.0,950.51
98.5531,0.0,0.0,0.0,0.0,0.0,0.0,0.0,0.0,119.46,118.03,52.69,279.51,24.75,184.25,113.08,44.44,0.0,936.21
98.5631,0.0,0.0,0.0,0.0,0.0,0.0,0.0,0.0,109.45,108.24,47.85,282.7,24.75,189.64,115.94,44.44,0.0,923.01
98.5731,0.0,0.0,0.0,0.0,0.0,0.0,0.0,0.0,99.99,101.2,45.43,285.89,24.75,192.39,115.94,46.53,0.0,912.12
98.5831,0.0,0.0,0.0,0.0,0.0,0.0,0.0,0.0,92.29,96.47,43.12,292.16,27.5,195.03,118.91,46.53,0.0,912.01
98.5931,0.0,0.0,0.0,0.0,0.0,0.0,0.0,0.0,82.72,89.32,40.7,295.35,27.5,197.67,118.91,46.53,0.0,898.7
98.6031,0.0,0.0,0.0,0.0,0.0,0.0,0.0,0.0,75.13,82.28,35.86,301.62,27.5,203.06,118.91,48.73,0.0,893.09
98.6131,0.0,0.0,0.0,0.0,0.0,0.0,0.0,0.0,69.41,75.13,33.44,304.81,27.5,205.81,121.77,48.73,0.0,886.6
98.6231,0.0,0.0,0.0,0.0,0.0,0.0,0.0,0.0,63.69,70.4,33.44,308.0,27.5,211.2,121.77,48.73,0.0,884.73
98.6331,0.0,0.0,0.0,0.0,0.0,0.0,0.0,0.0,56.21,65.67,31.13,314.27,27.5,213.84,124.63,50.82,0.0,884.07
98.6431,0.0,0.0,0.0,0.0,0.0,0.0,0.0,0.0,50.93,60.94,28.71,317.46,24.75,219.23,124.63,50.82,0.0,877.47
98.6531,0.0,0.0,0.0,0.0,0.0,0.0,0.0,0.0,45.65,56.21,26.29,320.54,27.5,224.73,127.6,52.91,0.0,881.43
98.6631,0.0,0.0,0.0,0.0,0.0,0.0,0.0,0.0,40.37,51.59,23.87,320.54,27.5,230.34,133.32,55.11,0.0,882.64
98.6731,0.0,0.0,0.0,0.0,0.0,0.0,0.0,0.0,35.09,46.86,19.14,320.54,27.5,235.95,139.15,59.95,0.0,884.18
98.6831,0.0,0.0,0.0,0.0,0.0,0.0,0.0,0.0,29.81,42.13,16.72,320.54,27.5,241.45,144.98,67.32,0.0,890.45
98.6931,0.0,0.0,0.0,0.0,0.0,0.0,0.0,0.0,22.77,37.51,14.3,317.46,27.5,249.92,153.67,74.69,0.0,897.82
98.7031,0.0,0.0,0.0,0.0,0.0,0.0,0.0,0.0,19.25,30.47,11.88,314.27,27.5,255.42,162.36,79.53,0.0,900.68
98.7131,0.0,0.0,0.0,0.0,0.0,0.0,0.0,0.0,15.73,23.43,11.88,304.81,27.5,258.28,171.27,86.9,0.0,899.8
98.7231,0.0,0.0,0.0,0.0,0.0,0.0,0.0,0.0,13.97,18.7,9.57,298.43,30.25,263.89,180.18,91.74,0.0,906.73
98.7331,0.0,0.0,0.0,0.0,0.0,0.0,0.0,0.0,12.21,16.39,9.57,288.97,30.25,266.64,189.09,96.69,0.0,909.81
98.7431,0.0,0.0,0.0,0.0,0.0,0.0,0.0,0.0,10.45,13.97,7.15,282.7,30.25,269.39,198.11,101.53,0.0,913.55
98.7531,0.0,0.0,0.0,0.0,0.0,0.0,0.0,0.0,8.69,11.66,7.15,270.6,30.25,272.25,207.02,104.06,0.0,911.68
98.7631,0.0,0.0,0.0,0.0,0.0,0.0,0.0,0.0,6.93,9.35,4.73,255.97,27.5,272.25,215.93,108.9,0.0,901.56
98.7731,0.0,0.0,0.0,0.0,0.0,0.0,0.0,0.0,6.93,6.93,4.73,241.45,27.5,275.0,218.9,116.05,0.0,897.49
98.7831,0.0,0.0,0.0,0.0,0.0,0.0,0.0,0.0,5.17,4.62,0.0,226.93,24.75,275.0,221.98,120.45,0.0,878.9
98.7931,4.62,0.0,0.0,0.0,0.0,0.0,0.0,0.0,5.17,4.62,0.0,208.01,22.0,272.25,224.73,124.96,4.62,861.74
98.8031,9.24,3.85,0.0,0.0,0.0,0.0,0.0,0.0,5.17,4.62,0.0,185.57,19.25,272.25,224.73,127.16,13.09,838.75
98.8131,23.21,3.85,0.0,0.0,0.0,0.0,0.0,0.0,3.41,0.0,0.0,163.24,16.5,269.39,224.73,131.67,27.06,808.94
98.8231,68.97,15.51,0.0,0.0,0.0,0.0,0.0,0.0,3.41,0.0,0.0,141.13,11.0,263.89,221.98,136.18,84.48,777.59
98.8331,196.68,52.58,12.1,0.0,0.0,0.0,0.0,0.0,0.0,0.0,0.0,115.94,8.25,258.28,221.98,140.58,261.36,745.03
98.8431,228.58,78.54,29.04,11.99,0.0,0.0,0.0,0.0,0.0,0.0,0.0,90.75,5.5,247.06,221.98,147.29,348.15,712.58
98.8531,225.94,104.94,45.98,24.09,0.0,9.68,0.0,3.52,0.0,0.0,0.0,62.48,5.5,224.73,221.98,151.8,414.15,666.49
98.8631,225.94,124.3,58.08,34.43,0.0,13.64,0.0,5.28,0.0,0.0,0.0,36.74,5.5,189.64,215.93,156.31,461.67,604.12
98.8731,231.11,138.93,65.12,44.77,0.0,27.28,4.51,8.8,0.0,0.0,0.0,25.41,5.5,146.3,207.02,158.51,520.52,542.74
98.8831,233.75,151.47,69.85,51.7,0.0,41.03,9.13,12.32,0.0,0.0,0.0,19.8,8.25,91.96,186.12,151.8,569.25,457.93
98.8931,233.75,159.83,74.58,58.63,0.0,54.67,19.8,15.84,0.0,0.0,0.0,16.94,8.25,54.56,144.98,140.58,617.1,365.31
98.9031,241.45,170.61,84.04,65.23,6.27,67.54,33.55,21.12,0.0,0.0,0.0,14.08,8.25,37.95,98.23,124.96,689.81,283.47
98.9131,249.26,179.63,91.08,69.63,10.56,76.56,44.22,24.64,0.0,0.0,0.0,14.08,8.25,28.49,62.48,108.9,745.58,222.2
98.9231,259.6,186.45,100.54,74.03,16.94,87.67,55.0,28.27,0.0,0.0,0.0,11.22,5.5,21.34,48.73,84.48,808.5,171.27
98.9331,267.41,190.96,107.69,78.43,21.12,96.69,67.32,30.03,0.0,0.0,0.0,8.47,0.0,16.61,38.5,52.91,859.65,116.49
98.9431,267.41,193.27,112.42,85.03,23.21,103.4,76.45,33.55,0.0,0.0,0.0,5.61,0.0,11.88,25.63,25.41,894.74,68.53
98.9531,262.24,193.27,114.84,89.54,25.41,110.11,83.71,37.07,0.0,0.0,0.0,0.0,0.0,9.46,20.46,8.47,916.19,38.39
98.9631,257.07,188.76,112.42,96.14,27.5,116.6,90.86,38.83,0.0,0.0,0.0,0.0,0.0,7.04,15.4,4.18,928.18,26.62
98.9731,244.09,184.25,110.0,102.74,29.59,122.98,96.36,42.35,0.0,0.0,0.0,0.0,0.0,4.73,15.4,4.18,932.36,24.31
98.9831,233.75,175.12,105.27,107.14,31.68,129.25,101.75,44.11,0.0,0.0,0.0,0.0,0.0,4.73,12.76,4.18,928.07,21.67
98.9931,220.88,166.1,100.54,111.54,33.88,133.54,107.25,45.87,0.0,0.0,0.0,0.0,0.0,0.0,10.23,0.0,919.6,10.23
99.0031,208.78,155.65,95.81,116.05,35.97,137.72,112.64,47.63,0.0,0.0,0.0,0.0,0.0,0.0,10.23,0.0,910.25,10.23
99.0131,199.1,147.29,93.5,116.05,35.97,142.01,118.47,49.39,0.0,0.0,0.0,0.0,0.0,0.0,7.7,0.0,901.78,7.7
99.0231,186.89,136.84,88.77,118.25,38.06,144.1,124.52,51.15,0.0,0.0,0.0,0.0,0.0,0.0,7.7,0.0,888.58,7.7
99.0331,177.21,128.48,84.04,120.56,40.15,146.19,128.59,52.91,0.0,0.0,0.0,0.0,0.0,0.0,5.06,0.0,878.13,5.06
99.0431,165.0,118.03,77.0,120.56,40.15,148.39,130.57,52.91,0.0,0.0,0.0,0.0,0.0,0.0,5.06,0.0,852.61,5.06
99.0531,152.68,109.34,72.27,122.76,40.15,150.48,132.55,54.67,0.0,0.0,0.0,0.0,0.0,0.0,0.0,0.0,834.9,0.0
99.0631,140.47,98.34,65.12,124.96,42.35,152.57,134.64,54.67,0.0,0.0,0.0,0.0,0.0,0.0,0.0,0.0,813.12,0.0
99.0731,128.15,89.54,60.39,124.96,40.15,152.57,134.64,54.67,0.0,0.0,0.0,0.0,0.0,0.0,0.0,0.0,785.07,0.0
99.0831,115.83,80.74,53.24,127.27,40.15,154.66,136.62,54.67,0.0,0.0,0.0,0.0,0.0,0.0,0.0,0.0,763.18,0.0
99.0931,106.48,71.94,48.4,129.47,42.35,156.86,138.6,54.67,0.0,0.0,0.0,0.0,0.0,0.0,0.0,0.0,748.77,0.0
99.1031,95.48,65.34,43.56,129.47,42.35,158.95,140.69,56.54,0.0,0.0,0.0,0.0,0.0,0.0,0.0,0.0,732.38,0.0
99.1131,86.68,58.74,38.72,131.67,42.35,158.95,144.65,56.54,0.0,0.0,0.0,0.0,0.0,0.0,0.0,0.0,718.3,0.0
99.1231,77.77,50.6,33.88,131.67,42.35,161.04,148.72,56.54,0.0,0.0,0.0,0.0,0.0,0.0,0.0,0.0,702.57,0.0
99.1331,66.77,44.77,29.04,131.67,44.44,165.33,152.79,56.54,0.0,0.0,0.0,0.0,0.0,0.0,0.0,0.0,691.35,0.0
99.1431,55.77,38.94,24.2,131.67,44.44,167.53,158.84,56.54,0.0,0.0,0.0,0.0,0.0,0.0,0.0,0.0,677.93,0.0
99.1531,46.42,35.09,19.36,129.47,44.44,169.73,164.89,58.52,0.0,0.0,0.0,0.0,0.0,0.0,0.0,0.0,667.92,0.0
99.1631,34.76,29.15,16.94,127.27,44.44,169.73,173.03,58.52,0.0,0.0,0.0,0.0,0.0,0.0,0.0,0.0,653.84,0.0
99.1731,27.83,23.32,12.1,124.96,44.44,171.93,183.37,60.5,0.0,0.0,0.0,0.0,0.0,0.0,0.0,0.0,648.45,0.0
99.1831,23.21,19.47,12.1,122.76,46.53,174.13,193.71,62.59,0.0,0.0,0.0,0.0,0.0,0.0,0.0,0.0,654.5,0.0
99.1931,18.59,17.49,9.68,122.76,48.62,176.33,202.07,62.59,0.0,0.0,0.0,0.0,0.0,0.0,0.0,0.0,658.13,0.0
99.2031,16.17,13.64,9.68,120.56,46.53,180.73,210.32,64.57,0.0,0.0,0.0,0.0,0.0,0.0,0.0,0.0,662.2,0.0
99.2131,13.86,11.66,7.26,118.25,46.53,180.73,218.57,66.55,0.0,0.0,0.0,0.0,0.0,0.0,0.0,0.0,663.41,0.0
99.2231,11.55,9.68,7.26,116.05,48.62,182.93,229.24,66.55,0.0,0.0,0.0,0.0,0.0,0.0,0.0,0.0,671.88,0.0
99.2331,11.55,7.7,4.84,111.54,46.53,185.13,238.04,68.64,0.0,0.0,0.0,0.0,0.0,0.0,0.0,0.0,673.97,0.0
99.2431,9.24,7.7,4.84,107.14,46.53,187.33,246.84,70.62,3.41,0.0,0.0,0.0,0.0,0.0,0.0,0.0,680.24,3.41
99.2531,6.93,5.83,4.84,100.54,44.44,187.33,253.55,72.6,3.41,0.0,0.0,0.0,0.0,0.0,0.0,0.0,676.06,3.41
99.2631,4.62,5.83,0.0,91.74,44.44,187.33,262.35,74.69,5.17,0.0,0.0,0.0,0.0,0.0,0.0,0.0,671.0,5.17
99.2731,4.62,3.85,0.0,82.83,40.15,187.33,268.95,78.65,8.69,0.0,0.0,0.0,0.0,0.0,0.0,0.0,666.38,8.69
99.2831,0.0,3.85,0.0,74.03,38.06,185.13,271.15,84.81,19.25,4.62,0.0,0.0,0.0,0.0,0.0,0.0,657.03,23.87
99.293,0.0,3.85,0.0,60.83,33.88,182.93,273.35,88.77,59.84,13.97,0.0,0.0,0.0,0.0,0.0,0.0,643.61,73.81
99.303,0.0,3.85,0.0,51.7,27.5,178.53,271.15,94.82,189.2,49.17,14.3,0.0,0.0,0.0,0.0,0.0,627.55,252.67
99.313,0.0,0.0,0.0,39.6,21.12,169.73,268.95,98.89,203.17,63.36,26.29,22.55,0.0,0.0,5.06,0.0,598.29,320.43
99.323,0.0,0.0,0.0,29.26,14.74,154.66,262.35,100.87,193.82,89.32,38.28,53.68,0.0,0.0,10.23,0.0,561.88,385.33
99.333,0.0,0.0,0.0,20.68,10.56,135.63,255.75,104.94,193.82,101.2,47.85,78.21,0.0,33.22,15.4,4.18,527.56,473.88
99.343,0.0,0.0,0.0,13.75,6.27,112.42,244.64,104.94,193.82,110.66,52.69,87.56,0.0,56.98,25.63,10.56,482.02,537.9
99.353,0.0,0.0,0.0,11.99,6.27,83.27,229.24,104.94,191.51,118.03,55.11,97.02,5.5,67.54,38.5,12.65,435.71,585.86
99.363,0.0,0.0,0.0,10.34,6.27,50.71,199.98,100.87,191.51,123.09,57.75,103.29,5.5,75.68,46.2,16.94,368.17,619.96
99.373,0.0,0.0,0.0,8.58,6.27,33.22,154.77,88.77,196.24,130.57,63.25,109.56,8.25,86.46,53.9,21.12,291.61,669.35
99.383,0.0,0.0,0.0,6.82,6.27,23.43,99.99,74.69,205.48,140.58,68.75,115.94,11.0,94.6,62.48,25.41,211.2,724.24
99.393,0.0,0.0,0.0,5.17,4.18,19.47,53.46,56.54,219.34,150.59,76.89,122.21,11.0,100.1,68.42,27.5,138.82,776.05
99.403,0.0,0.0,0.0,3.41,0.0,15.62,38.17,42.35,231.44,158.07,82.39,128.48,13.75,105.49,74.36,29.59,99.55,823.57
99.413,0.0,0.0,0.0,0.0,0.0,11.66,28.93,30.03,241.23,163.13,87.78,137.94,13.75,113.63,80.3,31.79,70.62,869.55
99.423,0.0,0.0,0.0,0.0,0.0,9.68,24.42,19.36,243.76,168.19,90.53,147.51,16.5,121.88,86.35,33.88,53.46,908.6
99.433,0.0,0.0,0.0,0.0,0.0,7.81,18.26,12.32,241.23,170.61,90.53,160.05,16.5,130.02,89.32,35.97,38.39,934.23
99.443,0.0,0.0,0.0,0.0,0.0,5.83,13.75,5.28,233.86,173.03,90.53,172.81,16.5,135.41,92.29,35.97,24.86,950.4
99.453,0.0,0.0,0.0,0.0,0.0,3.85,10.67,5.28,224.07,173.03,85.03,185.57,16.5,143.66,95.26,38.06,19.8,961.18
99.463,0.0,0.0,0.0,0.0,0.0,3.85,10.67,5.28,217.03,173.03,85.03,195.14,19.25,149.05,95.26,38.06,19.8,971.85
99.473,0.0,0.0,0.0,0.0,0.0,3.85,9.13,3.52,210.1,170.61,85.03,204.82,19.25,154.55,101.2,40.26,16.5,985.82
99.483,0.0,0.0,0.0,0.0,0.0,3.85,7.59,3.52,203.17,165.66,82.39,211.2,19.25,159.94,104.17,42.35,14.96,988.13
99.493,0.0,0.0,0.0,0.0,0.0,0.0,6.05,3.52,191.51,158.07,79.64,217.58,19.25,162.69,107.14,42.35,9.57,978.23
99.503,0.0,0.0,0.0,0.0,0.0,0.0,4.51,0.0,179.96,150.59,74.14,220.77,22.0,168.19,110.22,44.44,4.51,970.31
99.513,0.0,0.0,0.0,0.0,0.0,0.0,2.97,0.0,168.41,143.11,71.39,224.07,22.0,170.83,110.22,44.44,2.97,954.47
99.523,0.0,0.0,0.0,0.0,0.0,0.0,2.97,0.0,157.63,135.52,66.0,229.79,22.0,173.47,113.08,44.44,2.97,941.93
99.533,0.0,0.0,0.0,0.0,0.0,0.0,0.0,0.0,146.96,128.04,63.25,232.76,22.0,176.22,115.94,46.53,0.0,931.7
99.543,0.0,0.0,0.0,0.0,0.0,0.0,0.0,0.0,136.4,120.56,60.5,235.62,22.0,178.86,115.94,46.53,0.0,916.41
99.553,0.0,0.0,0.0,0.0,0.0,0.0,0.0,0.0,125.84,113.08,55.11,241.45,24.75,184.25,118.91,48.73,0.0,912.12
99.563,0.0,0.0,0.0,0.0,0.0,0.0,0.0,0.0,115.28,105.93,52.69,244.42,24.75,189.64,121.77,48.73,0.0,903.21
99.573,0.0,0.0,0.0,0.0,0.0,0.0,0.0,0.0,105.71,98.78,50.27,250.14,24.75,192.39,124.63,50.82,0.0,897.49
99.583,0.0,0.0,0.0,0.0,0.0,0.0,0.0,0.0,98.01,91.74,47.85,253.11,24.75,197.67,127.6,50.82,0.0,891.55
99.593,0.0,0.0,0.0,0.0,0.0,0.0,0.0,0.0,90.42,87.01,45.43,255.97,24.75,203.06,133.32,52.91,0.0,892.87
99.603,0.0,0.0,0.0,0.0,0.0,0.0,0.0,0.0,82.72,79.86,43.12,255.97,27.5,208.45,139.15,57.53,0.0,894.3
99.613,0.0,0.0,0.0,0.0,0.0,0.0,0.0,0.0,77.0,75.13,40.7,258.94,27.5,213.84,142.12,59.95,0.0,895.18
99.623,0.0,0.0,0.0,0.0,0.0,0.0,0.0,0.0,69.41,70.4,38.28,258.94,27.5,219.23,147.84,62.37,0.0,893.97
99.633,0.0,0.0,0.0,0.0,0.0,0.0,0.0,0.0,63.69,65.67,35.86,258.94,27.5,221.98,153.67,67.32,0.0,894.63
99.643,0.0,0.0,0.0,0.0,0.0,0.0,0.0,0.0,57.97,58.63,35.86,261.8,30.25,227.48,159.5,69.74,0.0,901.23
99.653,0.0,0.0,0.0,0.0,0.0,0.0,0.0,0.0,52.69,53.9,33.44,261.8,30.25,233.09,165.33,72.16,0.0,902.66
99.663,0.0,0.0,0.0,0.0,0.0,0.0,0.0,0.0,45.65,49.17,28.71,261.8,30.25,238.7,174.24,77.11,0.0,905.63
99.673,0.0,0.0,0.0,0.0,0.0,0.0,0.0,0.0,40.37,44.55,26.29,258.94,30.25,241.45,180.18,79.53,0.0,901.56
99.683,0.0,0.0,0.0,0.0,0.0,0.0,0.0,0.0,35.09,37.51,23.87,258.94,33.0,244.31,189.09,81.95,0.0,903.76
99.693,0.0,0.0,0.0,0.0,0.0,0.0,0.0,0.0,28.05,32.78,21.56,253.11,33.0,247.06,201.08,86.9,0.0,903.54
99.703,0.0,0.0,0.0,0.0,0.0,0.0,0.0,0.0,21.01,25.74,16.72,250.14,33.0,252.67,209.99,89.32,0.0,898.59
99.713,0.0,0.0,0.0,0.0,0.0,0.0,0.0,0.0,17.49,21.01,14.3,244.42,33.0,255.42,218.9,94.27,0.0,898.81
99.723,0.0,0.0,0.0,0.0,0.0,0.0,0.0,0.0,13.97,16.39,11.88,235.62,33.0,258.28,230.45,96.69,0.0,896.28
99.733,0.0,0.0,0.0,0.0,0.0,0.0,0.0,0.0,12.21,11.66,9.57,226.93,33.0,261.03,238.92,101.53,0.0,894.85
99.743,0.0,0.0,0.0,0.0,0.0,0.0,0.0,0.0,8.69,9.35,7.15,214.39,33.0,261.03,247.39,106.48,0.0,887.48
99.753,4.62,0.0,0.0,0.0,0.0,0.0,0.0,0.0,8.69,6.93,4.73,198.44,30.25,261.03,253.0,111.32,4.62,874.39
99.763,6.93,0.0,0.0,0.0,0.0,0.0,0.0,0.0,6.93,4.62,0.0,182.38,30.25,261.03,258.72,116.05,6.93,859.98
99.773,16.17,3.85,0.0,0.0,0.0,0.0,0.0,0.0,5.17,4.62,0.0,163.24,27.5,258.28,261.47,120.45,20.02,840.73
99.783,44.11,9.68,0.0,0.0,0.0,0.0,0.0,0.0,5.17,4.62,0.0,144.32,22.0,258.28,261.47,124.96,53.79,820.82
99.793,155.21,36.96,4.84,0.0,0.0,0.0,0.0,0.0,3.41,0.0,0.0,125.4,19.25,252.67,261.47,129.47,197.01,791.67
99.803,238.92,71.94,26.62,5.17,0.0,0.0,0.0,0.0,3.41,0.0,0.0,100.21,13.75,247.06,258.72,133.87,342.65,757.02
99.813,228.58,96.14,41.14,22.33,0.0,5.83,0.0,0.0,0.0,0.0,0.0,75.02,11.0,233.09,255.86,138.38,394.02,713.35
99.823,225.94,128.48,55.77,32.67,0.0,11.66,0.0,5.28,0.0,0.0,0.0,50.82,5.5,208.45,250.14,142.89,459.8,657.8
99.833,225.94,145.2,62.81,46.53,0.0,21.45,2.97,7.04,0.0,0.0,0.0,31.02,5.5,176.22,244.53,142.89,511.94,600.16
99.843,225.94,159.83,65.12,55.11,0.0,35.09,6.05,10.56,0.0,0.0,0.0,19.8,5.5,127.27,236.06,142.89,557.7,531.52
99.853,220.88,166.1,65.12,65.23,0.0,46.86,9.13,14.08,0.0,0.0,0.0,16.94,5.5,75.68,209.99,136.18,587.4,444.29
99.863,220.88,175.12,69.85,74.03,0.0,60.83,16.72,17.6,0.0,0.0,0.0,14.08,5.5,47.52,165.33,122.76,635.03,355.19
99.873,223.41,184.25,74.58,82.83,4.18,69.74,25.96,19.36,0.0,0.0,0.0,11.22,8.25,30.8,113.08,108.9,684.31,272.25
99.883,228.58,188.76,81.73,89.54,8.47,80.96,38.17,22.88,0.0,0.0,0.0,11.22,5.5,26.07,68.42,86.9,739.09,198.11
99.893,238.92,197.78,88.77,96.14,12.65,89.98,48.84,26.4,0.0,0.0,0.0,8.47,5.5,21.34,43.67,59.95,799.48,138.93
99.903,241.45,200.09,95.81,102.74,16.94,98.89,56.54,30.03,0.0,0.0,0.0,5.61,0.0,14.19,30.8,33.88,842.49,84.48
99.913,241.45,200.09,98.23,111.54,21.12,107.91,63.69,31.79,0.0,0.0,0.0,0.0,0.0,11.88,20.46,12.65,875.82,44.99
99.923,233.75,197.78,98.23,120.56,23.21,116.6,70.95,33.55,0.0,0.0,0.0,0.0,0.0,7.04,15.4,6.27,894.63,28.71
99.933,225.94,193.27,95.81,129.47,25.41,125.07,76.45,35.31,0.0,0.0,0.0,0.0,0.0,4.73,15.4,6.27,906.73,26.4
99.943,213.62,184.25,91.08,138.38,27.5,133.54,81.84,37.07,0.0,0.0,0.0,0.0,0.0,4.73,12.76,4.18,907.28,21.67
99.953,199.1,172.81,86.35,147.4,29.59,139.92,87.23,38.83,0.0,0.0,0.0,0.0,0.0,4.73,10.23,0.0,901.23,14.96
99.963,186.89,159.83,81.73,151.8,29.59,146.19,92.73,40.59,0.0,0.0,0.0,0.0,0.0,0.0,10.23,0.0,889.35,10.23
99.973,177.21,149.38,77.0,156.31,31.68,150.48,98.12,44.11,0.0,0.0,0.0,0.0,0.0,0.0,7.7,0.0,884.29,7.7
99.983,165.0,138.93,74.58,160.82,33.88,154.66,103.62,45.87,0.0,0.0,0.0,0.0,0.0,0.0,7.7,0.0,877.36,7.7
99.993,152.68,128.48,67.54,165.33,33.88,158.95,105.38,47.63,0.0,0.0,0.0,0.0,0.0,0.0,5.06,0.0,859.87,5.06
100.003,140.47,115.94,60.39,167.64,35.97,163.13,109.01,49.39,0.0,0.0,0.0,0.0,0.0,0.0,5.06,0.0,841.94,5.06
100.013,125.73,104.94,55.77,172.37,35.97,165.33,110.88,51.15,0.0,0.0,0.0,0.0,0.0,0.0,5.06,0.0,822.14,5.06
100.023,113.41,93.94,48.4,174.68,35.97,167.53,112.64,51.15,0.0,0.0,0.0,0.0,0.0,0.0,0.0,0.0,797.72,0.0
100.033,102.08,82.94,43.56,177.1,35.97,169.73,114.51,51.15,0.0,0.0,0.0,0.0,0.0,0.0,0.0,0.0,777.04,0.0
100.043,91.08,74.14,38.72,177.1,35.97,171.93,114.51,52.91,0.0,0.0,0.0,0.0,0.0,0.0,0.0,0.0,756.36,0.0
100.053,82.17,65.34,33.88,179.41,35.97,174.13,116.49,52.91,0.0,0.0,0.0,0.0,0.0,0.0,0.0,0.0,740.3,0.0
100.063,73.37,56.54,31.46,179.41,35.97,174.13,116.49,52.91,0.0,0.0,0.0,0.0,0.0,0.0,0.0,0.0,720.28,0.0
100.073,64.57,50.6,26.62,179.41,35.97,174.13,118.47,52.91,0.0,0.0,0.0,0.0,0.0,0.0,0.0,0.0,702.68,0.0
100.083,55.77,44.77,21.78,179.41,33.88,176.33,120.45,52.91,0.0,0.0,0.0,0.0,0.0,0.0,0.0,0.0,685.3,0.0
100.093,46.42,40.92,19.36,179.41,35.97,178.53,122.54,52.91,0.0,0.0,0.0,0.0,0.0,0.0,0.0,0.0,676.06,0.0
100.103,39.49,35.09,16.94,177.1,35.97,178.53,126.5,54.67,0.0,0.0,0.0,0.0,0.0,0.0,0.0,0.0,664.29,0.0
100.113,30.14,31.13,14.52,177.1,35.97,180.73,130.57,54.67,0.0,0.0,0.0,0.0,0.0,0.0,0.0,0.0,654.83,0.0
100.123,25.52,27.28,14.52,172.37,35.97,182.93,136.62,56.54,0.0,0.0,0.0,0.0,0.0,0.0,0.0,0.0,651.75,0.0
100.133,20.9,25.3,12.1,169.95,35.97,185.13,142.67,56.54,0.0,0.0,0.0,0.0,0.0,0.0,0.0,0.0,648.56,0.0
100.143,18.59,21.34,9.68,167.64,38.06,187.33,150.7,58.52,0.0,0.0,0.0,0.0,0.0,0.0,0.0,0.0,651.86,0.0
100.153,16.17,19.47,9.68,165.33,35.97,189.53,156.75,60.5,0.0,0.0,0.0,0.0,0.0,0.0,0.0,0.0,653.4,0.0
100.163,13.86,15.51,7.26,163.02,38.06,191.73,164.89,62.59,0.0,0.0,0.0,0.0,0.0,0.0,0.0,0.0,656.92,0.0
100.173,13.86,13.64,7.26,160.82,38.06,194.04,173.03,64.57,0.0,0.0,0.0,0.0,0.0,0.0,0.0,0.0,665.28,0.0
100.183,11.55,11.66,7.26,158.51,40.15,196.24,181.28,66.55,0.0,0.0,0.0,0.0,0.0,0.0,0.0,0.0,673.2,0.0
100.193,11.55,9.68,7.26,154.11,40.15,198.44,189.64,66.55,0.0,0.0,0.0,0.0,0.0,0.0,0.0,0.0,677.38,0.0
100.203,9.24,7.7,4.84,151.8,40.15,200.64,197.89,70.62,0.0,0.0,0.0,0.0,0.0,0.0,0.0,0.0,682.88,0.0
100.213,9.24,7.7,4.84,147.4,40.15,202.84,206.14,72.6,0.0,0.0,0.0,0.0,0.0,0.0,0.0,0.0,690.91,0.0
100.223,6.93,5.83,4.84,140.69,40.15,205.04,214.39,74.69,0.0,0.0,0.0,0.0,0.0,0.0,0.0,0.0,692.56,0.0
100.233,6.93,5.83,0.0,133.98,38.06,205.04,222.75,76.67,0.0,0.0,0.0,0.0,0.0,0.0,0.0,0.0,689.26,0.0
100.243,4.62,5.83,0.0,124.96,38.06,205.04,229.24,78.65,0.0,0.0,0.0,0.0,0.0,0.0,0.0,0.0,686.4,0.0
100.253,4.62,3.85,0.0,116.05,35.97,205.04,235.84,82.72,0.0,0.0,0.0,0.0,0.0,0.0,0.0,0.0,684.09,0.0
100.263,4.62,3.85,0.0,104.94,33.88,202.84,238.04,84.81,0.0,0.0,0.0,0.0,0.0,0.0,0.0,0.0,672.98,0.0
100.273,0.0,3.85,0.0,91.74,29.59,200.64,240.24,88.77,5.17,0.0,0.0,0.0,0.0,0.0,0.0,0.0,654.83,5.17
100.283,0.0,0.0,0.0,80.63,25.41,198.44,240.24,90.86,15.73,4.62,0.0,0.0,0.0,0.0,0.0,0.0,635.58,20.35
100.293,0.0,3.85,0.0,69.63,23.21,196.24,240.24,92.84,59.84,13.97,0.0,0.0,0.0,0.0,0.0,0.0,626.01,73.81
100.303,0.0,0.0,0.0,56.87,16.94,189.53,238.04,96.91,186.89,49.17,11.88,0.0,0.0,0.0,0.0,0.0,598.29,247.94
100.313,0.0,0.0,0.0,43.01,12.65,178.53,233.64,98.89,191.51,68.09,23.87,25.41,0.0,0.0,7.7,0.0,566.72,316.58
100.323,0.0,0.0,0.0,32.67,10.56,163.13,227.04,100.87,193.82,96.47,35.86,53.68,0.0,0.0,7.7,0.0,534.27,387.53
100.333,0.0,0.0,0.0,22.33,6.27,144.1,222.75,100.87,200.86,115.5,45.43,81.29,0.0,18.92,12.76,0.0,496.32,474.76
100.343,0.0,0.0,0.0,15.51,6.27,116.6,212.41,100.87,203.17,128.04,50.27,100.21,0.0,40.37,15.4,4.18,451.66,541.64
100.353,0.0,0.0,0.0,13.75,6.27,83.27,195.8,96.91,198.55,135.52,52.69,112.75,0.0,59.4,20.46,8.47,396.0,587.84
100.363,0.0,0.0,0.0,11.99,6.27,52.69,164.89,90.86,193.82,138.05,52.69,122.21,0.0,72.93,25.63,12.65,326.7,617.98
100.373,0.0,0.0,0.0,10.34,6.27,35.09,120.45,78.65,198.55,145.64,57.75,131.67,5.5,83.82,41.03,16.94,250.8,680.9
100.383,0.0,0.0,0.0,8.58,6.27,23.43,74.58,66.55,203.17,155.65,60.5,141.13,8.25,94.6,48.73,21.12,179.41,733.15
100.393,0.0,0.0,0.0,5.17,4.18,19.47,45.76,49.39,212.41,163.13,66.0,150.59,11.0,102.74,59.51,23.21,123.97,788.59
100.403,0.0,0.0,0.0,5.17,0.0,15.62,33.55,35.31,221.65,170.61,74.14,160.05,13.75,113.63,71.39,27.5,89.65,852.72
100.413,0.0,0.0,0.0,3.41,0.0,11.66,27.5,22.88,226.49,175.45,79.64,169.62,13.75,121.88,80.3,29.59,65.45,896.72
100.423,0.0,0.0,0.0,0.0,0.0,9.68,21.34,15.84,226.49,180.29,79.64,182.38,16.5,130.02,86.35,31.79,46.86,933.46
100.433,0.0,0.0,0.0,0.0,0.0,7.81,15.18,8.8,221.65,182.71,79.64,198.44,16.5,138.16,89.32,33.88,31.79,960.3
100.443,0.0,0.0,0.0,0.0,0.0,5.83,10.67,5.28,212.41,182.71,76.89,211.2,19.25,146.3,92.29,35.97,21.78,977.02
100.453,0.0,0.0,0.0,0.0,0.0,5.83,10.67,5.28,203.17,180.29,76.89,226.93,19.25,154.55,95.26,35.97,21.78,992.31
100.463,0.0,0.0,0.0,0.0,0.0,3.85,7.59,3.52,196.24,175.45,74.14,235.62,19.25,159.94,98.23,38.06,14.96,996.93
100.473,0.0,0.0,0.0,0.0,0.0,0.0,7.59,3.52,184.58,170.61,71.39,244.42,19.25,165.44,101.2,40.26,11.11,997.15
100.483,0.0,0.0,0.0,0.0,0.0,0.0,6.05,3.52,173.03,163.13,68.75,250.14,22.0,170.83,104.17,40.26,9.57,992.31
100.493,0.0,0.0,0.0,0.0,0.0,0.0,4.51,0.0,159.72,155.65,66.0,258.94,22.0,173.47,107.14,42.35,4.51,985.27
100.503,0.0,0.0,0.0,0.0,0.0,0.0,2.97,0.0,146.96,145.64,60.5,264.77,22.0,178.86,107.14,42.35,2.97,968.22
100.513,0.0,0.0,0.0,0.0,0.0,0.0,2.97,0.0,136.4,135.52,55.11,267.63,22.0,181.61,107.14,42.35,2.97,947.76
100.523,0.0,0.0,0.0,0.0,0.0,0.0,0.0,0.0,123.75,125.51,52.69,270.6,22.0,184.25,110.22,42.35,0.0,931.37
100.533,0.0,0.0,0.0,0.0,0.0,0.0,0.0,0.0,113.3,115.5,47.85,273.46,22.0,187.0,110.22,42.35,0.0,911.68
100.543,0.0,0.0,0.0,0.0,0.0,0.0,0.0,0.0,103.73,108.24,45.43,276.43,22.0,189.64,110.22,44.44,0.0,900.13
100.553,0.0,0.0,0.0,0.0,0.0,0.0,0.0,0.0,94.16,101.2,43.12,279.51,22.0,189.64,113.08,44.44,0.0,887.15
100.563,0.0,0.0,0.0,0.0,0.0,0.0,0.0,0.0,86.57,91.74,40.7,282.7,24.75,195.03,113.08,44.44,0.0,879.01
100.573,0.0,0.0,0.0,0.0,0.0,0.0,0.0,0.0,78.98,84.59,38.28,285.89,24.75,197.67,115.94,46.53,0.0,872.63
100.583,0.0,0.0,0.0,0.0,0.0,0.0,0.0,0.0,71.28,79.86,35.86,288.97,24.75,203.06,118.91,46.53,0.0,869.22
100.593,0.0,0.0,0.0,0.0,0.0,0.0,0.0,0.0,63.69,72.82,33.44,288.97,24.75,208.45,121.77,48.73,0.0,862.62
100.603,0.0,0.0,0.0,0.0,0.0,0.0,0.0,0.0,57.97,68.09,31.13,292.16,24.75,213.84,124.63,48.73,0.0,861.3
100.613,0.0,0.0,0.0,0.0,0.0,0.0,0.0,0.0,52.69,63.36,28.71,292.16,24.75,219.23,130.46,50.82,0.0,862.18
100.623,0.0,0.0,0.0,0.0,0.0,0.0,0.0,0.0,49.17,58.63,28.71,292.16,24.75,224.73,136.29,52.91,0.0,867.35
100.633,0.0,0.0,0.0,0.0,0.0,0.0,0.0,0.0,45.65,53.9,26.29,292.16,27.5,230.34,139.15,57.53,0.0,872.52
100.643,0.0,0.0,0.0,0.0,0.0,0.0,0.0,0.0,40.37,51.59,23.87,292.16,27.5,235.95,144.98,59.95,0.0,876.37
100.653,0.0,0.0,0.0,0.0,0.0,0.0,0.0,0.0,36.85,49.17,23.87,292.16,27.5,241.45,153.67,64.9,0.0,889.57
100.663,0.0,0.0,0.0,0.0,0.0,0.0,0.0,0.0,33.33,44.55,21.56,295.35,27.5,247.06,159.5,69.74,0.0,898.59
100.673,0.0,0.0,0.0,0.0,0.0,0.0,0.0,0.0,29.81,42.13,21.56,295.35,27.5,252.67,168.3,74.69,0.0,912.01
100.683,0.0,0.0,0.0,0.0,0.0,0.0,0.0,0.0,24.53,37.51,16.72,295.35,30.25,258.28,180.18,79.53,0.0,922.35
100.693,0.0,0.0,0.0,0.0,0.0,0.0,0.0,0.0,19.25,30.47,14.3,292.16,30.25,263.89,189.09,84.48,0.0,923.89
100.703,0.0,0.0,0.0,0.0,0.0,0.0,0.0,0.0,15.73,23.43,11.88,288.97,30.25,266.64,195.14,89.32,0.0,921.36
100.713,0.0,0.0,0.0,0.0,0.0,0.0,0.0,0.0,13.97,18.7,11.88,282.7,30.25,272.25,204.05,91.74,0.0,925.54
100.7229,0.0,0.0,0.0,0.0,0.0,0.0,0.0,0.0,10.45,13.97,9.57,273.46,30.25,275.0,209.99,96.69,0.0,919.38
100.7329,0.0,0.0,0.0,0.0,0.0,0.0,0.0,0.0,8.69,11.66,7.15,264.77,30.25,275.0,215.93,99.11,0.0,912.56
100.7429,0.0,0.0,0.0,0.0,0.0,0.0,0.0,0.0,6.93,9.35,4.73,253.11,27.5,275.0,221.98,104.06,0.0,902.66
100.7529,0.0,0.0,0.0,0.0,0.0,0.0,0.0,0.0,6.93,6.93,4.73,238.59,27.5,275.0,224.73,106.48,0.0,890.89
100.7629,0.0,0.0,0.0,0.0,0.0,0.0,0.0,0.0,5.17,6.93,0.0,220.77,24.75,275.0,227.59,108.9,0.0,869.11
100.7729,6.93,0.0,0.0,0.0,0.0,0.0,0.0,0.0,5.17,4.62,0.0,201.63,22.0,275.0,227.59,113.85,6.93,849.86
100.7829,18.59,3.85,0.0,0.0,0.0,0.0,0.0,0.0,3.41,4.62,0.0,179.19,19.25,272.25,227.59,116.05,22.44,822.36
100.7929,55.77,9.68,0.0,0.0,0.0,0.0,0.0,0.0,3.41,0.0,0.0,160.05,13.75,269.39,224.73,120.45,65.45,791.78
100.8029,172.37,40.92,4.84,0.0,0.0,0.0,0.0,0.0,3.41,0.0,0.0,137.94,11.0,266.64,224.73,124.96,218.13,768.68
100.8129,220.88,65.34,19.36,5.17,0.0,0.0,0.0,0.0,0.0,0.0,0.0,112.75,8.25,258.28,221.98,129.47,310.75,730.73
100.8229,216.04,89.54,33.88,18.92,0.0,3.85,0.0,0.0,0.0,0.0,0.0,84.48,5.5,241.45,218.9,131.67,362.23,682.0
100.8329,218.46,115.94,45.98,25.85,0.0,7.81,0.0,0.0,0.0,0.0,0.0,56.54,0.0,219.23,215.93,136.18,414.04,627.88
100.8429,220.88,136.84,53.24,36.19,0.0,11.66,0.0,3.52,0.0,0.0,0.0,36.74,5.5,187.0,212.96,140.58,462.33,582.78
100.8529,225.94,153.56,58.08,49.94,0.0,21.45,2.97,5.28,0.0,0.0,0.0,25.41,5.5,143.66,204.05,140.58,517.22,519.2
100.8629,223.41,164.01,60.39,58.63,0.0,33.22,4.51,8.8,0.0,0.0,0.0,19.8,8.25,89.21,183.15,133.87,552.97,434.28
100.8729,225.94,172.81,65.12,69.63,0.0,48.84,9.13,12.32,0.0,0.0,0.0,16.94,8.25,54.56,147.84,124.96,603.79,352.55
100.8829,233.75,186.45,72.27,78.43,0.0,63.03,18.26,15.84,0.0,0.0,0.0,14.08,8.25,37.95,104.17,111.32,668.03,275.77
100.8929,244.09,195.58,81.73,85.03,6.27,72.05,28.93,19.36,0.0,0.0,0.0,14.08,8.25,26.07,65.45,96.69,733.04,210.54
100.9029,254.43,202.4,88.77,89.54,10.56,83.27,41.25,22.88,0.0,0.0,0.0,11.22,5.5,21.34,43.67,72.16,793.1,153.89
100.9129,259.6,209.11,98.23,96.14,16.94,92.18,50.38,26.4,0.0,0.0,0.0,8.47,0.0,16.61,35.97,44.44,848.98,105.49
100.9229,259.6,211.42,100.54,100.54,19.03,101.2,58.3,28.27,0.0,0.0,0.0,5.61,0.0,11.88,25.63,21.12,878.9,64.24
100.9329,257.07,209.11,102.96,107.14,21.12,110.11,65.56,31.79,0.0,0.0,0.0,5.61,0.0,9.46,17.93,6.27,904.86,39.27
100.9429,249.26,204.6,100.54,116.05,25.41,116.6,72.82,33.55,0.0,0.0,0.0,0.0,0.0,7.04,12.76,4.18,918.83,23.98
100.9529,238.92,197.78,98.23,122.76,25.41,125.07,78.21,35.31,0.0,0.0,0.0,0.0,0.0,4.73,12.76,4.18,921.69,21.67
100.9629,223.41,188.76,93.5,131.67,27.5,131.45,85.47,35.31,0.0,0.0,0.0,0.0,0.0,4.73,10.23,0.0,917.07,14.96
100.9729,208.78,175.12,91.08,138.38,29.59,139.92,90.86,38.83,0.0,0.0,0.0,0.0,0.0,4.73,10.23,0.0,912.56,14.96
100.9829,196.68,161.92,86.35,145.09,31.68,144.1,96.36,40.59,0.0,0.0,0.0,0.0,0.0,0.0,7.7,0.0,902.77,7.7
100.9929,182.05,151.47,81.73,149.6,35.97,150.48,101.75,44.11,0.0,0.0,0.0,0.0,0.0,0.0,5.06,0.0,897.16,5.06
101.0029,169.95,138.93,74.58,154.11,35.97,154.66,107.25,45.87,0.0,0.0,0.0,0.0,0.0,0.0,5.06,0.0,881.32,5.06
101.0129,155.21,128.48,69.85,158.51,38.06,158.95,110.88,47.63,0.0,0.0,0.0,0.0,0.0,0.0,5.06,0.0,867.57,5.06
101.0229,137.94,113.85,62.81,163.02,38.06,163.13,114.51,49.39,0.0,0.0,0.0,0.0,0.0,0.0,0.0,0.0,842.71,0.0
101.0329,123.2,102.74,55.77,165.33,40.15,167.53,116.49,51.15,0.0,0.0,0.0,0.0,0.0,0.0,0.0,0.0,822.36,0.0
101.0429,108.68,89.54,48.4,169.95,40.15,169.73,118.47,51.15,0.0,0.0,0.0,0.0,0.0,0.0,0.0,0.0,796.07,0.0
101.0529,97.68,78.54,43.56,172.37,40.15,171.93,120.45,52.91,0.0,0.0,0.0,0.0,0.0,0.0,0.0,0.0,777.59,0.0
101.0629,84.48,69.74,36.3,174.68,40.15,176.33,122.54,52.91,0.0,0.0,0.0,0.0,0.0,0.0,0.0,0.0,757.13,0.0
101.0729,75.57,60.94,31.46,177.1,40.15,178.53,124.52,54.67,0.0,0.0,0.0,0.0,0.0,0.0,0.0,0.0,742.94,0.0
101.0829,64.57,54.56,26.62,174.68,40.15,178.53,128.59,54.67,0.0,0.0,0.0,0.0,0.0,0.0,0.0,0.0,722.37,0.0
101.0929,57.97,48.73,21.78,172.37,40.15,178.53,132.55,54.67,0.0,0.0,0.0,0.0,0.0,0.0,0.0,0.0,706.75,0.0
101.1029,51.04,42.79,19.36,169.95,40.15,180.73,136.62,54.67,0.0,0.0,0.0,0.0,0.0,0.0,0.0,0.0,695.31,0.0
101.1129,44.11,38.94,16.94,167.64,40.15,180.73,140.69,54.67,0.0,0.0,0.0,0.0,0.0,0.0,0.0,0.0,683.87,0.0
101.1229,37.18,33.11,16.94,163.02,40.15,180.73,144.65,54.67,0.0,0.0,0.0,0.0,0.0,0.0,0.0,0.0,670.45,0.0
101.1329,32.45,29.15,14.52,160.82,42.35,182.93,148.72,54.67,0.0,0.0,0.0,0.0,0.0,0.0,0.0,0.0,665.61,0.0
101.1429,27.83,25.3,12.1,156.31,42.35,182.93,154.77,56.54,0.0,0.0,0.0,0.0,0.0,0.0,0.0,0.0,658.13,0.0
101.1529,20.9,23.32,9.68,154.11,42.35,182.93,160.82,56.54,0.0,0.0,0.0,0.0,0.0,0.0,0.0,0.0,650.65,0.0
101.1629,18.59,19.47,9.68,149.6,42.35,185.13,166.87,56.54,0.0,0.0,0.0,0.0,0.0,0.0,0.0,0.0,648.23,0.0
101.1729,16.17,15.51,9.68,145.09,44.44,187.33,175.12,58.52,0.0,0.0,0.0,0.0,0.0,0.0,0.0,0.0,651.86,0.0
101.1829,13.86,13.64,7.26,142.89,44.44,187.33,183.37,60.5,0.0,0.0,0.0,0.0,0.0,0.0,0.0,0.0,653.29,0.0
101.1929,11.55,11.66,7.26,140.69,44.44,189.53,191.62,60.5,0.0,0.0,0.0,0.0,0.0,0.0,0.0,0.0,657.25,0.0
101.2029,11.55,9.68,7.26,136.18,44.44,191.73,199.98,62.59,0.0,0.0,0.0,0.0,0.0,0.0,0.0,0.0,663.41,0.0
101.2129,9.24,9.68,4.84,133.98,44.44,194.04,206.14,64.57,0.0,0.0,0.0,0.0,0.0,0.0,0.0,0.0,666.93,0.0
101.2229,6.93,7.7,4.84,129.47,44.44,194.04,214.39,66.55,0.0,0.0,0.0,0.0,0.0,0.0,0.0,0.0,668.36,0.0
101.2329,6.93,5.83,4.84,122.76,44.44,196.24,220.66,66.55,0.0,0.0,0.0,0.0,0.0,0.0,0.0,0.0,668.25,0.0
101.2429,4.62,5.83,0.0,118.25,42.35,196.24,229.24,68.64,0.0,0.0,0.0,0.0,0.0,0.0,0.0,0.0,665.17,0.0
101.2529,4.62,5.83,0.0,109.34,42.35,196.24,235.84,72.6,0.0,0.0,0.0,0.0,0.0,0.0,0.0,0.0,666.82,0.0
101.2629,4.62,3.85,0.0,100.54,40.15,196.24,242.44,74.69,0.0,0.0,0.0,0.0,0.0,0.0,0.0,0.0,662.53,0.0
101.2729,4.62,3.85,0.0,91.74,38.06,198.44,246.84,78.65,3.41,0.0,0.0,0.0,0.0,0.0,0.0,0.0,662.2,3.41
101.2829,0.0,3.85,0.0,80.63,33.88,196.24,249.04,84.81,8.69,0.0,0.0,0.0,0.0,0.0,0.0,0.0,648.45,8.69
101.2929,0.0,3.85,0.0,69.63,29.59,194.04,251.35,88.77,24.53,4.62,0.0,0.0,0.0,0.0,0.0,0.0,637.23,29.15
101.3029,0.0,0.0,0.0,58.63,25.41,189.53,251.35,94.82,103.73,25.74,4.73,0.0,0.0,0.0,0.0,0.0,619.74,134.2
101.3129,0.0,0.0,0.0,46.53,19.03,182.93,251.35,98.89,205.48,53.9,19.14,0.0,0.0,0.0,5.06,0.0,598.73,283.58
101.3229,0.0,0.0,0.0,34.43,14.74,169.73,246.84,102.96,184.58,68.09,31.13,31.02,0.0,0.0,10.23,0.0,568.7,325.05
101.3329,0.0,0.0,0.0,24.09,10.56,150.48,242.44,104.94,193.82,96.47,45.43,65.67,0.0,11.88,15.4,0.0,532.51,428.67
101.3429,0.0,0.0,0.0,17.16,8.47,127.16,238.04,109.01,207.79,115.5,57.75,84.48,5.5,45.1,23.1,8.47,499.84,547.69
101.3529,0.0,0.0,0.0,13.75,6.27,96.69,224.84,106.92,212.41,125.51,63.25,97.02,5.5,59.4,33.33,12.65,448.47,609.07
101.3629,0.0,0.0,0.0,11.99,6.27,63.03,199.98,102.96,207.79,130.57,63.25,106.48,8.25,67.54,41.03,14.74,384.23,639.65
101.3729,0.0,0.0,0.0,10.34,6.27,39.05,156.75,94.82,203.17,133.1,66.0,112.75,8.25,75.68,46.2,19.03,307.23,664.18
101.3829,0.0,0.0,0.0,8.58,6.27,27.28,101.75,80.74,205.48,140.58,68.75,122.21,8.25,89.21,56.54,23.21,224.62,714.23
101.3929,0.0,0.0,0.0,6.82,4.18,21.45,55.0,64.57,210.1,148.06,74.14,131.67,11.0,97.35,65.45,25.41,152.02,763.18
101.4029,0.0,0.0,0.0,5.17,4.18,17.49,38.17,47.63,217.03,155.65,82.39,141.13,13.75,108.24,74.36,29.59,112.64,822.14
101.4129,0.0,0.0,0.0,3.41,0.0,13.64,30.47,33.55,224.07,160.6,87.78,147.51,16.5,119.13,83.27,31.79,81.07,870.65
101.4229,0.0,0.0,0.0,3.41,0.0,11.66,24.42,21.12,228.91,165.66,93.28,153.78,16.5,127.27,92.29,35.97,60.61,913.66
101.4329,0.0,0.0,0.0,0.0,0.0,7.81,18.26,14.08,231.44,168.19,96.03,163.24,16.5,135.41,95.26,38.06,40.15,944.13
101.4429,0.0,0.0,0.0,0.0,0.0,5.83,13.75,5.28,226.49,168.19,93.28,172.81,19.25,140.91,98.23,40.26,24.86,959.42
101.4529,0.0,0.0,0.0,0.0,0.0,5.83,10.67,5.28,219.34,168.19,93.28,182.38,19.25,149.05,101.2,42.35,21.78,975.04
101.4629,0.0,0.0,0.0,0.0,0.0,5.83,9.13,3.52,214.72,168.19,93.28,188.76,19.25,154.55,104.17,42.35,18.48,985.27
101.4729,0.0,0.0,0.0,0.0,0.0,3.85,7.59,3.52,205.48,163.13,90.53,198.44,19.25,159.94,110.22,44.44,14.96,991.43
101.4829,0.0,0.0,0.0,0.0,0.0,3.85,7.59,3.52,196.24,158.07,87.78,204.82,19.25,165.44,113.08,46.53,14.96,991.21
101.4929,0.0,0.0,0.0,0.0,0.0,0.0,6.05,0.0,184.58,150.59,85.03,208.01,22.0,170.83,118.91,48.73,6.05,988.68
101.5029,0.0,0.0,0.0,0.0,0.0,0.0,4.51,0.0,170.72,143.11,79.64,214.39,22.0,176.22,121.77,50.82,4.51,978.67
101.5129,0.0,0.0,0.0,0.0,0.0,0.0,2.97,0.0,157.63,133.1,74.14,220.77,22.0,178.86,124.63,52.91,2.97,964.04
101.5229,0.0,0.0,0.0,0.0,0.0,0.0,2.97,0.0,144.87,125.51,71.39,224.07,24.75,184.25,127.6,55.11,2.97,957.55
101.5329,0.0,0.0,0.0,0.0,0.0,0.0,0.0,0.0,134.31,118.03,66.0,226.93,24.75,187.0,130.46,57.53,0.0,945.01
101.5429,0.0,0.0,0.0,0.0,0.0,0.0,0.0,0.0,121.55,108.24,60.5,229.79,24.75,192.39,133.32,57.53,0.0,928.07
101.5529,0.0,0.0,0.0,0.0,0.0,0.0,0.0,0.0,111.43,101.2,55.11,232.76,24.75,195.03,136.29,59.95,0.0,916.52
101.5629,0.0,0.0,0.0,0.0,0.0,0.0,0.0,0.0,101.86,94.05,52.69,235.62,24.75,197.67,139.15,62.37,0.0,908.16
101.5729,0.0,0.0,0.0,0.0,0.0,0.0,0.0,0.0,92.29,87.01,50.27,238.59,27.5,200.42,142.12,64.9,0.0,903.1
101.5829,0.0,0.0,0.0,0.0,0.0,0.0,0.0,0.0,82.72,79.86,45.43,241.45,27.5,205.81,144.98,64.9,0.0,892.65
101.5929,0.0,0.0,0.0,0.0,0.0,0.0,0.0,0.0,75.13,75.13,43.12,244.42,27.5,208.45,147.84,67.32,0.0,888.91
101.6029,0.0,0.0,0.0,0.0,0.0,0.0,0.0,0.0,67.43,68.09,40.7,247.28,27.5,213.84,150.81,69.74,0.0,885.39
101.6129,0.0,0.0,0.0,0.0,0.0,0.0,0.0,0.0,61.71,63.36,38.28,250.14,27.5,216.59,153.67,72.16,0.0,883.41
101.6229,0.0,0.0,0.0,0.0,0.0,0.0,0.0,0.0,56.21,58.63,35.86,250.14,27.5,221.98,159.5,74.69,0.0,884.51
101.6329,0.0,0.0,0.0,0.0,0.0,0.0,0.0,0.0,49.17,53.9,33.44,253.11,30.25,224.73,162.36,77.11,0.0,884.07
101.6429,0.0,0.0,0.0,0.0,0.0,0.0,0.0,3.52,43.89,49.17,28.71,253.11,30.25,230.34,168.3,79.53,3.52,883.3
101.6529,0.0,0.0,0.0,0.0,0.0,0.0,0.0,3.52,38.61,44.55,26.29,253.11,30.25,233.09,177.21,81.95,3.52,885.06
101.6629,0.0,0.0,0.0,0.0,0.0,0.0,7.59,7.04,33.33,39.82,23.87,250.14,30.25,238.7,186.12,84.48,14.63,886.71
101.6729,0.0,0.0,0.0,0.0,0.0,7.81,7.59,8.8,26.29,35.09,19.14,250.14,30.25,244.31,195.14,86.9,24.2,887.26
101.6829,0.0,0.0,0.0,3.41,0.0,0.0,2.97,0.0,21.01,28.05,16.72,244.42,30.25,247.06,204.05,89.32,6.38,880.88
101.6929,0.0,0.0,0.0,0.0,0.0,0.0,0.0,0.0,17.49,21.01,11.88,241.45,30.25,249.92,212.96,91.74,0.0,876.7
101.7029,0.0,0.0,0.0,0.0,0.0,0.0,0.0,0.0,13.97,16.39,11.88,235.62,30.25,255.42,224.73,96.69,0.0,884.95
101.7129,9.24,0.0,0.0,0.0,0.0,0.0,0.0,0.0,12.21,13.97,9.57,229.79,30.25,255.42,233.2,99.11,9.24,883.52
101.7229,13.86,3.85,0.0,0.0,0.0,0.0,0.0,0.0,10.45,11.66,9.57,224.07,30.25,258.28,238.92,101.53,17.71,884.73
101.7329,16.17,0.0,0.0,0.0,0.0,0.0,0.0,0.0,8.69,9.35,7.15,211.2,30.25,261.03,247.39,104.06,16.17,879.12
101.7429,18.59,0.0,0.0,0.0,0.0,0.0,0.0,0.0,6.93,6.93,4.73,198.44,30.25,261.03,253.0,106.48,18.59,867.79
101.7529,23.21,3.85,0.0,0.0,0.0,0.0,0.0,0.0,5.17,4.62,4.73,185.57,27.5,258.28,258.72,108.9,27.06,853.49
101.7629,30.14,5.83,0.0,0.0,0.0,0.0,0.0,0.0,5.17,4.62,0.0,169.62,24.75,258.28,261.47,111.32,35.97,835.23
101.7729,48.73,11.66,0.0,0.0,0.0,0.0,0.0,0.0,5.17,0.0,0.0,150.59,22.0,255.42,264.33,116.05,60.39,813.56
101.7829,102.08,31.13,0.0,0.0,0.0,0.0,0.0,0.0,3.41,0.0,0.0,131.67,19.25,252.67,267.19,120.45,133.21,794.64
101.7929,184.47,63.14,24.2,3.41,0.0,0.0,0.0,0.0,3.41,0.0,0.0,109.56,16.5,247.06,267.19,124.96,275.22,768.68
101.8029,206.36,91.74,41.14,22.33,0.0,5.83,2.97,0.0,0.0,0.0,0.0,84.48,11.0,235.95,267.19,131.67,370.37,730.29
101.8129,208.78,115.94,53.24,32.67,0.0,11.66,0.0,5.28,0.0,0.0,0.0,59.4,8.25,219.23,264.33,136.18,427.57,687.39
101.8229,208.78,126.39,60.39,41.36,0.0,25.3,6.05,10.56,0.0,0.0,0.0,39.6,5.5,192.39,258.72,140.58,478.83,636.79
101.8329,208.78,136.84,67.54,46.53,0.0,41.03,15.18,14.08,0.0,0.0,0.0,25.41,5.5,151.8,253.0,142.89,529.98,578.6
101.8429,211.2,145.2,69.85,53.35,4.18,52.69,24.42,17.6,0.0,0.0,0.0,19.8,5.5,97.35,236.06,142.89,578.49,501.6
101.8529,211.2,153.56,74.58,58.63,8.47,63.03,38.17,21.12,0.0,0.0,0.0,16.94,8.25,56.98,201.08,133.87,628.76,417.12
101.8629,218.46,164.01,81.73,63.03,12.65,74.25,45.76,24.64,0.0,0.0,0.0,14.08,8.25,37.95,150.81,120.45,684.53,331.54
101.8729,223.41,170.61,88.77,69.63,16.94,83.27,53.46,28.27,0.0,0.0,0.0,11.22,8.25,28.49,95.26,104.06,734.36,247.28
101.8829,231.11,179.63,95.81,74.03,21.12,92.18,65.56,30.03,0.0,0.0,0.0,11.22,8.25,23.65,62.48,84.48,789.47,190.08
101.8929,238.92,184.25,105.27,80.63,25.41,98.89,76.45,33.55,0.0,0.0,0.0,8.47,5.5,18.92,43.67,57.53,843.37,134.09
101.9029,238.92,186.45,107.69,87.34,27.5,107.91,83.71,37.07,0.0,0.0,0.0,5.61,0.0,14.19,30.8,31.79,876.59,82.39
101.9129,233.75,184.25,110.0,93.94,29.59,116.6,92.73,40.59,0.0,0.0,0.0,0.0,0.0,9.46,20.46,8.47,901.45,38.39
101.9229,225.94,179.63,107.69,100.54,31.68,122.98,99.99,44.11,0.0,0.0,0.0,0.0,0.0,7.04,17.93,6.27,912.56,31.24
101.9329,216.04,172.81,102.96,109.34,33.88,131.45,107.25,47.63,0.0,0.0,0.0,0.0,0.0,4.73,15.4,4.18,921.36,24.31
101.9429,203.94,161.92,98.23,116.05,35.97,139.92,114.51,51.15,0.0,0.0,0.0,0.0,0.0,4.73,12.76,4.18,921.69,21.67
101.9529,189.31,151.47,93.5,120.56,38.06,146.19,122.54,52.91,0.0,0.0,0.0,0.0,0.0,4.73,10.23,0.0,914.54,14.96
101.9629,177.21,138.93,88.77,124.96,40.15,150.48,130.57,56.54,0.0,0.0,0.0,0.0,0.0,4.73,10.23,0.0,907.61,14.96
101.9729,162.58,128.48,81.73,127.27,40.15,154.66,136.62,58.52,0.0,0.0,0.0,0.0,0.0,0.0,7.7,0.0,890.01,7.7
101.9829,147.84,115.94,74.58,129.47,42.35,158.95,142.67,60.5,0.0,0.0,0.0,0.0,0.0,0.0,7.7,0.0,872.3,7.7
101.9929,133.1,104.94,67.54,131.67,44.44,161.04,146.74,62.59,0.0,0.0,0.0,0.0,0.0,0.0,7.7,0.0,852.06,7.7
102.0029,118.36,91.74,60.39,133.98,44.44,163.13,150.7,64.57,0.0,0.0,0.0,0.0,0.0,0.0,5.06,0.0,827.31,5.06
102.0129,106.48,80.74,53.24,131.67,44.44,167.53,154.77,64.57,0.0,0.0,0.0,0.0,0.0,0.0,5.06,0.0,803.44,5.06
102.0229,93.28,69.74,45.98,133.98,44.44,169.73,158.84,64.57,0.0,0.0,0.0,0.0,0.0,0.0,0.0,0.0,780.56,0.0
102.0329,82.17,60.94,38.72,131.67,44.44,169.73,160.82,64.57,0.0,0.0,0.0,0.0,0.0,0.0,0.0,0.0,753.06,0.0
102.0429,71.17,52.58,33.88,131.67,44.44,169.73,164.89,64.57,0.0,0.0,0.0,0.0,0.0,0.0,0.0,0.0,732.93,0.0
102.0529,62.37,46.75,29.04,129.47,44.44,171.93,164.89,64.57,0.0,0.0,0.0,0.0,0.0,0.0,0.0,0.0,713.46,0.0
102.0629,53.35,40.92,24.2,129.47,44.44,171.93,168.96,64.57,0.0,0.0,0.0,0.0,0.0,0.0,0.0,0.0,697.84,0.0
102.0729,44.11,35.09,19.36,127.27,44.44,171.93,170.94,64.57,0.0,0.0,0.0,0.0,0.0,0.0,0.0,0.0,677.71,0.0
102.0829,34.76,31.13,16.94,124.96,44.44,174.13,173.03,62.59,0.0,0.0,0.0,0.0,0.0,0.0,0.0,0.0,661.98,0.0
102.0929,27.83,25.3,14.52,120.56,44.44,174.13,177.21,62.59,0.0,0.0,0.0,0.0,0.0,0.0,0.0,0.0,646.58,0.0
102.1029,23.21,21.34,12.1,118.25,44.44,174.13,183.37,62.59,0.0,0.0,0.0,0.0,0.0,0.0,0.0,0.0,639.43,0.0
102.1129,18.59,17.49,9.68,116.05,44.44,174.13,187.55,62.59,0.0,0.0,0.0,0.0,0.0,0.0,0.0,0.0,630.52,0.0
102.1229,16.17,13.64,9.68,111.54,44.44,174.13,193.71,62.59,0.0,0.0,0.0,0.0,0.0,0.0,0.0,0.0,625.9,0.0
102.1329,13.86,11.66,7.26,109.34,44.44,176.33,202.07,64.57,0.0,0.0,0.0,0.0,0.0,0.0,0.0,0.0,629.53,0.0
102.1429,11.55,9.68,7.26,104.94,44.44,176.33,208.23,64.57,0.0,0.0,0.0,0.0,0.0,0.0,0.0,0.0,627.0,0.0
102.1528,9.24,9.68,7.26,102.74,42.35,178.53,216.48,64.57,0.0,0.0,0.0,0.0,0.0,0.0,0.0,0.0,630.85,0.0
102.1628,9.24,7.7,4.84,98.34,44.44,178.53,222.75,66.55,0.0,0.0,0.0,0.0,0.0,0.0,0.0,0.0,632.39,0.0
102.1728,6.93,5.83,4.84,96.14,42.35,180.73,231.44,66.55,0.0,0.0,0.0,0.0,0.0,0.0,0.0,0.0,634.81,0.0
102.1828,6.93,5.83,4.84,91.74,44.44,182.93,240.24,68.64,0.0,0.0,0.0,0.0,0.0,0.0,0.0,0.0,645.59,0.0
102.1928,6.93,3.85,0.0,85.03,42.35,182.93,251.35,70.62,3.41,0.0,0.0,0.0,0.0,0.0,0.0,0.0,643.06,3.41
102.2028,4.62,3.85,0.0,80.63,42.35,185.13,260.15,74.69,5.17,0.0,0.0,0.0,0.0,0.0,0.0,0.0,651.42,5.17
102.2128,4.62,3.85,0.0,71.83,40.15,182.93,268.95,76.67,8.69,0.0,0.0,0.0,0.0,0.0,0.0,0.0,649.0,8.69
102.2228,0.0,0.0,0.0,65.23,38.06,182.93,277.86,78.65,10.45,0.0,0.0,0.0,0.0,0.0,0.0,0.0,642.73,10.45
102.2328,0.0,3.85,0.0,56.87,35.97,178.53,282.37,82.72,17.49,4.62,0.0,0.0,0.0,0.0,0.0,0.0,640.31,22.11
102.2428,0.0,0.0,0.0,49.94,33.88,174.13,286.88,84.81,38.61,9.35,0.0,0.0,0.0,0.0,0.0,0.0,629.64,47.96
102.2528,0.0,0.0,0.0,43.01,29.59,169.73,286.88,86.79,130.02,46.86,9.57,0.0,0.0,0.0,0.0,0.0,616.0,186.45
102.2628,0.0,0.0,0.0,34.43,23.21,161.04,284.68,88.77,205.48,84.59,31.13,22.55,0.0,0.0,7.7,0.0,592.13,351.45
102.2728,0.0,0.0,0.0,25.85,16.94,148.39,275.66,90.86,210.1,118.03,43.12,68.75,0.0,0.0,10.23,0.0,557.7,450.23
102.2828,0.0,0.0,0.0,18.92,10.56,129.25,266.75,90.86,214.72,138.05,52.69,103.29,0.0,16.61,15.4,0.0,516.34,540.76
102.2928,0.0,0.0,0.0,11.99,8.47,105.6,253.55,90.86,203.17,143.11,55.11,125.4,0.0,42.68,17.93,6.27,470.47,593.67
102.3028,0.0,0.0,0.0,10.34,6.27,78.76,235.84,88.77,196.24,145.64,55.11,134.86,0.0,59.4,23.1,8.47,419.98,622.82
102.3128,0.0,0.0,0.0,10.34,6.27,48.84,208.23,82.72,193.82,150.59,57.75,144.32,5.5,72.93,25.63,10.56,356.4,661.1
102.3228,0.0,0.0,0.0,8.58,6.27,31.24,164.89,74.69,196.24,158.07,60.5,156.97,8.25,86.46,38.5,16.94,285.67,721.93
102.3328,0.0,0.0,0.0,6.82,4.18,23.43,110.88,56.54,198.55,168.19,66.0,166.43,11.0,94.6,46.2,19.03,201.85,770.0
102.3428,0.0,0.0,0.0,6.82,4.18,19.47,63.69,40.59,205.48,175.45,68.75,176.0,11.0,100.1,51.37,23.21,134.75,811.36
102.3528,0.0,0.0,0.0,5.17,0.0,15.62,42.68,31.79,212.41,182.71,74.14,188.76,13.75,108.24,59.51,25.41,95.26,864.93
102.3628,0.0,0.0,0.0,3.41,0.0,13.64,28.93,19.36,214.72,185.13,76.89,198.44,13.75,116.38,65.45,27.5,65.34,898.26
102.3728,0.0,0.0,0.0,3.41,0.0,11.66,22.88,10.56,212.41,189.97,76.89,214.39,16.5,121.88,68.42,29.59,48.51,930.05
102.3828,0.0,0.0,0.0,3.41,0.0,7.81,16.72,7.04,207.79,189.97,76.89,226.93,16.5,127.27,71.39,31.79,34.98,948.53
102.3928,0.0,0.0,0.0,0.0,0.0,5.83,13.75,5.28,198.55,189.97,71.39,241.45,16.5,132.77,74.36,31.79,24.86,956.78
102.4028,0.0,0.0,0.0,0.0,0.0,5.83,12.21,5.28,186.89,185.13,68.75,255.97,19.25,140.91,74.36,33.88,23.32,965.14
102.4128,0.0,0.0,0.0,0.0,0.0,5.83,10.67,5.28,173.03,180.29,66.0,270.6,19.25,146.3,77.33,35.97,21.78,968.77
102.4228,0.0,0.0,0.0,0.0,0.0,3.85,9.13,3.52,163.9,175.45,63.25,282.7,19.25,149.05,80.3,35.97,16.5,969.87
102.4328,0.0,0.0,0.0,0.0,0.0,3.85,7.59,3.52,153.34,165.66,60.5,292.16,19.25,154.55,83.27,38.06,14.96,966.79
102.4428,0.0,0.0,0.0,0.0,0.0,3.85,7.59,3.52,140.69,155.65,57.75,298.43,22.0,159.94,86.35,40.26,14.96,961.07
102.4528,0.0,0.0,0.0,0.0,0.0,0.0,6.05,3.52,130.02,145.64,52.69,304.81,22.0,165.44,89.32,40.26,9.57,950.18
102.4628,0.0,0.0,0.0,0.0,0.0,0.0,6.05,0.0,119.46,138.05,50.27,311.08,22.0,168.19,92.29,40.26,6.05,941.6
102.4728,0.0,0.0,0.0,0.0,0.0,0.0,4.51,0.0,109.45,128.04,47.85,317.46,22.0,170.83,92.29,42.35,4.51,930.27
102.4828,0.0,0.0,0.0,0.0,0.0,0.0,2.97,0.0,101.86,118.03,43.12,320.54,22.0,173.47,95.26,42.35,2.97,916.63
102.4928,0.0,0.0,0.0,0.0,0.0,0.0,2.97,0.0,92.29,108.24,40.7,326.92,22.0,176.22,98.23,42.35,2.97,906.95
102.5028,0.0,0.0,0.0,0.0,0.0,0.0,0.0,0.0,82.72,101.2,38.28,330.11,22.0,178.86,98.23,42.35,0.0,893.75
102.5128,0.0,0.0,0.0,0.0,0.0,0.0,0.0,0.0,77.0,94.05,35.86,333.08,24.75,184.25,101.2,44.44,0.0,894.63
102.5228,0.0,0.0,0.0,0.0,0.0,0.0,0.0,0.0,69.41,87.01,33.44,339.02,24.75,187.0,101.2,44.44,0.0,886.27
102.5328,0.0,0.0,0.0,0.0,0.0,0.0,0.0,0.0,61.71,79.86,31.13,341.99,24.75,189.64,101.2,44.44,0.0,874.72
102.5428,0.0,0.0,0.0,0.0,0.0,0.0,0.0,0.0,56.21,72.82,28.71,344.96,24.75,195.03,104.17,44.44,0.0,871.09
102.5528,0.0,0.0,0.0,0.0,0.0,0.0,0.0,0.0,50.93,68.09,26.29,344.96,24.75,200.42,107.14,46.53,0.0,869.11
102.5628,0.0,0.0,0.0,0.0,0.0,0.0,0.0,0.0,47.41,63.36,23.87,347.93,24.75,203.06,110.22,46.53,0.0,867.13
102.5728,0.0,0.0,0.0,0.0,0.0,0.0,0.0,0.0,43.89,60.94,23.87,344.96,24.75,211.2,110.22,46.53,0.0,866.36
102.5828,0.0,0.0,0.0,0.0,0.0,0.0,0.0,0.0,40.37,58.63,23.87,344.96,24.75,216.59,115.94,48.73,0.0,873.84
102.5928,0.0,0.0,0.0,0.0,0.0,0.0,0.0,0.0,38.61,56.21,23.87,344.96,24.75,221.98,118.91,50.82,0.0,880.11
102.6028,0.0,0.0,0.0,0.0,0.0,0.0,0.0,0.0,36.85,53.9,21.56,344.96,24.75,227.48,124.63,52.91,0.0,887.04
102.6128,0.0,0.0,0.0,0.0,0.0,0.0,0.0,0.0,35.09,51.59,21.56,347.93,24.75,233.09,127.6,57.53,0.0,899.14
102.6228,0.0,0.0,0.0,0.0,0.0,0.0,0.0,0.0,31.57,49.17,21.56,344.96,24.75,238.7,133.32,62.37,0.0,906.4
102.6328,0.0,0.0,0.0,0.0,0.0,0.0,0.0,0.0,29.81,46.86,21.56,344.96,27.5,244.31,139.15,64.9,0.0,919.05
102.6428,0.0,0.0,0.0,0.0,0.0,0.0,0.0,0.0,28.05,44.55,19.14,344.96,27.5,247.06,142.12,69.74,0.0,923.12
102.6528,0.0,0.0,0.0,0.0,0.0,0.0,0.0,0.0,24.53,42.13,19.14,344.96,27.5,252.67,150.81,72.16,0.0,933.9
102.6628,0.0,0.0,0.0,0.0,0.0,0.0,0.0,0.0,21.01,37.51,16.72,341.99,27.5,258.28,156.53,77.11,0.0,936.65
102.6728,0.0,0.0,0.0,0.0,0.0,0.0,0.0,0.0,19.25,32.78,14.3,339.02,30.25,261.03,165.33,81.95,0.0,943.91
102.6828,0.0,0.0,0.0,0.0,0.0,0.0,0.0,0.0,15.73,25.74,11.88,333.08,30.25,266.64,174.24,86.9,0.0,944.46
102.6928,0.0,0.0,0.0,0.0,0.0,0.0,0.0,0.0,12.21,21.01,9.57,323.73,30.25,269.39,183.15,91.74,0.0,941.05
102.7028,0.0,0.0,0.0,0.0,0.0,0.0,0.0,0.0,10.45,16.39,9.57,311.08,30.25,272.25,195.14,96.69,0.0,941.82
102.7128,0.0,0.0,0.0,0.0,0.0,0.0,0.0,0.0,8.69,11.66,7.15,295.35,30.25,272.25,201.08,99.11,0.0,925.54
102.7228,0.0,0.0,0.0,0.0,0.0,0.0,0.0,0.0,6.93,9.35,4.73,276.43,27.5,272.25,207.02,101.53,0.0,905.74
102.7328,4.62,0.0,0.0,0.0,0.0,0.0,0.0,0.0,5.17,6.93,4.73,255.97,24.75,272.25,212.96,106.48,4.62,889.24
102.7428,13.86,3.85,0.0,0.0,0.0,0.0,0.0,0.0,5.17,6.93,0.0,238.59,22.0,272.25,212.96,108.9,17.71,866.8
102.7528,41.8,7.7,0.0,0.0,0.0,0.0,0.0,0.0,5.17,4.62,0.0,217.58,19.25,269.39,215.93,111.32,49.5,843.26
102.7628,137.94,35.09,4.84,0.0,0.0,0.0,0.0,0.0,3.41,4.62,0.0,191.95,16.5,269.39,215.93,116.05,177.87,817.85
102.7728,223.41,69.74,24.2,5.17,0.0,0.0,0.0,0.0,3.41,4.62,0.0,166.43,13.75,263.89,215.93,120.45,322.52,788.48
102.7828,218.46,89.54,38.72,20.68,0.0,5.83,0.0,0.0,0.0,0.0,0.0,134.86,11.0,255.42,215.93,127.16,373.23,744.37
102.7928,218.46,113.85,50.82,27.5,0.0,9.68,0.0,3.52,0.0,0.0,0.0,100.21,5.5,238.7,215.93,131.67,423.83,692.01
102.8028,218.46,128.48,55.77,37.84,0.0,13.64,0.0,5.28,0.0,0.0,0.0,68.75,5.5,213.84,212.96,136.18,459.47,637.23
102.8128,218.46,138.93,58.08,46.53,0.0,19.47,2.97,5.28,0.0,0.0,0.0,42.35,5.5,181.61,209.99,138.38,489.72,577.83
102.8228,216.04,145.2,60.39,55.11,0.0,31.24,4.51,8.8,0.0,0.0,0.0,28.27,5.5,135.41,198.11,138.38,521.29,505.67
102.8328,213.62,153.56,62.81,63.03,0.0,44.88,9.13,12.32,0.0,0.0,0.0,22.55,8.25,83.82,177.21,133.87,559.35,425.7
102.8428,218.46,161.92,67.54,71.83,0.0,56.65,18.26,15.84,0.0,0.0,0.0,19.8,8.25,52.25,139.15,120.45,610.5,339.9
102.8528,225.94,170.61,74.58,80.63,4.18,67.54,27.5,19.36,0.0,0.0,0.0,16.94,8.25,35.64,95.26,106.48,670.34,262.57
102.8628,236.28,179.63,81.73,87.34,8.47,76.56,39.71,22.88,0.0,0.0,0.0,14.08,5.5,26.07,59.51,89.32,732.6,194.48
102.8728,244.09,188.76,88.77,93.94,12.65,87.67,48.84,26.4,0.0,0.0,0.0,11.22,5.5,18.92,41.03,62.37,791.12,139.04
102.8828,246.73,190.96,93.5,102.74,16.94,96.69,56.54,28.27,0.0,0.0,0.0,8.47,0.0,14.19,30.8,38.06,832.37,91.52
102.8928,244.09,193.27,95.81,111.54,19.03,105.6,61.93,30.03,0.0,0.0,0.0,5.61,0.0,9.46,23.1,16.94,861.3,55.11
102.9028,236.28,190.96,95.81,120.56,21.12,114.51,69.19,31.79,0.0,0.0,0.0,5.61,0.0,7.04,15.4,6.27,880.22,34.32
102.9128,228.58,186.45,93.5,129.47,23.21,120.78,74.58,33.55,0.0,0.0,0.0,0.0,0.0,4.73,15.4,4.18,890.12,24.31
102.9228,216.04,179.63,88.77,138.38,23.21,129.25,80.08,35.31,0.0,0.0,0.0,0.0,0.0,4.73,12.76,4.18,890.67,21.67
102.9328,203.94,168.3,86.35,145.09,25.41,135.63,85.47,37.07,0.0,0.0,0.0,0.0,0.0,4.73,10.23,4.18,887.26,19.14
102.9428,191.73,157.74,81.73,149.6,27.5,142.01,90.86,38.83,0.0,0.0,0.0,0.0,0.0,4.73,10.23,0.0,880.0,14.96
102.9528,182.05,149.38,79.31,151.8,29.59,146.19,96.36,40.59,0.0,0.0,0.0,0.0,0.0,0.0,7.7,0.0,875.27,7.7
102.9628,172.37,138.93,77.0,156.31,31.68,150.48,99.99,44.11,0.0,0.0,0.0,0.0,0.0,0.0,5.06,0.0,870.87,5.06
102.9728,162.58,130.57,72.27,156.31,31.68,152.57,105.38,44.11,0.0,0.0,0.0,0.0,0.0,0.0,5.06,0.0,855.47,5.06
102.9828,152.68,122.21,67.54,158.51,33.88,154.66,107.25,45.87,0.0,0.0,0.0,0.0,0.0,0.0,0.0,0.0,842.6,0.0
102.9928,142.89,113.85,62.81,160.82,33.88,156.86,110.88,47.63,0.0,0.0,0.0,0.0,0.0,0.0,0.0,0.0,829.62,0.0
103.0028,133.1,104.94,60.39,158.51,33.88,158.95,114.51,49.39,0.0,0.0,0.0,0.0,0.0,0.0,0.0,0.0,813.67,0.0
103.0128,125.73,98.34,58.08,158.51,35.97,158.95,116.49,49.39,0.0,0.0,0.0,0.0,0.0,0.0,0.0,0.0,801.46,0.0
103.0228,118.36,89.54,53.24,156.31,35.97,161.04,120.45,51.15,0.0,0.0,0.0,0.0,0.0,0.0,0.0,0.0,786.06,0.0
103.0328,110.99,85.14,50.82,156.31,35.97,161.04,122.54,51.15,0.0,0.0,0.0,0.0,0.0,0.0,0.0,0.0,773.96,0.0
103.0428,106.48,78.54,48.4,154.11,38.06,163.13,126.5,51.15,0.0,0.0,0.0,0.0,0.0,0.0,0.0,0.0,766.37,0.0
103.0528,99.88,71.94,45.98,154.11,38.06,163.13,130.57,52.91,0.0,0.0,0.0,0.0,0.0,0.0,0.0,0.0,756.58,0.0
103.0628,93.28,67.54,43.56,151.8,38.06,165.33,136.62,52.91,0.0,0.0,0.0,0.0,0.0,0.0,0.0,0.0,749.1,0.0
103.0728,86.68,60.94,41.14,151.8,38.06,167.53,140.69,54.67,0.0,0.0,0.0,0.0,0.0,0.0,0.0,0.0,741.51,0.0
103.0828,79.97,54.56,38.72,149.6,40.15,169.73,146.74,54.67,0.0,0.0,0.0,0.0,0.0,0.0,0.0,0.0,734.14,0.0
103.0928,73.37,50.6,33.88,147.4,42.35,171.93,152.79,56.54,0.0,0.0,0.0,0.0,0.0,0.0,0.0,0.0,728.86,0.0
103.1028,64.57,44.77,31.46,147.4,42.35,171.93,158.84,56.54,0.0,0.0,0.0,0.0,0.0,0.0,0.0,0.0,717.86,0.0
103.1128,57.97,40.92,29.04,145.09,42.35,176.33,166.87,58.52,0.0,0.0,0.0,0.0,0.0,0.0,0.0,0.0,717.09,0.0
103.1228,48.73,36.96,24.2,142.89,44.44,176.33,173.03,60.5,0.0,0.0,0.0,0.0,0.0,0.0,0.0,0.0,707.08,0.0
103.1328,41.8,31.13,21.78,140.69,44.44,178.53,181.28,60.5,0.0,0.0,0.0,0.0,0.0,0.0,0.0,0.0,700.15,0.0
103.1428,34.76,27.28,16.94,138.38,46.53,180.73,191.62,62.59,0.0,0.0,0.0,0.0,0.0,0.0,0.0,0.0,698.83,0.0
103.1528,27.83,23.32,14.52,138.38,46.53,182.93,197.89,64.57,0.0,0.0,0.0,0.0,0.0,0.0,0.0,0.0,695.97,0.0
103.1628,23.21,19.47,12.1,136.18,46.53,185.13,208.23,64.57,0.0,0.0,0.0,0.0,0.0,0.0,0.0,0.0,695.42,0.0
103.1728,18.59,17.49,12.1,131.67,48.62,185.13,214.39,64.57,0.0,0.0,0.0,0.0,0.0,0.0,0.0,0.0,692.56,0.0
103.1828,16.17,13.64,9.68,129.47,46.53,187.33,222.75,66.55,0.0,0.0,0.0,0.0,0.0,0.0,0.0,0.0,692.12,0.0
103.1928,13.86,9.68,7.26,124.96,48.62,189.53,229.24,68.64,0.0,0.0,0.0,0.0,0.0,0.0,0.0,0.0,691.79,0.0
103.2028,11.55,7.7,7.26,120.56,46.53,189.53,238.04,68.64,0.0,0.0,0.0,0.0,0.0,0.0,0.0,0.0,689.81,0.0
103.2128,9.24,7.7,4.84,113.85,44.44,189.53,244.64,70.62,3.41,0.0,0.0,0.0,0.0,0.0,0.0,0.0,684.86,3.41
103.2228,6.93,5.83,4.84,104.94,44.44,189.53,253.55,72.6,5.17,0.0,0.0,0.0,0.0,0.0,0.0,0.0,682.66,5.17
103.2328,4.62,3.85,0.0,93.94,40.15,187.33,260.15,76.67,8.69,0.0,0.0,0.0,0.0,0.0,0.0,0.0,666.71,8.69
103.2428,4.62,3.85,0.0,82.83,38.06,187.33,264.55,80.74,21.01,6.93,0.0,0.0,0.0,0.0,0.0,0.0,661.98,27.94
103.2528,0.0,3.85,0.0,69.63,31.68,182.93,266.75,84.81,73.15,23.43,4.73,0.0,0.0,0.0,0.0,0.0,639.65,101.31
103.2628,0.0,3.85,0.0,56.87,27.5,178.53,266.75,88.77,189.2,56.21,16.72,8.47,0.0,0.0,7.7,0.0,622.27,278.3
103.2728,0.0,0.0,0.0,43.01,21.12,169.73,264.55,90.86,177.65,72.82,26.29,36.74,0.0,0.0,10.23,0.0,589.27,323.73
103.2828,0.0,0.0,0.0,31.02,14.74,154.66,260.15,94.82,179.96,98.78,38.28,78.21,0.0,11.88,15.4,0.0,555.39,422.51
103.2928,0.0,0.0,0.0,22.33,10.56,135.63,251.35,96.91,184.58,110.66,47.85,93.94,0.0,45.1,20.46,6.27,516.78,508.86
103.3028,0.0,0.0,0.0,13.75,6.27,112.42,240.24,98.89,184.58,118.03,50.27,103.29,5.5,59.4,25.63,10.56,471.57,557.26
103.3128,0.0,0.0,0.0,11.99,4.18,83.27,224.84,98.89,179.96,123.09,50.27,112.75,5.5,67.54,33.33,12.65,423.17,585.09
103.3228,0.0,0.0,0.0,10.34,6.27,50.71,197.89,92.84,177.65,128.04,52.69,119.02,5.5,75.68,38.5,14.74,358.05,611.82
103.3328,0.0,0.0,0.0,8.58,6.27,33.22,152.79,82.72,182.27,135.52,57.75,125.4,5.5,86.46,48.73,19.03,283.58,660.66
103.3428,0.0,0.0,0.0,6.82,6.27,23.43,99.99,68.64,191.51,143.11,60.5,131.67,8.25,91.96,53.9,21.12,205.15,702.02
103.3528,0.0,0.0,0.0,5.17,4.18,19.47,56.54,52.91,205.48,153.12,68.75,137.94,11.0,100.1,59.51,23.21,138.27,759.11
103.3628,0.0,0.0,0.0,3.41,0.0,15.62,39.71,38.83,217.03,163.13,76.89,144.32,13.75,105.49,68.42,27.5,97.57,816.53
103.3728,0.0,0.0,0.0,0.0,0.0,11.66,30.47,26.4,224.07,168.19,82.39,150.59,13.75,113.63,74.36,27.5,68.53,854.48
103.3828,0.0,0.0,0.0,0.0,0.0,9.68,22.88,17.6,226.49,173.03,85.03,160.05,13.75,119.13,80.3,29.59,50.16,887.37
103.3928,0.0,0.0,0.0,0.0,0.0,7.81,16.72,10.56,224.07,175.45,85.03,172.81,16.5,127.27,83.27,31.79,35.09,916.19
103.4028,0.0,0.0,0.0,0.0,0.0,5.83,12.21,5.28,217.03,175.45,82.39,182.38,16.5,132.77,83.27,33.88,23.32,923.67
103.4128,0.0,0.0,0.0,0.0,0.0,5.83,10.67,3.52,210.1,175.45,82.39,195.14,16.5,140.91,86.35,33.88,20.02,940.72
103.4228,0.0,0.0,0.0,0.0,0.0,3.85,9.13,3.52,205.48,173.03,82.39,204.82,16.5,146.3,89.32,35.97,16.5,953.81
103.4328,0.0,0.0,0.0,0.0,0.0,3.85,9.13,3.52,198.55,170.61,79.64,214.39,19.25,154.55,95.26,38.06,16.5,970.31
103.4428,0.0,0.0,0.0,0.0,0.0,3.85,7.59,3.52,189.2,163.13,76.89,217.58,19.25,159.94,98.23,40.26,14.96,964.48
103.4528,0.0,0.0,0.0,0.0,0.0,0.0,6.05,3.52,179.96,158.07,76.89,224.07,19.25,162.69,101.2,40.26,9.57,962.39
103.4628,0.0,0.0,0.0,0.0,0.0,0.0,4.51,0.0,168.41,150.59,74.14,224.07,22.0,165.44,107.14,42.35,4.51,954.14
103.4728,0.0,0.0,0.0,0.0,0.0,0.0,4.51,0.0,157.63,140.58,71.39,226.93,22.0,170.83,110.22,42.35,4.51,941.93
103.4828,0.0,0.0,0.0,0.0,0.0,0.0,2.97,0.0,146.96,133.1,66.0,229.79,22.0,173.47,113.08,44.44,2.97,928.84
103.4928,0.0,0.0,0.0,0.0,0.0,0.0,2.97,0.0,136.4,125.51,63.25,232.76,22.0,178.86,115.94,44.44,2.97,919.16
103.5028,0.0,0.0,0.0,0.0,0.0,0.0,0.0,0.0,127.93,118.03,60.5,235.62,22.0,181.61,118.91,46.53,0.0,911.13
103.5128,0.0,0.0,0.0,0.0,0.0,0.0,0.0,0.0,117.37,110.66,57.75,238.59,24.75,187.0,121.77,48.73,0.0,906.62
103.5228,0.0,0.0,0.0,0.0,0.0,0.0,0.0,0.0,109.45,103.51,55.11,241.45,24.75,192.39,127.6,50.82,0.0,905.08
103.5328,0.0,0.0,0.0,0.0,0.0,0.0,0.0,0.0,101.86,96.47,52.69,244.42,24.75,195.03,130.46,52.91,0.0,898.59
103.5428,0.0,0.0,0.0,0.0,0.0,0.0,0.0,0.0,94.16,89.32,47.85,247.28,27.5,200.42,133.32,55.11,0.0,894.96
103.5528,0.0,0.0,0.0,0.0,0.0,0.0,0.0,0.0,84.7,82.28,45.43,250.14,27.5,205.81,139.15,57.53,0.0,892.54
103.5628,0.0,0.0,0.0,0.0,0.0,0.0,0.0,0.0,77.0,77.55,43.12,253.11,27.5,211.2,142.12,59.95,0.0,891.55
103.5727,0.0,0.0,0.0,0.0,0.0,0.0,0.0,0.0,71.28,72.82,40.7,253.11,27.5,216.59,147.84,62.37,0.0,892.21
103.5827,0.0,0.0,0.0,0.0,0.0,0.0,0.0,0.0,63.69,65.67,38.28,255.97,30.25,221.98,153.67,67.32,0.0,896.83
103.5927,0.0,0.0,0.0,0.0,0.0,0.0,0.0,0.0,57.97,60.94,35.86,255.97,30.25,224.73,159.5,69.74,0.0,894.96
103.6027,0.0,0.0,0.0,0.0,0.0,0.0,0.0,0.0,50.93,56.21,33.44,258.94,30.25,233.09,165.33,72.16,0.0,900.35
103.6127,0.0,0.0,0.0,0.0,0.0,0.0,0.0,0.0,43.89,51.59,31.13,261.8,30.25,235.95,171.27,74.69,0.0,900.57
103.6227,0.0,0.0,0.0,0.0,0.0,0.0,0.0,0.0,38.61,44.55,26.29,261.8,30.25,244.31,180.18,79.53,0.0,905.52
103.6327,0.0,0.0,0.0,0.0,0.0,0.0,0.0,0.0,29.81,39.82,23.87,258.94,33.0,249.92,189.09,81.95,0.0,906.4
103.6427,0.0,0.0,0.0,0.0,0.0,0.0,0.0,0.0,24.53,32.78,19.14,258.94,33.0,252.67,198.11,86.9,0.0,906.07
103.6527,0.0,0.0,0.0,0.0,0.0,0.0,0.0,0.0,19.25,25.74,14.3,253.11,33.0,258.28,207.02,89.32,0.0,900.02
103.6627,0.0,0.0,0.0,0.0,0.0,0.0,0.0,0.0,15.73,21.01,11.88,247.28,33.0,261.03,218.9,91.74,0.0,900.57
103.6727,0.0,0.0,0.0,0.0,0.0,0.0,0.0,0.0,12.21,13.97,11.88,241.45,33.0,261.03,224.73,96.69,0.0,894.96
103.6827,0.0,0.0,0.0,0.0,0.0,0.0,0.0,0.0,10.45,11.66,9.57,229.79,33.0,263.89,233.2,99.11,0.0,890.67
103.6927,0.0,0.0,0.0,0.0,0.0,0.0,0.0,0.0,8.69,9.35,7.15,220.77,33.0,263.89,241.67,101.53,0.0,886.05
103.7027,0.0,0.0,0.0,0.0,0.0,0.0,0.0,0.0,6.93,6.93,4.73,204.82,30.25,263.89,247.39,106.48,0.0,871.42
103.7127,0.0,0.0,0.0,0.0,0.0,0.0,0.0,0.0,6.93,6.93,4.73,188.76,30.25,263.89,250.14,108.9,0.0,860.53
103.7227,0.0,0.0,0.0,0.0,0.0,0.0,0.0,0.0,5.17,4.62,0.0,169.62,24.75,263.89,255.86,113.85,0.0,837.76
103.7327,6.93,0.0,0.0,0.0,0.0,0.0,0.0,0.0,5.17,4.62,0.0,150.59,22.0,261.03,258.72,118.25,6.93,820.38
103.7427,16.17,3.85,0.0,0.0,0.0,0.0,0.0,0.0,3.41,0.0,0.0,131.67,19.25,258.28,258.72,122.76,20.02,794.09
103.7527,55.77,9.68,0.0,0.0,0.0,0.0,0.0,0.0,3.41,0.0,0.0,109.56,16.5,252.67,258.72,129.47,65.45,770.33
103.7627,184.47,42.79,9.68,0.0,0.0,0.0,0.0,0.0,3.41,0.0,0.0,90.75,11.0,244.31,255.86,136.18,236.94,741.51
103.7727,225.94,69.74,29.04,6.82,0.0,0.0,0.0,0.0,0.0,0.0,0.0,65.67,8.25,230.34,255.86,142.89,331.54,703.01
103.7827,220.88,93.94,45.98,22.33,0.0,5.83,0.0,3.52,0.0,0.0,0.0,45.21,5.5,205.81,253.0,149.6,392.48,659.12
103.7927,223.41,122.21,58.08,31.02,0.0,11.66,2.97,5.28,0.0,0.0,0.0,28.27,5.5,168.19,250.14,156.31,454.63,608.41
103.8027,225.94,136.84,65.12,41.36,0.0,19.47,4.51,7.04,0.0,0.0,0.0,22.55,5.5,119.13,238.92,156.31,500.28,542.41
103.8127,233.75,149.38,72.27,48.18,0.0,35.09,7.59,10.56,0.0,0.0,0.0,16.94,5.5,70.18,209.99,151.8,556.82,454.41
103.8227,233.75,157.74,77.0,53.35,0.0,48.84,13.75,14.08,0.0,0.0,0.0,14.08,8.25,45.1,162.36,138.38,598.51,368.17
103.8327,238.92,168.3,84.04,56.87,4.18,60.83,24.42,17.6,0.0,0.0,0.0,11.22,8.25,33.22,104.17,124.96,655.16,281.82
103.8427,249.26,179.63,95.81,60.83,6.27,67.54,38.17,21.12,0.0,0.0,0.0,11.22,8.25,26.07,68.42,106.48,718.63,220.44
103.8527,259.6,186.45,105.27,63.03,12.65,76.56,48.84,24.64,0.0,0.0,0.0,8.47,5.5,21.34,51.37,81.95,777.04,168.63
103.8627,270.05,193.27,114.84,65.23,14.74,85.47,56.54,28.27,0.0,0.0,0.0,5.61,0.0,16.61,35.97,52.91,828.41,111.1
103.8727,280.39,195.58,124.74,67.43,19.03,92.18,67.32,30.03,0.0,0.0,0.0,0.0,0.0,11.88,25.63,23.21,876.7,60.72
103.8827,280.39,197.78,129.69,71.83,21.12,96.69,76.45,33.55,0.0,0.0,0.0,0.0,0.0,7.04,17.93,6.27,907.5,31.24
103.8927,275.22,195.58,129.69,76.23,23.21,103.4,83.71,37.07,0.0,0.0,0.0,0.0,0.0,7.04,15.4,4.18,924.11,26.62
103.9027,264.88,188.76,129.69,78.43,25.41,110.11,90.86,38.83,0.0,0.0,0.0,0.0,0.0,4.73,12.76,4.18,926.97,21.67
103.9127,254.43,181.94,127.27,82.83,27.5,114.51,98.12,42.35,0.0,0.0,0.0,0.0,0.0,4.73,12.76,0.0,928.95,17.49
103.9227,241.45,172.81,122.32,85.03,29.59,120.78,105.38,45.87,0.0,0.0,0.0,0.0,0.0,4.73,10.23,0.0,923.23,14.96
103.9327,228.58,164.01,117.37,87.34,31.68,125.07,112.64,47.63,0.0,0.0,0.0,0.0,0.0,0.0,10.23,0.0,914.32,10.23
103.9427,218.46,155.65,114.84,89.54,33.88,129.25,120.45,51.15,0.0,0.0,0.0,0.0,0.0,0.0,7.7,0.0,913.22,7.7
103.9527,208.78,147.29,110.0,91.74,35.97,133.54,128.59,51.15,0.0,0.0,0.0,0.0,0.0,0.0,7.7,0.0,907.06,7.7
103.9627,199.1,138.93,107.69,91.74,38.06,135.63,134.64,52.91,0.0,0.0,0.0,0.0,0.0,0.0,7.7,0.0,898.7,7.7
103.9727,189.31,130.57,102.96,91.74,38.06,137.72,140.69,54.67,0.0,0.0,0.0,0.0,0.0,0.0,5.06,0.0,885.72,5.06
103.9827,179.63,122.21,98.23,91.74,40.15,139.92,144.65,54.67,0.0,0.0,0.0,0.0,0.0,0.0,5.06,0.0,871.2,5.06
103.9927,169.95,113.85,91.08,91.74,40.15,139.92,148.72,54.67,0.0,0.0,0.0,0.0,0.0,0.0,0.0,0.0,850.08,0.0
104.0027,160.05,104.94,86.35,91.74,42.35,142.01,150.7,54.67,0.0,0.0,0.0,0.0,0.0,0.0,0.0,0.0,832.81,0.0
104.0127,150.26,98.34,81.73,91.74,42.35,142.01,152.79,56.54,0.0,0.0,0.0,0.0,0.0,0.0,0.0,0.0,815.76,0.0
104.0227,140.47,91.74,77.0,91.74,42.35,144.1,156.75,56.54,0.0,0.0,0.0,0.0,0.0,0.0,0.0,0.0,800.69,0.0
104.0327,133.1,82.94,72.27,91.74,42.35,144.1,156.75,56.54,0.0,0.0,0.0,0.0,0.0,0.0,0.0,0.0,779.79,0.0
104.0427,123.2,78.54,67.54,93.94,44.44,144.1,158.84,56.54,0.0,0.0,0.0,0.0,0.0,0.0,0.0,0.0,767.14,0.0
104.0527,115.83,71.94,62.81,91.74,44.44,146.19,160.82,56.54,0.0,0.0,0.0,0.0,0.0,0.0,0.0,0.0,750.31,0.0
104.0627,106.48,65.34,58.08,93.94,44.44,148.39,162.8,56.54,0.0,0.0,0.0,0.0,0.0,0.0,0.0,0.0,736.01,0.0
104.0727,97.68,58.74,53.24,93.94,44.44,150.48,166.87,56.54,0.0,0.0,0.0,0.0,0.0,0.0,0.0,0.0,721.93,0.0
104.0827,88.88,52.58,48.4,96.14,46.53,152.57,170.94,56.54,0.0,0.0,0.0,0.0,0.0,0.0,0.0,0.0,712.58,0.0
104.0927,79.97,48.73,43.56,96.14,46.53,154.66,175.12,58.52,0.0,0.0,0.0,0.0,0.0,0.0,0.0,0.0,703.23,0.0
104.1027,68.97,42.79,38.72,100.54,48.62,158.95,181.28,58.52,0.0,0.0,0.0,0.0,0.0,0.0,0.0,0.0,698.39,0.0
104.1127,60.17,36.96,33.88,100.54,48.62,161.04,187.55,58.52,0.0,0.0,0.0,0.0,0.0,0.0,0.0,0.0,687.28,0.0
104.1227,51.04,33.11,29.04,102.74,50.82,165.33,195.8,60.5,0.0,0.0,0.0,0.0,0.0,0.0,0.0,0.0,688.38,0.0
104.1327,41.8,29.15,24.2,104.94,50.82,167.53,206.14,60.5,0.0,0.0,0.0,0.0,0.0,0.0,0.0,0.0,685.08,0.0
104.1427,32.45,23.32,19.36,104.94,52.91,171.93,216.48,62.59,0.0,0.0,0.0,0.0,0.0,0.0,0.0,0.0,683.98,0.0
104.1527,25.52,19.47,14.52,104.94,52.91,174.13,227.04,64.57,0.0,0.0,0.0,0.0,0.0,0.0,0.0,0.0,683.1,0.0
104.1627,20.9,15.51,14.52,102.74,55.0,178.53,240.24,66.55,0.0,0.0,0.0,0.0,0.0,0.0,0.0,0.0,693.99,0.0
104.1727,16.17,11.66,12.1,100.54,55.0,178.53,251.35,68.64,0.0,0.0,0.0,0.0,0.0,0.0,0.0,0.0,693.99,0.0
104.1827,13.86,9.68,9.68,96.14,55.0,180.73,262.35,70.62,0.0,0.0,0.0,0.0,0.0,0.0,0.0,0.0,698.06,0.0
104.1927,9.24,7.7,7.26,89.54,52.91,180.73,271.15,72.6,3.41,0.0,0.0,0.0,0.0,0.0,0.0,0.0,691.13,3.41
104.2027,6.93,5.83,4.84,80.63,50.82,180.73,277.86,74.69,10.45,0.0,0.0,0.0,0.0,0.0,0.0,0.0,682.33,10.45
104.2127,4.62,5.83,0.0,71.83,44.44,180.73,282.37,78.65,31.57,9.35,0.0,0.0,0.0,0.0,0.0,0.0,668.47,40.92
104.2227,4.62,3.85,0.0,58.63,40.15,178.53,282.37,80.74,144.87,49.17,11.88,0.0,0.0,0.0,0.0,0.0,648.89,205.92
104.2327,0.0,3.85,0.0,48.18,31.68,174.13,277.86,84.81,207.79,79.86,31.13,33.88,0.0,0.0,10.23,0.0,620.51,362.89
104.2427,0.0,0.0,0.0,36.19,23.21,163.13,271.15,84.81,198.55,108.24,45.43,93.94,0.0,37.95,23.1,4.18,578.49,511.39
104.2527,0.0,0.0,0.0,25.85,16.94,148.39,260.15,86.79,212.41,130.57,60.5,106.48,5.5,64.79,28.27,10.56,538.12,619.08
104.2627,0.0,0.0,0.0,17.16,10.56,125.07,246.84,86.79,210.1,135.52,63.25,115.94,8.25,72.93,41.03,12.65,486.42,659.67
104.2727,0.0,0.0,0.0,11.99,6.27,94.49,227.04,86.79,198.55,135.52,57.75,122.21,8.25,75.68,38.5,14.74,426.58,651.2
104.2827,0.0,0.0,0.0,10.34,6.27,60.83,202.07,82.72,184.58,135.52,55.11,131.67,8.25,83.82,41.03,14.74,362.23,654.72
104.2927,0.0,0.0,0.0,8.58,6.27,37.07,156.75,74.69,182.27,140.58,57.75,144.32,8.25,94.6,46.2,19.03,283.36,693.0
104.3027,0.0,0.0,0.0,6.82,6.27,25.3,103.62,58.52,182.27,148.06,60.5,156.97,8.25,105.49,51.37,21.12,200.53,734.03
104.3127,0.0,0.0,0.0,5.17,4.18,19.47,58.3,44.11,186.89,155.65,63.25,166.43,11.0,113.63,59.51,25.41,131.23,781.77
104.3227,0.0,0.0,0.0,5.17,0.0,17.49,38.17,31.79,196.24,163.13,71.39,176.0,13.75,124.52,68.42,27.5,92.62,840.95
104.3327,0.0,0.0,0.0,3.41,0.0,11.66,27.5,19.36,205.48,168.19,76.89,185.57,13.75,135.41,77.33,31.79,61.93,894.41
104.3427,0.0,0.0,0.0,0.0,0.0,9.68,21.34,10.56,207.79,173.03,79.64,195.14,16.5,143.66,83.27,33.88,41.58,932.91
104.3527,0.0,0.0,0.0,0.0,0.0,7.81,16.72,7.04,203.17,173.03,79.64,208.01,16.5,151.8,86.35,35.97,31.57,954.47
104.3627,0.0,0.0,0.0,0.0,0.0,7.81,13.75,5.28,191.51,170.61,76.89,224.07,16.5,162.69,92.29,38.06,26.84,972.62
104.3727,0.0,0.0,0.0,0.0,0.0,5.83,12.21,5.28,182.27,168.19,76.89,238.59,19.25,170.83,95.26,40.26,23.32,991.54
104.3827,0.0,0.0,0.0,0.0,0.0,3.85,10.67,3.52,170.72,163.13,74.14,250.14,19.25,178.86,101.2,42.35,18.04,999.79
104.3927,0.0,0.0,0.0,0.0,0.0,3.85,9.13,3.52,159.72,155.65,71.39,258.94,22.0,189.64,107.14,44.44,16.5,1008.92
104.4027,0.0,0.0,0.0,0.0,0.0,3.85,7.59,3.52,146.96,145.64,66.0,267.63,22.0,195.03,110.22,48.73,14.96,1002.21
104.4127,0.0,0.0,0.0,0.0,0.0,0.0,7.59,3.52,132.22,133.1,60.5,273.46,22.0,200.42,113.08,50.82,11.11,985.6
104.4227,0.0,0.0,0.0,0.0,0.0,0.0,6.05,3.52,117.37,123.09,57.75,279.51,22.0,205.81,115.94,52.91,9.57,974.38
104.4327,0.0,0.0,0.0,0.0,0.0,0.0,4.51,0.0,105.71,110.66,50.27,285.89,22.0,211.2,118.91,55.11,4.51,959.75
104.4427,0.0,0.0,0.0,0.0,0.0,0.0,2.97,0.0,92.29,101.2,45.43,288.97,24.75,213.84,121.77,55.11,2.97,943.36
104.4527,0.0,0.0,0.0,0.0,0.0,0.0,2.97,0.0,78.98,89.32,40.7,292.16,24.75,216.59,121.77,57.53,2.97,921.8
104.4627,0.0,0.0,0.0,0.0,0.0,0.0,2.97,0.0,67.43,79.86,35.86,295.35,24.75,219.23,124.63,57.53,2.97,904.64
104.4727,0.0,0.0,0.0,0.0,0.0,0.0,0.0,0.0,57.97,70.4,33.44,295.35,24.75,221.98,124.63,59.95,0.0,888.47
104.4827,0.0,0.0,0.0,0.0,0.0,0.0,0.0,0.0,50.93,63.36,28.71,295.35,24.75,224.73,127.6,59.95,0.0,875.38
104.4927,0.0,0.0,0.0,0.0,0.0,0.0,0.0,0.0,43.89,56.21,23.87,295.35,22.0,227.48,127.6,59.95,0.0,856.35
104.5027,0.0,0.0,0.0,0.0,0.0,0.0,0.0,0.0,36.85,51.59,21.56,292.16,22.0,227.48,127.6,62.37,0.0,841.61
104.5127,0.0,0.0,0.0,0.0,0.0,0.0,0.0,0.0,31.57,46.86,16.72,288.97,22.0,230.34,130.46,62.37,0.0,829.29
104.5227,0.0,0.0,0.0,0.0,0.0,0.0,0.0,0.0,28.05,42.13,14.3,285.89,22.0,233.09,133.32,64.9,0.0,823.68
104.5327,0.0,0.0,0.0,0.0,0.0,0.0,0.0,0.0,22.77,37.51,11.88,282.7,22.0,235.95,136.29,64.9,0.0,814.0
104.5427,0.0,0.0,0.0,0.0,0.0,0.0,0.0,0.0,19.25,35.09,11.88,279.51,22.0,235.95,139.15,67.32,0.0,810.15
104.5527,0.0,0.0,0.0,0.0,0.0,0.0,0.0,0.0,17.49,30.47,11.88,273.46,22.0,238.7,142.12,69.74,0.0,805.86
104.5627,0.0,0.0,0.0,0.0,0.0,0.0,0.0,0.0,15.73,25.74,9.57,270.6,22.0,241.45,147.84,72.16,0.0,805.09
104.5727,0.0,0.0,0.0,0.0,0.0,0.0,0.0,0.0,13.97,23.43,9.57,267.63,22.0,244.31,153.67,74.69,0.0,809.27
104.5827,0.0,0.0,0.0,0.0,0.0,0.0,0.0,0.0,13.97,21.01,9.57,267.63,24.75,247.06,162.36,77.11,0.0,823.46
104.5927,0.0,0.0,0.0,0.0,0.0,0.0,0.0,0.0,12.21,18.7,9.57,264.77,24.75,249.92,168.3,79.53,0.0,827.75
104.6027,0.0,0.0,0.0,0.0,0.0,0.0,0.0,0.0,10.45,16.39,9.57,264.77,24.75,255.42,177.21,81.95,0.0,840.51
104.6127,0.0,0.0,0.0,0.0,0.0,0.0,0.0,0.0,8.69,13.97,7.15,261.8,24.75,261.03,186.12,84.48,0.0,847.99
104.6227,0.0,0.0,0.0,0.0,0.0,0.0,0.0,0.0,8.69,11.66,7.15,255.97,24.75,266.64,198.11,89.32,0.0,862.29
104.6327,0.0,0.0,0.0,0.0,0.0,0.0,0.0,0.0,6.93,9.35,4.73,250.14,24.75,269.39,207.02,94.27,0.0,866.58
104.6427,0.0,0.0,0.0,0.0,0.0,0.0,0.0,0.0,6.93,9.35,4.73,241.45,24.75,272.25,215.93,96.69,0.0,872.08
104.6527,6.93,0.0,0.0,0.0,0.0,0.0,0.0,0.0,5.17,6.93,0.0,229.79,24.75,275.0,227.59,101.53,6.93,870.76
104.6627,9.24,0.0,0.0,0.0,0.0,0.0,0.0,0.0,5.17,6.93,0.0,211.2,24.75,277.86,236.06,108.9,9.24,870.87
104.6727,16.17,3.85,0.0,0.0,0.0,0.0,0.0,0.0,5.17,4.62,0.0,191.95,22.0,277.86,244.53,113.85,20.02,859.98
104.6827,27.83,5.83,0.0,0.0,0.0,0.0,0.0,0.0,3.41,4.62,0.0,172.81,19.25,275.0,250.14,118.25,33.66,843.48
104.6927,64.57,15.51,0.0,0.0,0.0,0.0,0.0,0.0,3.41,0.0,0.0,153.78,16.5,272.25,253.0,122.76,80.08,821.7
104.7027,169.95,46.75,14.52,0.0,0.0,0.0,0.0,0.0,0.0,0.0,0.0,131.67,13.75,263.89,253.0,127.16,231.22,789.47
104.7127,223.41,78.54,33.88,6.82,0.0,0.0,0.0,0.0,0.0,0.0,0.0,106.48,11.0,255.42,253.0,131.67,342.65,757.57
104.7227,216.04,100.54,45.98,22.33,0.0,7.81,0.0,0.0,0.0,0.0,0.0,78.21,5.5,238.7,250.14,138.38,392.7,710.93
104.7327,216.04,118.03,58.08,31.02,0.0,13.64,0.0,3.52,0.0,0.0,0.0,50.82,5.5,208.45,250.14,145.09,440.33,660.0
104.7427,213.62,128.48,62.81,39.6,0.0,25.3,2.97,8.8,0.0,0.0,0.0,31.02,5.5,170.83,244.53,149.6,481.58,601.48
104.7527,216.04,138.93,65.12,44.77,0.0,39.05,9.13,12.32,0.0,0.0,0.0,22.55,5.5,113.63,230.45,149.6,525.36,521.73
104.7627,213.62,147.29,69.85,51.7,0.0,50.71,18.26,15.84,0.0,0.0,0.0,19.8,5.5,67.54,195.14,140.58,567.27,428.56
104.7727,218.46,159.83,74.58,58.63,6.27,63.03,32.01,19.36,0.0,0.0,0.0,16.94,8.25,42.68,147.84,129.47,632.17,345.18
104.7827,228.58,170.61,81.73,65.23,10.56,74.25,41.25,22.88,0.0,0.0,0.0,14.08,8.25,30.8,92.29,113.85,695.09,259.27
104.7927,233.75,179.63,91.08,71.83,12.65,83.27,50.38,26.4,0.0,0.0,0.0,11.22,8.25,26.07,62.48,94.27,748.99,202.29
104.8027,244.09,188.76,98.23,78.43,16.94,92.18,60.06,28.27,0.0,0.0,0.0,8.47,5.5,21.34,43.67,67.32,806.96,146.3
104.8127,246.73,190.96,105.27,82.83,21.12,101.2,69.19,31.79,0.0,0.0,0.0,5.61,0.0,14.19,33.33,40.26,849.09,93.39
104.8227,244.09,190.96,105.27,91.74,23.21,110.11,76.45,33.55,0.0,0.0,0.0,0.0,0.0,11.88,23.1,16.94,875.38,51.92
104.8327,238.92,188.76,105.27,100.54,23.21,116.6,81.84,35.31,0.0,0.0,0.0,0.0,0.0,7.04,15.4,6.27,890.45,28.71
104.8427,228.58,184.25,100.54,107.14,25.41,125.07,87.23,37.07,0.0,0.0,0.0,0.0,0.0,4.73,12.76,4.18,895.29,21.67
104.8527,218.46,175.12,98.23,113.85,27.5,131.45,92.73,40.59,0.0,0.0,0.0,0.0,0.0,4.73,12.76,4.18,897.93,21.67
104.8627,206.36,164.01,93.5,120.56,29.59,137.72,98.12,42.35,0.0,0.0,0.0,0.0,0.0,4.73,10.23,0.0,892.21,14.96
104.8727,194.15,155.65,88.77,124.96,29.59,142.01,103.62,44.11,0.0,0.0,0.0,0.0,0.0,0.0,10.23,0.0,882.86,10.23
104.8827,184.47,145.2,86.35,124.96,31.68,144.1,110.88,45.87,0.0,0.0,0.0,0.0,0.0,0.0,7.7,0.0,873.51,7.7
104.8927,174.79,134.75,84.04,124.96,33.88,148.39,116.49,47.63,0.0,0.0,0.0,0.0,0.0,0.0,7.7,0.0,864.93,7.7
104.9027,165.0,126.39,79.31,124.96,33.88,150.48,124.52,49.39,0.0,0.0,0.0,0.0,0.0,0.0,5.06,0.0,853.93,5.06
104.9127,155.21,115.94,77.0,122.76,35.97,152.57,130.57,51.15,0.0,0.0,0.0,0.0,0.0,0.0,5.06,0.0,841.17,5.06
104.9227,145.31,107.14,72.27,122.76,38.06,154.66,136.62,52.91,0.0,0.0,0.0,0.0,0.0,0.0,0.0,0.0,829.73,0.0
104.9327,133.1,96.14,67.54,120.56,38.06,156.86,142.67,52.91,0.0,0.0,0.0,0.0,0.0,0.0,0.0,0.0,807.84,0.0
104.9427,120.78,85.14,60.39,120.56,40.15,158.95,148.72,54.67,0.0,0.0,0.0,0.0,0.0,0.0,0.0,0.0,789.36,0.0
104.9527,108.68,76.34,55.77,120.56,40.15,161.04,154.77,56.54,0.0,0.0,0.0,0.0,0.0,0.0,0.0,0.0,773.85,0.0
104.9627,97.68,67.54,50.82,120.56,42.35,163.13,158.84,58.52,0.0,0.0,0.0,0.0,0.0,0.0,0.0,0.0,759.44,0.0
104.9727,88.88,58.74,43.56,120.56,42.35,165.33,164.89,58.52,0.0,0.0,0.0,0.0,0.0,0.0,0.0,0.0,742.83,0.0
104.9827,77.77,52.58,38.72,118.25,42.35,167.53,170.94,60.5,0.0,0.0,0.0,0.0,0.0,0.0,0.0,0.0,728.64,0.0
104.9927,68.97,46.75,33.88,118.25,42.35,169.73,175.12,60.5,0.0,0.0,0.0,0.0,0.0,0.0,0.0,0.0,715.55,0.0
105.0026,57.97,40.92,29.04,118.25,44.44,169.73,179.3,60.5,0.0,0.0,0.0,0.0,0.0,0.0,0.0,0.0,700.15,0.0
105.0126,48.73,36.96,24.2,116.05,44.44,171.93,185.46,62.59,0.0,0.0,0.0,0.0,0.0,0.0,0.0,0.0,690.36,0.0
105.0226,39.49,31.13,19.36,116.05,44.44,171.93,191.62,62.59,0.0,0.0,0.0,0.0,0.0,0.0,0.0,0.0,676.61,0.0
105.0326,30.14,25.3,14.52,113.85,44.44,174.13,195.8,62.59,0.0,0.0,0.0,0.0,0.0,0.0,0.0,0.0,660.77,0.0
105.0426,25.52,19.47,14.52,111.54,44.44,176.33,202.07,62.59,0.0,0.0,0.0,0.0,0.0,0.0,0.0,0.0,656.48,0.0
105.0526,18.59,17.49,12.1,109.34,44.44,176.33,208.23,64.57,0.0,0.0,0.0,0.0,0.0,0.0,0.0,0.0,651.09,0.0
105.0626,16.17,13.64,9.68,107.14,44.44,178.53,214.39,66.55,0.0,0.0,0.0,0.0,0.0,0.0,0.0,0.0,650.54,0.0
105.0726,13.86,9.68,7.26,104.94,44.44,180.73,220.66,66.55,0.0,0.0,0.0,0.0,0.0,0.0,0.0,0.0,648.12,0.0
105.0826,11.55,9.68,7.26,102.74,44.44,180.73,227.04,66.55,0.0,0.0,0.0,0.0,0.0,0.0,0.0,0.0,649.99,0.0
105.0926,9.24,7.7,7.26,98.34,44.44,182.93,233.64,68.64,0.0,0.0,0.0,0.0,0.0,0.0,0.0,0.0,652.19,0.0
105.1026,6.93,5.83,4.84,93.94,42.35,182.93,240.24,70.62,0.0,0.0,0.0,0.0,0.0,0.0,0.0,0.0,647.68,0.0
105.1126,6.93,5.83,4.84,89.54,42.35,185.13,246.84,72.6,0.0,0.0,0.0,0.0,0.0,0.0,0.0,0.0,654.06,0.0
105.1226,4.62,3.85,0.0,82.83,40.15,185.13,253.55,74.69,0.0,0.0,0.0,0.0,0.0,0.0,0.0,0.0,644.82,0.0
105.1326,4.62,3.85,0.0,76.23,38.06,185.13,260.15,76.67,0.0,0.0,0.0,0.0,0.0,0.0,0.0,0.0,644.71,0.0
105.1426,4.62,3.85,0.0,67.43,35.97,182.93,264.55,80.74,0.0,0.0,0.0,0.0,0.0,0.0,0.0,0.0,640.09,0.0
105.1526,0.0,3.85,0.0,58.63,31.68,180.73,266.75,84.81,0.0,0.0,0.0,0.0,0.0,0.0,0.0,0.0,626.45,0.0
105.1626,0.0,0.0,0.0,49.94,29.59,176.33,268.95,88.77,0.0,0.0,0.0,0.0,0.0,0.0,0.0,0.0,613.58,0.0
105.1726,0.0,0.0,0.0,43.01,25.41,174.13,268.95,92.84,10.45,0.0,0.0,0.0,0.0,0.0,0.0,0.0,604.34,10.45
105.1826,0.0,0.0,0.0,36.19,19.03,167.53,266.75,96.91,45.65,11.66,0.0,0.0,0.0,0.0,0.0,0.0,586.41,57.31
105.1926,0.0,0.0,0.0,29.26,14.74,158.95,264.55,100.87,207.79,51.59,9.57,5.61,0.0,0.0,0.0,0.0,568.37,274.56
105.2026,0.0,0.0,0.0,22.33,10.56,146.19,257.95,102.96,217.03,70.4,21.56,22.55,0.0,0.0,5.06,0.0,539.99,336.6
105.2126,0.0,0.0,0.0,15.51,8.47,125.07,251.35,104.94,212.41,105.93,38.28,53.68,0.0,0.0,7.7,0.0,505.34,418.0
105.2226,0.0,0.0,0.0,11.99,6.27,101.2,242.44,104.94,217.03,130.57,50.27,93.94,0.0,21.34,12.76,0.0,466.84,525.91
105.2326,0.0,0.0,0.0,11.99,6.27,72.05,224.84,100.87,224.07,148.06,55.11,119.02,0.0,45.1,15.4,6.27,416.02,613.03
105.2426,0.0,0.0,0.0,10.34,6.27,44.88,191.62,94.82,217.03,153.12,57.75,134.86,0.0,59.4,17.93,8.47,347.93,648.56
105.2526,0.0,0.0,0.0,8.58,6.27,31.24,142.67,82.72,212.41,158.07,57.75,141.13,0.0,75.68,23.1,12.65,271.48,680.79
105.2626,0.0,0.0,0.0,6.82,6.27,23.43,87.23,66.55,214.72,165.66,63.25,153.78,5.5,89.21,33.33,16.94,190.3,742.39
105.2726,0.0,0.0,0.0,5.17,4.18,19.47,48.84,51.15,219.34,173.03,66.0,163.24,8.25,97.35,41.03,19.03,128.81,787.27
105.2826,0.0,0.0,0.0,3.41,0.0,15.62,36.63,37.07,228.91,182.71,71.39,172.81,8.25,105.49,48.73,23.21,92.73,841.5
105.2926,0.0,0.0,0.0,0.0,0.0,11.66,28.93,24.64,233.86,187.55,76.89,182.38,11.0,113.63,56.54,25.41,65.23,887.26
105.3026,0.0,0.0,0.0,0.0,0.0,7.81,22.88,15.84,238.81,189.97,82.39,188.76,13.75,121.88,65.45,27.5,46.53,928.51
105.3126,0.0,0.0,0.0,0.0,0.0,7.81,16.72,8.8,236.28,192.39,82.39,198.44,13.75,130.02,68.42,29.59,33.33,951.28
105.3226,0.0,0.0,0.0,0.0,0.0,5.83,12.21,5.28,226.49,192.39,79.64,211.2,16.5,135.41,74.36,31.79,23.32,967.78
105.3326,0.0,0.0,0.0,0.0,0.0,3.85,10.67,5.28,217.03,187.55,79.64,224.07,16.5,143.66,77.33,33.88,19.8,979.66
105.3426,0.0,0.0,0.0,0.0,0.0,3.85,9.13,3.52,205.48,185.13,76.89,235.62,16.5,151.8,83.27,33.88,16.5,988.57
105.3526,0.0,0.0,0.0,0.0,0.0,3.85,7.59,3.52,191.51,177.87,74.14,247.28,19.25,157.19,89.32,35.97,14.96,992.53
105.3626,0.0,0.0,0.0,0.0,0.0,0.0,6.05,3.52,179.96,170.61,71.39,255.97,19.25,165.44,95.26,38.06,9.57,995.94
105.3726,0.0,0.0,0.0,0.0,0.0,0.0,4.51,0.0,163.9,160.6,66.0,264.77,22.0,170.83,98.23,40.26,4.51,986.59
105.3826,0.0,0.0,0.0,0.0,0.0,0.0,2.97,0.0,149.16,148.06,63.25,270.6,22.0,176.22,101.2,42.35,2.97,972.84
105.3926,0.0,0.0,0.0,0.0,0.0,0.0,2.97,0.0,136.4,138.05,57.75,276.43,22.0,184.25,107.14,44.44,2.97,966.46
105.4026,0.0,0.0,0.0,0.0,0.0,0.0,0.0,0.0,121.55,125.51,52.69,282.7,22.0,187.0,107.14,44.44,0.0,943.03
105.4126,0.0,0.0,0.0,0.0,0.0,0.0,0.0,0.0,109.45,115.5,50.27,288.97,24.75,192.39,110.22,44.44,0.0,935.99
105.4226,0.0,0.0,0.0,0.0,0.0,0.0,0.0,0.0,98.01,105.93,45.43,292.16,24.75,195.03,110.22,46.53,0.0,918.06
105.4326,0.0,0.0,0.0,0.0,0.0,0.0,0.0,0.0,86.57,96.47,40.7,298.43,22.0,197.67,113.08,46.53,0.0,901.45
105.4426,0.0,0.0,0.0,0.0,0.0,0.0,0.0,0.0,77.0,87.01,38.28,304.81,22.0,203.06,113.08,48.73,0.0,893.97
105.4526,0.0,0.0,0.0,0.0,0.0,0.0,0.0,0.0,65.56,77.55,33.44,308.0,24.75,205.81,115.94,48.73,0.0,879.78
105.4626,0.0,0.0,0.0,0.0,0.0,0.0,0.0,0.0,57.97,70.4,28.71,311.08,24.75,208.45,115.94,50.82,0.0,868.12
105.4726,0.0,0.0,0.0,0.0,0.0,0.0,0.0,0.0,50.93,63.36,26.29,311.08,24.75,213.84,118.91,50.82,0.0,859.98
105.4826,0.0,0.0,0.0,0.0,0.0,0.0,0.0,0.0,43.89,58.63,21.56,314.27,24.75,216.59,121.77,50.82,0.0,852.28
105.4926,0.0,0.0,0.0,0.0,0.0,0.0,0.0,0.0,36.85,53.9,19.14,314.27,22.0,221.98,121.77,52.91,0.0,842.82
105.5026,0.0,0.0,0.0,0.0,0.0,0.0,0.0,0.0,33.33,46.86,16.72,311.08,22.0,224.73,124.63,55.11,0.0,834.46
105.5126,0.0,0.0,0.0,0.0,0.0,0.0,0.0,0.0,26.29,44.55,14.3,311.08,22.0,230.34,127.6,57.53,0.0,833.69
105.5226,0.0,0.0,0.0,0.0,0.0,0.0,0.0,0.0,22.77,39.82,11.88,308.0,24.75,233.09,133.32,62.37,0.0,836.0
105.5326,0.0,0.0,0.0,0.0,0.0,0.0,0.0,0.0,19.25,35.09,11.88,304.81,22.0,238.7,136.29,64.9,0.0,832.92
105.5426,0.0,0.0,0.0,0.0,0.0,0.0,0.0,0.0,17.49,28.05,9.57,304.81,24.75,241.45,142.12,67.32,0.0,835.56
105.5526,0.0,0.0,0.0,0.0,0.0,0.0,0.0,0.0,15.73,25.74,9.57,301.62,24.75,244.31,147.84,72.16,0.0,841.72
105.5626,0.0,0.0,0.0,0.0,0.0,0.0,0.0,0.0,12.21,23.43,9.57,301.62,24.75,249.92,153.67,74.69,0.0,849.86
105.5726,0.0,0.0,0.0,0.0,0.0,0.0,0.0,0.0,12.21,18.7,9.57,298.43,24.75,255.42,162.36,77.11,0.0,858.55
105.5826,0.0,0.0,0.0,0.0,0.0,0.0,0.0,0.0,10.45,16.39,7.15,295.35,24.75,261.03,171.27,81.95,0.0,868.34
105.5926,0.0,0.0,0.0,0.0,0.0,0.0,0.0,0.0,8.69,13.97,7.15,288.97,24.75,263.89,180.18,86.9,0.0,874.5
105.6026,0.0,0.0,0.0,0.0,0.0,0.0,0.0,0.0,8.69,11.66,7.15,279.51,27.5,269.39,189.09,91.74,0.0,884.73
105.6126,0.0,0.0,0.0,0.0,0.0,0.0,0.0,0.0,6.93,9.35,4.73,270.6,24.75,272.25,201.08,96.69,0.0,886.38
105.6226,0.0,0.0,0.0,0.0,0.0,0.0,0.0,0.0,6.93,9.35,4.73,258.94,24.75,275.0,209.99,99.11,0.0,888.8
105.6326,0.0,0.0,0.0,0.0,0.0,0.0,0.0,0.0,5.17,6.93,0.0,244.42,24.75,275.0,218.9,104.06,0.0,879.23
105.6426,0.0,0.0,0.0,0.0,0.0,0.0,0.0,0.0,5.17,6.93,0.0,229.79,24.75,275.0,227.59,108.9,0.0,878.13
105.6526,0.0,0.0,0.0,0.0,0.0,0.0,0.0,0.0,3.41,4.62,0.0,214.39,22.0,275.0,233.2,111.32,0.0,863.94
105.6626,0.0,0.0,0.0,0.0,0.0,0.0,0.0,0.0,3.41,4.62,0.0,195.14,19.25,275.0,236.06,116.05,0.0,849.53
105.6726,9.24,3.85,0.0,0.0,0.0,0.0,0.0,0.0,3.41,4.62,0.0,176.0,16.5,272.25,238.92,120.45,13.09,832.15
105.6826,34.76,5.83,0.0,0.0,0.0,0.0,0.0,0.0,3.41,0.0,0.0,153.78,13.75,269.39,238.92,124.96,40.59,804.21
105.6926,133.1,35.09,0.0,0.0,0.0,0.0,0.0,0.0,0.0,0.0,0.0,131.67,11.0,266.64,238.92,131.67,168.19,779.9
105.7026,236.28,71.94,24.2,8.58,0.0,0.0,0.0,0.0,0.0,0.0,0.0,106.48,8.25,255.42,236.06,136.18,341.0,742.39
105.7126,223.41,98.34,41.14,25.85,0.0,9.68,0.0,3.52,0.0,0.0,0.0,78.21,5.5,238.7,236.06,140.58,401.94,699.05
105.7226,228.58,124.3,55.77,37.84,0.0,17.49,2.97,5.28,0.0,0.0,0.0,48.07,5.5,208.45,233.2,145.09,472.23,640.31
105.7326,231.11,141.02,62.81,48.18,0.0,29.26,4.51,10.56,0.0,0.0,0.0,31.02,5.5,165.44,227.59,147.29,527.45,576.84
105.7426,233.75,153.56,67.54,55.11,0.0,41.03,9.13,12.32,0.0,0.0,0.0,25.41,8.25,108.24,209.99,142.89,572.44,494.78
105.7526,231.11,159.83,69.85,63.03,0.0,52.69,16.72,15.84,0.0,0.0,0.0,19.8,8.25,64.79,177.21,131.67,609.07,401.72
105.7626,231.11,168.3,72.27,69.63,6.27,65.34,25.96,19.36,0.0,0.0,0.0,16.94,8.25,42.68,124.63,118.25,658.24,310.75
105.7726,238.92,179.63,79.31,78.43,8.47,74.25,36.63,22.88,0.0,0.0,0.0,14.08,8.25,30.8,77.33,101.53,718.52,231.99
105.7826,244.09,188.76,84.04,87.34,12.65,85.47,45.76,26.4,0.0,0.0,0.0,11.22,5.5,23.65,51.37,77.11,774.51,168.85
105.7926,251.9,195.58,91.08,93.94,16.94,94.49,55.0,28.27,0.0,0.0,0.0,8.47,5.5,16.61,35.97,48.73,827.2,115.28
105.8026,254.43,200.09,95.81,100.54,19.03,103.4,63.69,31.79,0.0,0.0,0.0,5.61,0.0,11.88,25.63,25.41,868.78,68.53
105.8126,254.43,200.09,98.23,109.34,21.12,112.42,70.95,33.55,0.0,0.0,0.0,5.61,0.0,9.46,20.46,8.47,900.13,44.0
105.8226,246.73,197.78,98.23,116.05,23.21,120.78,76.45,35.31,0.0,0.0,0.0,0.0,0.0,7.04,15.4,6.27,914.54,28.71
105.8326,236.28,190.96,95.81,124.96,25.41,127.16,81.84,35.31,0.0,0.0,0.0,0.0,0.0,7.04,12.76,4.18,917.73,23.98
105.8426,220.88,181.94,91.08,133.98,27.5,133.54,85.47,38.83,0.0,0.0,0.0,0.0,0.0,4.73,12.76,4.18,913.22,21.67
105.8526,206.36,168.3,84.04,140.69,27.5,139.92,90.86,40.59,0.0,0.0,0.0,0.0,0.0,4.73,10.23,0.0,898.26,14.96
105.8626,191.73,157.74,79.31,147.4,29.59,146.19,94.49,42.35,0.0,0.0,0.0,0.0,0.0,0.0,7.7,0.0,888.8,7.7
105.8726,179.63,147.29,77.0,149.6,31.68,150.48,98.12,44.11,0.0,0.0,0.0,0.0,0.0,0.0,7.7,0.0,877.91,7.7
105.8826,169.95,136.84,72.27,154.11,31.68,152.57,101.75,45.87,0.0,0.0,0.0,0.0,0.0,0.0,5.06,0.0,865.04,5.06
105.8926,157.63,126.39,67.54,158.51,33.88,156.86,105.38,47.63,0.0,0.0,0.0,0.0,0.0,0.0,5.06,0.0,853.82,5.06
105.9026,145.31,115.94,62.81,160.82,33.88,158.95,107.25,47.63,0.0,0.0,0.0,0.0,0.0,0.0,0.0,0.0,832.59,0.0
105.9126,133.1,107.14,58.08,163.02,35.97,161.04,109.01,49.39,0.0,0.0,0.0,0.0,0.0,0.0,0.0,0.0,816.75,0.0
105.9226,120.78,96.14,50.82,165.33,35.97,163.13,110.88,51.15,0.0,0.0,0.0,0.0,0.0,0.0,0.0,0.0,794.2,0.0
105.9326,108.68,85.14,45.98,167.64,35.97,165.33,112.64,51.15,0.0,0.0,0.0,0.0,0.0,0.0,0.0,0.0,772.53,0.0
105.9426,97.68,76.34,41.14,169.95,35.97,167.53,112.64,51.15,0.0,0.0,0.0,0.0,0.0,0.0,0.0,0.0,752.4,0.0
105.9526,88.88,69.74,36.3,172.37,35.97,167.53,114.51,51.15,0.0,0.0,0.0,0.0,0.0,0.0,0.0,0.0,736.45,0.0
105.9626,79.97,60.94,31.46,174.68,35.97,171.93,114.51,52.91,0.0,0.0,0.0,0.0,0.0,0.0,0.0,0.0,722.37,0.0
105.9726,71.17,54.56,29.04,177.1,35.97,171.93,116.49,52.91,0.0,0.0,0.0,0.0,0.0,0.0,0.0,0.0,709.17,0.0
105.9826,62.37,48.73,24.2,179.41,33.88,176.33,116.49,52.91,0.0,0.0,0.0,0.0,0.0,0.0,0.0,0.0,694.32,0.0
105.9926,53.35,44.77,19.36,181.83,33.88,176.33,118.47,52.91,0.0,0.0,0.0,0.0,0.0,0.0,0.0,0.0,680.9,0.0
106.0026,41.8,38.94,16.94,181.83,33.88,178.53,120.45,52.91,0.0,0.0,0.0,0.0,0.0,0.0,0.0,0.0,665.28,0.0
106.0126,32.45,33.11,14.52,184.14,33.88,182.93,124.52,54.67,0.0,0.0,0.0,0.0,0.0,0.0,0.0,0.0,660.22,0.0
106.0226,25.52,27.28,12.1,181.83,33.88,182.93,128.59,54.67,0.0,0.0,0.0,0.0,0.0,0.0,0.0,0.0,646.8,0.0
106.0326,20.9,23.32,9.68,181.83,33.88,187.33,132.55,56.54,0.0,0.0,0.0,0.0,0.0,0.0,0.0,0.0,646.03,0.0
106.0426,16.17,19.47,9.68,181.83,33.88,189.53,138.6,58.52,0.0,0.0,0.0,0.0,0.0,0.0,0.0,0.0,647.68,0.0
106.0526,13.86,15.51,7.26,179.41,35.97,191.73,146.74,60.5,0.0,0.0,0.0,0.0,0.0,0.0,0.0,0.0,650.98,0.0
106.0626,11.55,13.64,7.26,179.41,35.97,196.24,152.79,62.59,0.0,0.0,0.0,0.0,0.0,0.0,0.0,0.0,659.45,0.0
106.0726,11.55,11.66,4.84,177.1,35.97,198.44,160.82,62.59,0.0,0.0,0.0,0.0,0.0,0.0,0.0,0.0,662.97,0.0
106.0826,9.24,9.68,4.84,172.37,35.97,200.64,168.96,64.57,0.0,0.0,0.0,0.0,0.0,0.0,0.0,0.0,666.27,0.0
106.0926,6.93,7.7,4.84,167.64,35.97,205.04,177.21,68.64,0.0,0.0,0.0,0.0,0.0,0.0,0.0,0.0,673.97,0.0
106.1026,6.93,7.7,0.0,163.02,35.97,207.24,185.46,70.62,0.0,0.0,0.0,0.0,0.0,0.0,0.0,0.0,676.94,0.0
106.1126,6.93,5.83,0.0,154.11,33.88,207.24,193.71,72.6,0.0,0.0,0.0,0.0,0.0,0.0,0.0,0.0,674.3,0.0
106.1226,4.62,5.83,0.0,142.89,33.88,207.24,202.07,76.67,0.0,0.0,0.0,0.0,0.0,0.0,0.0,0.0,673.2,0.0
106.1326,4.62,3.85,0.0,131.67,31.68,207.24,208.23,78.65,0.0,0.0,0.0,0.0,0.0,0.0,0.0,0.0,665.94,0.0
106.1426,0.0,3.85,0.0,122.76,29.59,207.24,212.41,82.72,0.0,0.0,0.0,0.0,0.0,0.0,0.0,0.0,658.57,0.0
106.1526,0.0,3.85,0.0,109.34,27.5,207.24,216.48,86.79,0.0,0.0,0.0,0.0,0.0,0.0,0.0,0.0,651.2,0.0
106.1626,0.0,3.85,0.0,98.34,23.21,207.24,216.48,90.86,0.0,0.0,0.0,0.0,0.0,0.0,0.0,0.0,639.98,0.0
106.1726,0.0,3.85,0.0,85.03,19.03,205.04,216.48,94.82,8.69,0.0,0.0,0.0,0.0,0.0,0.0,0.0,624.25,8.69
106.1826,0.0,0.0,0.0,71.83,14.74,200.64,216.48,98.89,38.61,9.35,0.0,0.0,0.0,0.0,0.0,0.0,602.58,47.96
106.1926,0.0,0.0,0.0,56.87,12.65,194.04,214.39,100.87,182.27,44.55,9.57,0.0,0.0,0.0,0.0,0.0,578.82,236.39
106.2026,0.0,0.0,0.0,44.77,10.56,182.93,214.39,104.94,212.41,65.67,19.14,16.94,0.0,0.0,0.0,0.0,557.59,314.16
106.2126,0.0,0.0,0.0,31.02,8.47,163.13,210.32,106.92,205.48,96.47,33.44,42.35,0.0,0.0,5.06,0.0,519.86,382.8
106.2226,0.0,0.0,0.0,20.68,6.27,137.72,206.14,109.01,210.1,120.56,45.43,78.21,0.0,7.04,7.7,0.0,479.82,469.04
106.2326,0.0,0.0,0.0,17.16,6.27,105.6,193.71,104.94,217.03,138.05,55.11,103.29,0.0,33.22,12.76,4.18,427.68,563.64
106.2426,0.0,0.0,0.0,15.51,6.27,67.54,164.89,98.89,214.72,145.64,57.75,122.21,0.0,52.25,15.4,6.27,353.1,614.24
106.2526,0.0,0.0,0.0,11.99,8.47,41.03,118.47,88.77,210.1,148.06,60.5,131.67,0.0,70.18,20.46,10.56,268.73,651.53
106.2626,0.0,0.0,0.0,10.34,6.27,29.26,69.19,74.69,212.41,155.65,66.0,137.94,5.5,83.82,35.97,14.74,189.75,712.03
106.2726,0.0,0.0,0.0,6.82,4.18,21.45,41.25,56.54,221.65,165.66,71.39,150.59,8.25,94.6,43.67,19.03,130.24,774.84
106.2826,0.0,0.0,0.0,5.17,0.0,17.49,32.01,38.83,231.44,175.45,76.89,160.05,11.0,102.74,53.9,23.21,93.5,834.68
106.2926,0.0,0.0,0.0,3.41,0.0,13.64,25.96,24.64,241.23,180.29,85.03,166.43,11.0,113.63,62.48,25.41,67.65,885.5
106.3026,0.0,0.0,0.0,3.41,0.0,9.68,19.8,17.6,243.76,185.13,87.78,176.0,13.75,121.88,71.39,29.59,50.49,929.28
106.3126,0.0,0.0,0.0,3.41,0.0,7.81,13.75,8.8,243.76,187.55,93.28,182.38,16.5,130.02,77.33,31.79,33.77,962.61
106.3226,0.0,0.0,0.0,0.0,0.0,5.83,9.13,5.28,238.81,187.55,90.53,191.95,16.5,135.41,83.27,33.88,20.24,977.9
106.3326,0.0,0.0,0.0,0.0,0.0,5.83,7.59,3.52,228.91,185.13,87.78,201.63,19.25,143.66,86.35,33.88,16.94,986.59
106.3426,0.0,0.0,0.0,0.0,0.0,3.85,6.05,3.52,219.34,180.29,87.78,211.2,19.25,149.05,92.29,35.97,13.42,995.17
106.3526,0.0,0.0,0.0,0.0,0.0,3.85,4.51,0.0,207.79,175.45,85.03,217.58,19.25,154.55,95.26,38.06,8.36,992.97
106.3626,0.0,0.0,0.0,0.0,0.0,0.0,2.97,0.0,196.24,168.19,82.39,224.07,19.25,159.94,101.2,40.26,2.97,991.54
106.3726,0.0,0.0,0.0,0.0,0.0,0.0,0.0,0.0,182.27,158.07,76.89,229.79,22.0,165.44,104.17,40.26,0.0,978.89
106.3826,0.0,0.0,0.0,0.0,0.0,0.0,0.0,0.0,166.1,150.59,74.14,232.76,22.0,170.83,110.22,42.35,0.0,968.99
106.3926,0.0,0.0,0.0,0.0,0.0,0.0,0.0,0.0,153.34,140.58,68.75,241.45,24.75,176.22,113.08,44.44,0.0,962.61
106.4026,0.0,0.0,0.0,0.0,0.0,0.0,0.0,0.0,138.49,130.57,63.25,244.42,24.75,181.61,115.94,44.44,0.0,943.47
106.4126,0.0,0.0,0.0,0.0,0.0,0.0,0.0,0.0,123.75,120.56,57.75,250.14,24.75,187.0,118.91,46.53,0.0,929.39
106.4226,0.0,0.0,0.0,0.0,0.0,0.0,0.0,0.0,111.43,108.24,52.69,255.97,24.75,189.64,121.77,48.73,0.0,913.22
106.4325,0.0,0.0,0.0,0.0,0.0,0.0,0.0,0.0,99.99,101.2,50.27,258.94,27.5,195.03,124.63,48.73,0.0,906.29
106.4425,0.0,0.0,0.0,0.0,0.0,0.0,0.0,0.0,88.44,91.74,45.43,264.77,27.5,200.42,127.6,50.82,0.0,896.72
106.4525,0.0,0.0,0.0,0.0,0.0,0.0,0.0,0.0,78.98,84.59,43.12,267.63,27.5,203.06,127.6,52.91,0.0,885.39
106.4625,0.0,0.0,0.0,0.0,0.0,0.0,0.0,0.0,69.41,77.55,38.28,273.46,27.5,205.81,130.46,52.91,0.0,875.38
106.4725,0.0,0.0,0.0,0.0,0.0,0.0,0.0,0.0,61.71,70.4,35.86,273.46,27.5,211.2,133.32,55.11,0.0,868.56
106.4825,0.0,0.0,0.0,0.0,0.0,0.0,0.0,0.0,52.69,63.36,31.13,276.43,27.5,213.84,133.32,57.53,0.0,855.8
106.4925,0.0,0.0,0.0,0.0,0.0,0.0,0.0,0.0,47.41,58.63,28.71,279.51,27.5,219.23,136.29,59.95,0.0,857.23
106.5025,0.0,0.0,0.0,0.0,0.0,0.0,0.0,0.0,40.37,53.9,23.87,282.7,27.5,221.98,139.15,62.37,0.0,851.84
106.5125,0.0,0.0,0.0,0.0,0.0,0.0,0.0,0.0,35.09,46.86,21.56,282.7,24.75,227.48,142.12,64.9,0.0,845.46
106.5225,0.0,0.0,0.0,0.0,0.0,0.0,0.0,0.0,29.81,42.13,16.72,282.7,24.75,230.34,147.84,67.32,0.0,841.61
106.5325,0.0,0.0,0.0,0.0,0.0,0.0,0.0,0.0,24.53,37.51,14.3,279.51,27.5,235.95,153.67,72.16,0.0,845.13
106.5425,0.0,0.0,0.0,0.0,0.0,0.0,0.0,0.0,19.25,32.78,11.88,279.51,27.5,238.7,159.5,74.69,0.0,843.81
106.5525,0.0,0.0,0.0,0.0,0.0,0.0,0.0,0.0,17.49,25.74,11.88,279.51,27.5,244.31,165.33,79.53,0.0,851.29
106.5625,0.0,0.0,0.0,0.0,0.0,0.0,0.0,0.0,13.97,21.01,9.57,276.43,27.5,247.06,174.24,81.95,0.0,851.73
106.5725,0.0,0.0,0.0,0.0,0.0,0.0,0.0,0.0,12.21,16.39,9.57,273.46,27.5,249.92,183.15,86.9,0.0,859.1
106.5825,0.0,0.0,0.0,0.0,0.0,0.0,0.0,0.0,10.45,13.97,9.57,270.6,27.5,255.42,189.09,89.32,0.0,865.92
106.5925,0.0,0.0,0.0,0.0,0.0,0.0,0.0,0.0,8.69,11.66,7.15,264.77,27.5,258.28,198.11,94.27,0.0,870.43
106.6025,4.62,0.0,0.0,0.0,0.0,0.0,0.0,0.0,8.69,9.35,7.15,255.97,27.5,263.89,207.02,96.69,4.62,876.26
106.6125,4.62,0.0,0.0,0.0,0.0,0.0,0.0,0.0,6.93,9.35,4.73,247.28,27.5,263.89,212.96,101.53,4.62,874.17
106.6225,9.24,0.0,0.0,0.0,0.0,0.0,0.0,0.0,5.17,6.93,4.73,232.76,24.75,266.64,218.9,104.06,9.24,863.94
106.6325,11.55,0.0,0.0,0.0,0.0,0.0,0.0,0.0,5.17,4.62,0.0,217.58,24.75,266.64,224.73,108.9,11.55,852.39
106.6425,23.21,5.83,0.0,0.0,0.0,0.0,0.0,0.0,5.17,4.62,0.0,198.44,22.0,266.64,227.59,113.85,29.04,838.31
106.6525,55.77,13.64,0.0,0.0,0.0,0.0,0.0,0.0,3.41,4.62,0.0,179.19,19.25,263.89,230.45,116.05,69.41,816.86
106.6625,157.63,44.77,9.68,0.0,0.0,0.0,0.0,0.0,3.41,0.0,0.0,160.05,16.5,261.03,230.45,118.25,212.08,789.69
106.6725,225.94,78.54,29.04,10.34,0.0,0.0,0.0,0.0,3.41,0.0,0.0,134.86,13.75,255.42,230.45,122.76,343.86,760.65
106.6825,218.46,100.54,43.56,25.85,0.0,9.68,0.0,3.52,0.0,0.0,0.0,106.48,8.25,244.31,227.59,124.96,401.61,711.59
106.6925,220.88,120.12,55.77,37.84,0.0,17.49,0.0,5.28,0.0,0.0,0.0,78.21,5.5,227.48,227.59,129.47,457.38,668.25
106.7025,218.46,132.66,60.39,44.77,0.0,27.28,4.51,8.8,0.0,0.0,0.0,48.07,5.5,200.42,224.73,131.67,496.87,610.39
106.7125,216.04,143.11,62.81,53.35,0.0,42.9,9.13,12.32,0.0,0.0,0.0,28.27,5.5,162.69,218.9,133.87,539.66,549.23
106.7225,211.2,149.38,62.81,60.83,0.0,54.67,18.26,15.84,0.0,0.0,0.0,22.55,5.5,110.99,204.05,131.67,572.99,474.76
106.7325,213.62,159.83,69.85,67.43,4.18,65.34,27.5,19.36,0.0,0.0,0.0,16.94,8.25,64.79,171.27,122.76,627.11,384.01
106.7425,220.88,168.3,74.58,74.03,8.47,76.56,38.17,22.88,0.0,0.0,0.0,16.94,8.25,42.68,130.46,111.32,683.87,309.65
106.7525,231.11,177.43,84.04,78.43,12.65,83.27,47.3,26.4,0.0,0.0,0.0,14.08,8.25,30.8,80.3,99.11,740.63,232.54
106.7625,246.73,188.76,93.5,82.83,16.94,92.18,56.54,30.03,0.0,0.0,0.0,11.22,5.5,23.65,53.9,79.53,807.51,173.8
106.7725,254.43,193.27,100.54,85.03,19.03,98.89,65.56,30.03,0.0,0.0,0.0,8.47,5.5,18.92,41.03,52.91,846.78,126.83
106.7825,254.43,195.58,105.27,89.54,21.12,103.4,72.82,31.79,0.0,0.0,0.0,5.61,0.0,14.19,30.8,33.88,873.95,84.48
106.7925,251.9,195.58,105.27,93.94,23.21,110.11,78.21,33.55,0.0,0.0,0.0,5.61,0.0,9.46,20.46,14.74,891.77,50.27
106.8025,246.73,190.96,105.27,98.34,25.41,114.51,83.71,35.31,0.0,0.0,0.0,5.61,0.0,7.04,15.4,6.27,900.24,34.32
106.8125,241.45,186.45,102.96,100.54,27.5,118.69,89.1,37.07,0.0,0.0,0.0,0.0,0.0,7.04,12.76,4.18,903.76,23.98
106.8225,231.11,179.63,100.54,104.94,29.59,122.98,92.73,38.83,0.0,0.0,0.0,0.0,0.0,4.73,12.76,4.18,900.35,21.67
106.8325,223.41,170.61,98.23,104.94,29.59,127.16,99.99,40.59,0.0,0.0,0.0,0.0,0.0,4.73,10.23,0.0,894.52,14.96
106.8425,213.62,161.92,95.81,107.14,31.68,129.25,105.38,44.11,0.0,0.0,0.0,0.0,0.0,4.73,7.7,0.0,888.91,12.43
106.8525,206.36,153.56,95.81,104.94,33.88,131.45,110.88,45.87,0.0,0.0,0.0,0.0,0.0,0.0,7.7,0.0,882.75,7.7
106.8625,196.68,145.2,91.08,104.94,35.97,133.54,116.49,45.87,0.0,0.0,0.0,0.0,0.0,0.0,5.06,0.0,869.77,5.06
106.8725,186.89,134.75,86.35,107.14,35.97,135.63,120.45,47.63,0.0,0.0,0.0,0.0,0.0,0.0,5.06,0.0,854.81,5.06
106.8825,174.79,124.3,81.73,107.14,38.06,137.72,124.52,49.39,0.0,0.0,0.0,0.0,0.0,0.0,0.0,0.0,837.65,0.0
106.8925,162.58,113.85,74.58,107.14,38.06,139.92,128.59,49.39,0.0,0.0,0.0,0.0,0.0,0.0,0.0,0.0,814.11,0.0
106.9025,150.26,102.74,69.85,107.14,40.15,142.01,132.55,51.15,0.0,0.0,0.0,0.0,0.0,0.0,0.0,0.0,795.85,0.0
106.9125,137.94,93.94,65.12,109.34,40.15,144.1,138.6,51.15,0.0,0.0,0.0,0.0,0.0,0.0,0.0,0.0,780.34,0.0
106.9225,125.73,85.14,58.08,109.34,42.35,148.39,142.67,52.91,0.0,0.0,0.0,0.0,0.0,0.0,0.0,0.0,764.61,0.0
106.9325,113.41,76.34,53.24,111.54,42.35,150.48,146.74,52.91,0.0,0.0,0.0,0.0,0.0,0.0,0.0,0.0,747.01,0.0
106.9425,102.08,67.54,48.4,111.54,44.44,152.57,152.79,54.67,0.0,0.0,0.0,0.0,0.0,0.0,0.0,0.0,734.03,0.0
106.9525,91.08,58.74,43.56,111.54,46.53,156.86,158.84,54.67,0.0,0.0,0.0,0.0,0.0,0.0,0.0,0.0,721.82,0.0
106.9625,79.97,52.58,38.72,113.85,46.53,158.95,164.89,56.54,0.0,0.0,0.0,0.0,0.0,0.0,0.0,0.0,712.03,0.0
106.9725,68.97,44.77,31.46,113.85,46.53,163.13,170.94,56.54,0.0,0.0,0.0,0.0,0.0,0.0,0.0,0.0,696.19,0.0
106.9825,57.97,38.94,26.62,113.85,48.62,165.33,179.3,58.52,0.0,0.0,0.0,0.0,0.0,0.0,0.0,0.0,689.15,0.0
106.9925,44.11,31.13,19.36,111.54,48.62,167.53,187.55,58.52,0.0,0.0,0.0,0.0,0.0,0.0,0.0,0.0,668.36,0.0
107.0025,32.45,25.3,16.94,109.34,48.62,171.93,197.89,60.5,0.0,0.0,0.0,0.0,0.0,0.0,0.0,0.0,662.97,0.0
107.0125,25.52,17.49,12.1,104.94,48.62,174.13,208.23,62.59,0.0,0.0,0.0,0.0,0.0,0.0,0.0,0.0,653.62,0.0
107.0225,18.59,13.64,12.1,100.54,48.62,174.13,218.57,62.59,0.0,0.0,0.0,0.0,0.0,0.0,0.0,0.0,648.78,0.0
107.0325,16.17,11.66,9.68,98.34,48.62,176.33,229.24,64.57,0.0,0.0,0.0,0.0,0.0,0.0,0.0,0.0,654.61,0.0
107.0425,11.55,9.68,7.26,91.74,48.62,178.53,240.24,66.55,0.0,0.0,0.0,0.0,0.0,0.0,0.0,0.0,654.17,0.0
107.0525,9.24,7.7,4.84,87.34,48.62,178.53,251.35,66.55,0.0,0.0,0.0,0.0,0.0,0.0,0.0,0.0,654.17,0.0
107.0625,6.93,5.83,4.84,80.63,46.53,178.53,260.15,68.64,0.0,0.0,0.0,0.0,0.0,0.0,0.0,0.0,652.08,0.0
107.0725,6.93,5.83,0.0,74.03,44.44,178.53,271.15,70.62,0.0,0.0,0.0,0.0,0.0,0.0,0.0,0.0,651.53,0.0
107.0825,4.62,3.85,0.0,67.43,44.44,178.53,277.86,72.6,3.41,0.0,0.0,0.0,0.0,0.0,0.0,0.0,649.33,3.41
107.0925,4.62,3.85,0.0,58.63,40.15,176.33,284.68,74.69,3.41,0.0,0.0,0.0,0.0,0.0,0.0,0.0,642.95,3.41
107.1025,0.0,3.85,0.0,51.7,35.97,174.13,286.88,76.67,6.93,0.0,0.0,0.0,0.0,0.0,0.0,0.0,629.2,6.93
107.1125,0.0,3.85,0.0,44.77,31.68,169.73,286.88,80.74,13.97,0.0,0.0,0.0,0.0,0.0,0.0,0.0,617.65,13.97
107.1225,0.0,0.0,0.0,36.19,25.41,165.33,284.68,82.72,38.61,9.35,0.0,0.0,0.0,0.0,0.0,0.0,594.33,47.96
107.1325,0.0,0.0,0.0,29.26,19.03,156.86,277.86,84.81,168.41,58.63,14.3,5.61,0.0,0.0,7.7,0.0,567.82,254.65
107.1425,0.0,0.0,0.0,22.33,12.65,142.01,266.75,86.79,219.34,94.05,35.86,45.21,0.0,0.0,12.76,0.0,530.53,407.22
107.1525,0.0,0.0,0.0,15.51,8.47,122.98,257.95,88.77,236.28,138.05,55.11,106.48,0.0,16.61,15.4,0.0,493.68,567.93
107.1625,0.0,0.0,0.0,10.34,6.27,94.49,244.64,90.86,231.44,150.59,66.0,125.4,5.5,45.1,20.46,6.27,446.6,650.76
107.1725,0.0,0.0,0.0,10.34,6.27,65.34,222.75,88.77,217.03,153.12,63.25,137.94,8.25,62.04,25.63,10.56,393.47,677.82
107.1825,0.0,0.0,0.0,8.58,6.27,39.05,183.37,80.74,205.48,153.12,63.25,147.51,8.25,70.18,33.33,12.65,318.01,693.77
107.1925,0.0,0.0,0.0,6.82,6.27,27.28,128.59,66.55,198.55,160.6,63.25,163.24,8.25,86.46,43.67,19.03,235.51,743.05
107.2025,0.0,0.0,0.0,5.17,6.27,19.47,76.45,51.15,198.55,170.61,66.0,179.19,11.0,100.1,53.9,23.21,158.51,802.56
107.2125,0.0,0.0,0.0,3.41,0.0,15.62,45.76,37.07,198.55,175.45,71.39,191.95,13.75,110.99,62.48,25.41,101.86,849.97
107.2225,0.0,0.0,0.0,3.41,0.0,13.64,32.01,26.4,205.48,180.29,76.89,204.82,13.75,124.52,74.36,29.59,75.46,909.7
107.2325,0.0,0.0,0.0,0.0,0.0,9.68,24.42,15.84,210.1,182.71,85.03,214.39,16.5,132.77,86.35,31.79,49.94,959.64
107.2425,0.0,0.0,0.0,0.0,0.0,7.81,19.8,10.56,205.48,182.71,85.03,224.07,19.25,143.66,95.26,35.97,38.17,991.43
107.2525,0.0,0.0,0.0,0.0,0.0,5.83,13.75,5.28,196.24,180.29,85.03,235.62,19.25,151.8,98.23,35.97,24.86,1002.43
107.2625,0.0,0.0,0.0,0.0,0.0,5.83,10.67,3.52,184.58,175.45,82.39,247.28,19.25,159.94,104.17,40.26,20.02,1013.32
107.2725,0.0,0.0,0.0,0.0,0.0,3.85,10.67,3.52,170.72,168.19,76.89,261.8,19.25,168.19,107.14,40.26,18.04,1012.44
107.2825,0.0,0.0,0.0,0.0,0.0,3.85,9.13,3.52,159.72,160.6,74.14,273.46,22.0,176.22,110.22,42.35,16.5,1018.71
107.2925,0.0,0.0,0.0,0.0,0.0,3.85,7.59,3.52,146.96,150.59,68.75,282.7,22.0,181.61,113.08,44.44,14.96,1010.13
107.3025,0.0,0.0,0.0,0.0,0.0,0.0,6.05,0.0,132.22,138.05,63.25,288.97,22.0,189.64,115.94,46.53,6.05,996.6
107.3125,0.0,0.0,0.0,0.0,0.0,0.0,4.51,0.0,117.37,125.51,57.75,295.35,22.0,195.03,118.91,48.73,4.51,980.65
107.3225,0.0,0.0,0.0,0.0,0.0,0.0,4.51,0.0,105.71,113.08,55.11,301.62,22.0,200.42,121.77,48.73,4.51,968.44
107.3325,0.0,0.0,0.0,0.0,0.0,0.0,2.97,0.0,94.16,103.51,50.27,304.81,24.75,203.06,121.77,50.82,2.97,953.15
107.3425,0.0,0.0,0.0,0.0,0.0,0.0,2.97,0.0,80.85,91.74,45.43,304.81,24.75,205.81,124.63,52.91,2.97,930.93
107.3525,0.0,0.0,0.0,0.0,0.0,0.0,2.97,0.0,71.28,82.28,40.7,308.0,24.75,208.45,127.6,55.11,2.97,918.17
107.3625,0.0,0.0,0.0,0.0,0.0,0.0,0.0,0.0,61.71,75.13,38.28,304.81,24.75,211.2,127.6,57.53,0.0,901.01
107.3725,0.0,0.0,0.0,0.0,0.0,0.0,0.0,0.0,54.45,68.09,33.44,304.81,24.75,211.2,127.6,59.95,0.0,884.29
107.3825,0.0,0.0,0.0,0.0,0.0,0.0,0.0,0.0,47.41,60.94,31.13,301.62,24.75,213.84,130.46,59.95,0.0,870.1
107.3925,0.0,0.0,0.0,0.0,0.0,0.0,0.0,0.0,42.13,56.21,28.71,298.43,22.0,216.59,130.46,62.37,0.0,856.9
107.4025,0.0,0.0,0.0,0.0,0.0,0.0,0.0,0.0,38.61,51.59,26.29,298.43,22.0,219.23,130.46,64.9,0.0,851.51
107.4125,0.0,0.0,0.0,0.0,0.0,0.0,0.0,0.0,33.33,49.17,21.56,298.43,22.0,219.23,133.32,64.9,0.0,841.94
107.4225,0.0,0.0,0.0,0.0,0.0,0.0,0.0,0.0,29.81,44.55,19.14,298.43,22.0,221.98,133.32,67.32,0.0,836.55
107.4325,0.0,0.0,0.0,0.0,0.0,0.0,0.0,0.0,24.53,39.82,16.72,298.43,22.0,224.73,136.29,69.74,0.0,832.26
107.4425,0.0,0.0,0.0,0.0,0.0,0.0,0.0,0.0,21.01,35.09,11.88,298.43,22.0,227.48,139.15,69.74,0.0,824.78
107.4525,0.0,0.0,0.0,0.0,0.0,0.0,0.0,0.0,17.49,30.47,11.88,298.43,22.0,230.34,142.12,72.16,0.0,824.89
107.4625,0.0,0.0,0.0,0.0,0.0,0.0,0.0,0.0,15.73,25.74,9.57,295.35,22.0,233.09,144.98,74.69,0.0,821.15
107.4725,0.0,0.0,0.0,0.0,0.0,0.0,0.0,0.0,12.21,21.01,9.57,292.16,22.0,238.7,150.81,77.11,0.0,823.57
107.4825,0.0,0.0,0.0,0.0,0.0,0.0,0.0,0.0,12.21,18.7,9.57,292.16,22.0,241.45,156.53,79.53,0.0,832.15
107.4925,0.0,0.0,0.0,0.0,0.0,0.0,0.0,0.0,10.45,16.39,7.15,285.89,22.0,247.06,165.33,81.95,0.0,836.22
107.5025,0.0,0.0,0.0,0.0,0.0,0.0,0.0,0.0,8.69,13.97,7.15,282.7,22.0,249.92,171.27,84.48,0.0,840.18
107.5125,0.0,0.0,0.0,0.0,0.0,0.0,0.0,0.0,6.93,11.66,7.15,273.46,22.0,255.42,180.18,89.32,0.0,846.12
107.5225,0.0,0.0,0.0,0.0,0.0,0.0,0.0,0.0,6.93,9.35,4.73,267.63,22.0,258.28,189.09,91.74,0.0,849.75
107.5325,0.0,0.0,0.0,0.0,0.0,0.0,0.0,0.0,5.17,9.35,4.73,255.97,22.0,261.03,198.11,96.69,0.0,853.05
107.5425,0.0,0.0,0.0,0.0,0.0,0.0,0.0,0.0,5.17,6.93,0.0,244.42,22.0,263.89,209.99,99.11,0.0,851.51
107.5525,0.0,0.0,0.0,0.0,0.0,0.0,0.0,0.0,5.17,6.93,0.0,232.76,22.0,266.64,218.9,104.06,0.0,856.46
107.5625,0.0,0.0,0.0,0.0,0.0,0.0,0.0,0.0,3.41,4.62,0.0,217.58,19.25,263.89,224.73,106.48,0.0,839.96
107.5725,0.0,0.0,0.0,0.0,0.0,0.0,0.0,0.0,3.41,4.62,0.0,201.63,19.25,266.64,230.45,111.32,0.0,837.32
107.5825,4.62,0.0,0.0,0.0,0.0,0.0,0.0,0.0,3.41,4.62,0.0,182.38,16.5,266.64,236.06,116.05,4.62,825.66
107.5925,13.86,0.0,0.0,0.0,0.0,0.0,0.0,0.0,0.0,0.0,0.0,163.24,13.75,263.89,238.92,120.45,13.86,800.25
107.6025,53.35,11.66,0.0,0.0,0.0,0.0,0.0,0.0,0.0,0.0,0.0,141.13,11.0,261.03,238.92,127.16,65.01,779.24
107.6125,179.63,46.75,12.1,0.0,0.0,0.0,0.0,0.0,0.0,0.0,0.0,119.02,8.25,255.42,241.67,133.87,238.48,758.23
107.6225,238.92,76.34,33.88,11.99,0.0,0.0,0.0,0.0,0.0,0.0,0.0,93.94,5.5,244.31,241.67,138.38,361.13,723.8
107.6325,220.88,102.74,50.82,24.09,0.0,7.81,0.0,3.52,0.0,0.0,0.0,65.67,5.5,221.98,241.67,145.09,409.86,679.91
107.6425,220.88,126.39,65.12,36.19,0.0,19.47,2.97,7.04,0.0,0.0,0.0,39.6,5.5,187.0,238.92,149.6,478.06,620.62
107.6525,225.94,138.93,74.58,41.36,0.0,37.07,10.67,12.32,0.0,0.0,0.0,28.27,5.5,135.41,227.59,149.6,540.87,546.37
107.6625,231.11,151.47,79.31,48.18,6.27,48.84,19.8,15.84,0.0,0.0,0.0,22.55,8.25,78.32,198.11,142.89,600.82,450.12
107.6725,231.11,159.83,84.04,53.35,8.47,58.63,32.01,21.12,0.0,0.0,0.0,19.8,8.25,47.52,147.84,127.16,648.56,350.57
107.6825,236.28,168.3,93.5,55.11,12.65,69.74,42.68,24.64,0.0,0.0,0.0,16.94,8.25,33.22,92.29,113.85,702.9,264.55
107.6925,244.09,177.43,100.54,60.83,16.94,80.96,53.46,28.27,0.0,0.0,0.0,14.08,8.25,26.07,59.51,94.27,762.52,202.18
107.7025,254.43,184.25,110.0,65.23,21.12,89.98,65.56,33.55,0.0,0.0,0.0,8.47,5.5,21.34,46.2,67.32,824.12,148.83
107.7125,262.24,188.76,119.79,69.63,25.41,96.69,78.21,38.83,0.0,0.0,0.0,8.47,0.0,16.61,33.33,40.26,879.56,98.67
107.7225,262.24,190.96,127.27,71.83,27.5,103.4,90.86,44.11,0.0,0.0,0.0,0.0,0.0,11.88,23.1,14.74,918.17,49.72
107.7325,257.07,186.45,129.69,76.23,31.68,110.11,103.62,45.87,0.0,0.0,0.0,0.0,0.0,9.46,17.93,6.27,940.72,33.66
107.7425,251.9,181.94,127.27,80.63,33.88,118.69,112.64,49.39,0.0,0.0,0.0,0.0,0.0,7.04,15.4,4.18,956.34,26.62
107.7525,238.92,172.81,124.74,82.83,35.97,125.07,124.52,52.91,0.0,0.0,0.0,0.0,0.0,4.73,12.76,4.18,957.77,21.67
107.7625,225.94,161.92,117.37,87.34,38.06,129.25,134.64,54.67,0.0,0.0,0.0,0.0,0.0,0.0,10.23,0.0,949.19,10.23
107.7725,208.78,149.38,112.42,87.34,40.15,133.54,144.65,56.54,0.0,0.0,0.0,0.0,0.0,0.0,7.7,0.0,932.8,7.7
107.7825,194.15,136.84,105.27,89.54,42.35,137.72,154.77,60.5,0.0,0.0,0.0,0.0,0.0,0.0,7.7,0.0,921.14,7.7
107.7925,182.05,126.39,98.23,89.54,44.44,142.01,164.89,62.59,0.0,0.0,0.0,0.0,0.0,0.0,5.06,0.0,910.14,5.06
107.8025,169.95,115.94,93.5,89.54,46.53,144.1,173.03,64.57,0.0,0.0,0.0,0.0,0.0,0.0,0.0,0.0,897.16,0.0
107.8125,155.21,102.74,84.04,89.54,48.62,146.19,181.28,64.57,0.0,0.0,0.0,0.0,0.0,0.0,0.0,0.0,872.19,0.0
107.8225,140.47,91.74,77.0,89.54,48.62,150.48,185.46,66.55,0.0,0.0,0.0,0.0,0.0,0.0,0.0,0.0,849.86,0.0
107.8325,123.2,80.74,67.54,89.54,50.82,150.48,191.62,66.55,0.0,0.0,0.0,0.0,0.0,0.0,0.0,0.0,820.49,0.0
107.8425,106.48,69.74,58.08,89.54,50.82,152.57,193.71,68.64,0.0,0.0,0.0,0.0,0.0,0.0,0.0,0.0,789.58,0.0
107.8525,93.28,58.74,50.82,89.54,50.82,154.66,197.89,68.64,0.0,0.0,0.0,0.0,0.0,0.0,0.0,0.0,764.39,0.0
107.8624,79.97,50.6,43.56,89.54,50.82,156.86,199.98,68.64,0.0,0.0,0.0,0.0,0.0,0.0,0.0,0.0,739.97,0.0
107.8724,66.77,42.79,36.3,89.54,50.82,158.95,202.07,68.64,0.0,0.0,0.0,0.0,0.0,0.0,0.0,0.0,715.88,0.0
107.8824,55.77,36.96,29.04,87.34,48.62,158.95,202.07,68.64,0.0,0.0,0.0,0.0,0.0,0.0,0.0,0.0,687.39,0.0
107.8924,44.11,31.13,21.78,87.34,48.62,158.95,204.05,68.64,0.0,0.0,0.0,0.0,0.0,0.0,0.0,0.0,664.62,0.0
107.9024,32.45,23.32,16.94,87.34,48.62,161.04,206.14,66.55,0.0,0.0,0.0,0.0,0.0,0.0,0.0,0.0,642.4,0.0
107.9124,23.21,19.47,12.1,85.03,46.53,161.04,208.23,66.55,0.0,0.0,0.0,0.0,0.0,0.0,0.0,0.0,622.16,0.0
107.9224,18.59,13.64,9.68,82.83,46.53,161.04,212.41,64.57,0.0,0.0,0.0,0.0,0.0,0.0,0.0,0.0,609.29,0.0
107.9324,13.86,11.66,7.26,80.63,46.53,161.04,216.48,66.55,0.0,0.0,0.0,0.0,0.0,0.0,0.0,0.0,604.01,0.0
107.9424,11.55,9.68,7.26,78.43,44.44,163.13,220.66,66.55,0.0,0.0,0.0,0.0,0.0,0.0,0.0,0.0,601.7,0.0
107.9524,9.24,7.7,4.84,78.43,44.44,165.33,227.04,66.55,0.0,0.0,0.0,0.0,0.0,0.0,0.0,0.0,603.57,0.0
107.9624,9.24,7.7,4.84,76.23,44.44,165.33,233.64,66.55,0.0,0.0,0.0,0.0,0.0,0.0,0.0,0.0,607.97,0.0
107.9724,6.93,5.83,4.84,74.03,44.44,167.53,240.24,68.64,0.0,0.0,0.0,0.0,0.0,0.0,0.0,0.0,612.48,0.0
107.9824,6.93,5.83,0.0,71.83,44.44,169.73,249.04,68.64,0.0,0.0,0.0,0.0,0.0,0.0,0.0,0.0,616.44,0.0
107.9924,4.62,3.85,0.0,69.63,42.35,171.93,255.75,72.6,0.0,0.0,0.0,0.0,0.0,0.0,0.0,0.0,620.73,0.0
108.0024,4.62,3.85,0.0,65.23,42.35,174.13,262.35,74.69,0.0,0.0,0.0,0.0,0.0,0.0,0.0,0.0,627.22,0.0
108.0124,0.0,3.85,0.0,63.03,42.35,174.13,268.95,76.67,0.0,0.0,0.0,0.0,0.0,0.0,0.0,0.0,628.98,0.0
108.0224,0.0,3.85,0.0,58.63,40.15,174.13,273.35,78.65,0.0,0.0,0.0,0.0,0.0,0.0,0.0,0.0,628.76,0.0
108.0324,0.0,3.85,0.0,53.35,35.97,171.93,277.86,80.74,3.41,0.0,0.0,0.0,0.0,0.0,0.0,0.0,623.7,3.41
108.0424,0.0,0.0,0.0,48.18,33.88,169.73,277.86,84.81,10.45,4.62,0.0,0.0,0.0,0.0,0.0,0.0,614.46,15.07
108.0524,0.0,0.0,0.0,43.01,29.59,167.53,277.86,86.79,33.33,11.66,0.0,0.0,0.0,0.0,0.0,0.0,604.78,44.99
108.0624,0.0,0.0,0.0,36.19,23.21,163.13,273.35,88.77,149.16,53.9,14.3,8.47,0.0,0.0,5.06,0.0,584.65,230.89
108.0724,0.0,0.0,0.0,29.26,19.03,154.66,268.95,92.84,212.41,89.32,35.86,48.07,0.0,0.0,10.23,0.0,564.74,395.89
108.0824,0.0,0.0,0.0,22.33,12.65,142.01,262.35,94.82,212.41,118.03,52.69,87.56,5.5,42.68,20.46,4.18,534.16,543.51
108.0924,0.0,0.0,0.0,15.51,8.47,120.78,253.55,96.91,214.72,130.57,63.25,100.21,5.5,67.54,35.97,12.65,495.22,630.41
108.1024,0.0,0.0,0.0,11.99,6.27,94.49,240.24,96.91,205.48,130.57,63.25,109.56,8.25,72.93,43.67,16.94,449.9,650.65
108.1124,0.0,0.0,0.0,11.99,6.27,63.03,216.48,94.82,189.2,130.57,57.75,119.02,8.25,81.07,46.2,16.94,392.59,649.0
108.1224,0.0,0.0,0.0,10.34,6.27,39.05,177.21,86.79,179.96,133.1,57.75,134.86,8.25,94.6,53.9,21.12,319.66,683.54
108.1324,0.0,0.0,0.0,8.58,6.27,27.28,124.52,74.69,173.03,138.05,60.5,147.51,11.0,108.24,62.48,25.41,241.34,726.22
108.1424,0.0,0.0,0.0,6.82,6.27,21.45,72.82,58.52,173.03,140.58,63.25,160.05,11.0,119.13,68.42,29.59,165.88,765.05
108.1524,0.0,0.0,0.0,5.17,4.18,17.49,45.76,47.63,177.65,148.06,71.39,169.62,13.75,130.02,83.27,33.88,120.23,827.64
108.1624,0.0,0.0,0.0,0.0,0.0,13.64,33.55,35.31,186.89,153.12,76.89,176.0,16.5,143.66,95.26,38.06,82.5,886.38
108.1724,0.0,0.0,0.0,0.0,0.0,11.66,27.5,24.64,189.2,155.65,82.39,188.76,19.25,151.8,104.17,42.35,63.8,933.57
108.1824,0.0,0.0,0.0,0.0,0.0,7.81,21.34,15.84,184.58,155.65,82.39,198.44,19.25,162.69,110.22,44.44,44.99,957.66
108.1924,0.0,0.0,0.0,0.0,0.0,7.81,15.18,7.04,175.34,153.12,79.64,211.2,22.0,173.47,115.94,46.53,30.03,977.24
108.2024,0.0,0.0,0.0,0.0,0.0,5.83,12.21,5.28,163.9,148.06,76.89,226.93,22.0,181.61,118.91,50.82,23.32,989.12
108.2124,0.0,0.0,0.0,0.0,0.0,3.85,12.21,5.28,155.43,143.11,74.14,238.59,22.0,189.64,124.63,52.91,21.34,1000.45
108.2224,0.0,0.0,0.0,0.0,0.0,3.85,10.67,3.52,144.87,135.52,71.39,247.28,24.75,197.67,127.6,57.53,18.04,1006.61
108.2324,0.0,0.0,0.0,0.0,0.0,3.85,9.13,3.52,134.31,128.04,66.0,253.11,24.75,205.81,133.32,62.37,16.5,1007.71
108.2424,0.0,0.0,0.0,0.0,0.0,0.0,7.59,3.52,121.55,115.5,63.25,258.94,24.75,211.2,139.15,64.9,11.11,999.24
108.2524,0.0,0.0,0.0,0.0,0.0,0.0,6.05,0.0,107.58,105.93,57.75,261.8,27.5,216.59,142.12,67.32,6.05,986.59
108.2624,0.0,0.0,0.0,0.0,0.0,0.0,4.51,0.0,94.16,96.47,52.69,264.77,27.5,219.23,144.98,72.16,4.51,971.96
108.2724,0.0,0.0,0.0,0.0,0.0,0.0,2.97,0.0,82.72,87.01,47.85,267.63,27.5,221.98,147.84,72.16,2.97,954.69
108.2824,0.0,0.0,0.0,0.0,0.0,0.0,2.97,0.0,71.28,75.13,40.7,267.63,27.5,227.48,150.81,74.69,2.97,935.22
108.2924,0.0,0.0,0.0,0.0,0.0,0.0,0.0,0.0,59.84,68.09,38.28,267.63,27.5,230.34,153.67,77.11,0.0,922.46
108.3024,0.0,0.0,0.0,0.0,0.0,0.0,0.0,0.0,50.93,58.63,33.44,264.77,27.5,230.34,153.67,77.11,0.0,896.39
108.3124,0.0,0.0,0.0,0.0,0.0,0.0,0.0,0.0,43.89,53.9,28.71,261.8,27.5,233.09,156.53,79.53,0.0,884.95
108.3224,0.0,0.0,0.0,0.0,0.0,0.0,0.0,0.0,36.85,49.17,23.87,261.8,27.5,233.09,156.53,79.53,0.0,868.34
108.3324,0.0,0.0,0.0,0.0,0.0,0.0,0.0,0.0,31.57,42.13,19.14,258.94,24.75,235.95,156.53,79.53,0.0,848.54
108.3424,0.0,0.0,0.0,0.0,0.0,0.0,0.0,0.0,26.29,37.51,16.72,255.97,27.5,235.95,159.5,81.95,0.0,841.39
108.3524,0.0,0.0,0.0,0.0,0.0,0.0,0.0,0.0,21.01,32.78,14.3,255.97,24.75,238.7,159.5,81.95,0.0,828.96
108.3624,0.0,0.0,0.0,0.0,0.0,0.0,0.0,0.0,17.49,28.05,11.88,253.11,24.75,238.7,162.36,81.95,0.0,818.29
108.3724,0.0,0.0,0.0,0.0,0.0,0.0,0.0,0.0,15.73,23.43,9.57,250.14,24.75,238.7,165.33,84.48,0.0,812.13
108.3824,0.0,0.0,0.0,0.0,0.0,0.0,0.0,0.0,12.21,18.7,9.57,247.28,24.75,241.45,168.3,84.48,0.0,806.74
108.3924,0.0,0.0,0.0,0.0,0.0,0.0,0.0,0.0,10.45,16.39,9.57,244.42,22.0,241.45,171.27,86.9,0.0,802.45
108.4024,0.0,0.0,0.0,0.0,0.0,0.0,0.0,0.0,8.69,11.66,7.15,238.59,24.75,244.31,177.21,86.9,0.0,799.26
108.4124,0.0,0.0,0.0,0.0,0.0,0.0,0.0,0.0,8.69,11.66,7.15,232.76,24.75,247.06,180.18,89.32,0.0,801.57
108.4224,0.0,0.0,0.0,0.0,0.0,0.0,0.0,0.0,8.69,9.35,4.73,229.79,22.0,247.06,189.09,91.74,0.0,802.45
108.4324,0.0,0.0,0.0,0.0,0.0,0.0,0.0,0.0,6.93,9.35,4.73,220.77,22.0,252.67,198.11,94.27,0.0,808.83
108.4424,0.0,0.0,0.0,0.0,0.0,0.0,0.0,0.0,6.93,6.93,4.73,214.39,22.0,255.42,204.05,99.11,0.0,813.56
108.4524,0.0,0.0,0.0,0.0,0.0,0.0,0.0,0.0,5.17,6.93,4.73,204.82,22.0,255.42,215.93,101.53,0.0,816.53
108.4624,0.0,0.0,0.0,0.0,0.0,0.0,0.0,0.0,5.17,6.93,4.73,198.44,22.0,261.03,224.73,104.06,0.0,827.09
108.4724,0.0,0.0,0.0,0.0,0.0,0.0,0.0,0.0,5.17,4.62,0.0,185.57,22.0,261.03,233.2,108.9,0.0,820.49
108.4824,0.0,0.0,0.0,0.0,0.0,0.0,0.0,0.0,3.41,4.62,0.0,176.0,22.0,261.03,241.67,111.32,0.0,820.05
108.4924,0.0,0.0,0.0,0.0,0.0,0.0,0.0,0.0,3.41,4.62,0.0,163.24,22.0,261.03,250.14,113.85,0.0,818.29
108.5024,0.0,0.0,0.0,0.0,0.0,0.0,0.0,0.0,3.41,0.0,0.0,150.59,19.25,261.03,255.86,116.05,0.0,806.19
108.5124,0.0,0.0,0.0,0.0,0.0,0.0,0.0,0.0,3.41,0.0,0.0,134.86,16.5,258.28,258.72,120.45,0.0,792.22
108.5224,11.55,0.0,0.0,0.0,0.0,0.0,0.0,0.0,0.0,0.0,0.0,119.02,16.5,252.67,261.47,122.76,11.55,772.42
108.5324,32.45,7.7,0.0,0.0,0.0,0.0,0.0,0.0,0.0,0.0,0.0,103.29,13.75,247.06,261.47,127.16,40.15,752.73
108.5424,130.57,35.09,0.0,0.0,0.0,0.0,0.0,0.0,0.0,0.0,0.0,84.48,8.25,241.45,261.47,131.67,165.66,727.32
108.5524,249.26,80.74,29.04,6.82,0.0,0.0,0.0,0.0,0.0,0.0,0.0,65.67,8.25,230.34,258.72,136.18,365.86,699.16
108.5624,233.75,107.14,45.98,25.85,0.0,9.68,2.97,3.52,0.0,0.0,0.0,50.82,5.5,208.45,258.72,140.58,428.89,664.07
108.5724,233.75,141.02,62.81,41.36,0.0,19.47,2.97,7.04,0.0,0.0,0.0,31.02,5.5,176.22,253.0,145.09,508.42,610.83
108.5824,236.28,159.83,69.85,53.35,0.0,37.07,6.05,12.32,0.0,0.0,0.0,22.55,5.5,130.02,244.53,145.09,574.75,547.69
108.5924,233.75,172.81,74.58,65.23,0.0,52.69,12.21,15.84,0.0,0.0,0.0,19.8,5.5,78.32,221.98,140.58,627.11,466.18
108.6024,225.94,179.63,74.58,78.43,4.18,67.54,22.88,19.36,0.0,0.0,0.0,16.94,8.25,47.52,177.21,127.16,672.54,377.08
108.6124,223.41,188.76,79.31,89.54,6.27,85.47,36.63,24.64,0.0,0.0,0.0,14.08,8.25,30.8,118.91,111.32,734.03,283.36
108.6224,223.41,193.27,81.73,100.54,10.56,98.89,48.84,28.27,0.0,0.0,0.0,11.22,8.25,28.49,68.42,94.27,785.51,210.65
108.6324,223.41,195.58,88.77,111.54,14.74,112.42,60.06,31.79,0.0,0.0,0.0,8.47,5.5,21.34,46.2,64.9,838.31,146.41
108.6424,225.94,200.09,93.5,120.56,19.03,122.98,70.95,35.31,0.0,0.0,0.0,5.61,0.0,14.19,30.8,35.97,888.36,86.57
108.6524,223.41,197.78,93.5,131.67,23.21,131.45,80.08,38.83,0.0,0.0,0.0,5.61,0.0,9.46,20.46,10.56,919.93,46.09
108.6624,213.62,190.96,93.5,140.69,23.21,142.01,85.47,42.35,0.0,0.0,0.0,0.0,0.0,9.46,15.4,6.27,931.81,31.13
108.6724,203.94,184.25,88.77,151.8,25.41,148.39,90.86,45.87,0.0,0.0,0.0,0.0,0.0,7.04,15.4,6.27,939.29,28.71
108.6824,191.73,172.81,84.04,160.82,27.5,154.66,94.49,47.63,0.0,0.0,0.0,0.0,0.0,7.04,12.76,6.27,933.68,26.07
108.6924,179.63,159.83,79.31,167.64,27.5,161.04,96.36,49.39,0.0,0.0,0.0,0.0,0.0,4.73,12.76,4.18,920.7,21.67
108.7024,165.0,149.38,74.58,172.37,27.5,163.13,99.99,51.15,0.0,0.0,0.0,0.0,0.0,4.73,10.23,4.18,903.1,19.14
108.7124,152.68,138.93,69.85,177.1,29.59,167.53,101.75,51.15,0.0,0.0,0.0,0.0,0.0,4.73,10.23,0.0,888.58,14.96
108.7224,145.31,130.57,65.12,179.41,29.59,167.53,101.75,51.15,0.0,0.0,0.0,0.0,0.0,4.73,7.7,0.0,870.43,12.43
108.7324,135.52,122.21,60.39,181.83,29.59,167.53,101.75,52.91,0.0,0.0,0.0,0.0,0.0,4.73,7.7,0.0,851.73,12.43
108.7424,128.15,113.85,55.77,184.14,29.59,167.53,101.75,51.15,0.0,0.0,0.0,0.0,0.0,0.0,7.7,0.0,831.93,7.7
108.7524,118.36,107.14,53.24,186.56,29.59,167.53,99.99,51.15,0.0,0.0,0.0,0.0,0.0,0.0,5.06,0.0,813.56,5.06
108.7624,110.99,98.34,48.4,188.87,29.59,167.53,98.12,49.39,0.0,0.0,0.0,0.0,0.0,0.0,5.06,0.0,791.23,5.06
108.7724,104.28,89.54,43.56,191.29,29.59,167.53,98.12,49.39,0.0,0.0,0.0,0.0,0.0,0.0,5.06,0.0,773.3,5.06
108.7824,95.48,82.94,38.72,188.87,29.59,167.53,99.99,49.39,0.0,0.0,0.0,0.0,0.0,0.0,0.0,0.0,752.51,0.0
108.7924,88.88,74.14,36.3,188.87,29.59,167.53,101.75,47.63,0.0,0.0,0.0,0.0,0.0,0.0,0.0,0.0,734.69,0.0
108.8024,79.97,67.54,33.88,186.56,29.59,167.53,103.62,49.39,0.0,0.0,0.0,0.0,0.0,0.0,0.0,0.0,718.08,0.0
108.8124,73.37,60.94,31.46,186.56,29.59,167.53,105.38,49.39,0.0,0.0,0.0,0.0,0.0,0.0,0.0,0.0,704.22,0.0
108.8224,68.97,54.56,29.04,184.14,31.68,169.73,109.01,49.39,0.0,0.0,0.0,0.0,0.0,0.0,0.0,0.0,696.52,0.0
108.8324,62.37,50.6,24.2,181.83,31.68,171.93,114.51,51.15,0.0,0.0,0.0,0.0,0.0,0.0,0.0,0.0,688.27,0.0
108.8424,55.77,46.75,21.78,179.41,31.68,171.93,118.47,52.91,0.0,0.0,0.0,0.0,0.0,0.0,0.0,0.0,678.7,0.0
108.8524,48.73,42.79,21.78,174.68,33.88,176.33,126.5,54.67,0.0,0.0,0.0,0.0,0.0,0.0,0.0,0.0,679.36,0.0
108.8624,44.11,38.94,19.36,172.37,35.97,178.53,136.62,56.54,0.0,0.0,0.0,0.0,0.0,0.0,0.0,0.0,682.44,0.0
108.8724,39.49,35.09,16.94,167.64,35.97,180.73,144.65,58.52,0.0,0.0,0.0,0.0,0.0,0.0,0.0,0.0,679.03,0.0
108.8824,34.76,33.11,16.94,165.33,38.06,182.93,154.77,60.5,0.0,0.0,0.0,0.0,0.0,0.0,0.0,0.0,686.4,0.0
108.8924,30.14,29.15,14.52,163.02,40.15,185.13,164.89,64.57,0.0,0.0,0.0,0.0,0.0,0.0,0.0,0.0,691.57,0.0
108.9024,25.52,25.3,14.52,160.82,42.35,187.33,175.12,66.55,0.0,0.0,0.0,0.0,0.0,0.0,0.0,0.0,697.51,0.0
108.9124,23.21,23.32,12.1,160.82,44.44,189.53,185.46,68.64,0.0,0.0,0.0,0.0,0.0,0.0,0.0,0.0,707.52,0.0
108.9224,20.9,21.34,12.1,158.51,44.44,194.04,195.8,70.62,0.0,0.0,0.0,0.0,0.0,0.0,0.0,0.0,717.75,0.0
108.9324,18.59,17.49,9.68,158.51,44.44,196.24,204.05,72.6,0.0,0.0,0.0,0.0,0.0,0.0,0.0,0.0,721.6,0.0
108.9424,13.86,15.51,9.68,156.31,46.53,198.44,212.41,72.6,0.0,0.0,0.0,0.0,0.0,0.0,0.0,0.0,725.34,0.0
108.9524,11.55,11.66,7.26,154.11,46.53,200.64,220.66,74.69,0.0,0.0,0.0,0.0,0.0,0.0,0.0,0.0,727.1,0.0
108.9624,11.55,9.68,7.26,147.4,44.44,202.84,227.04,76.67,0.0,0.0,0.0,0.0,0.0,0.0,0.0,0.0,726.88,0.0
108.9724,9.24,7.7,4.84,142.89,44.44,202.84,233.64,78.65,0.0,0.0,0.0,0.0,0.0,0.0,0.0,0.0,724.24,0.0
108.9824,6.93,5.83,4.84,131.67,42.35,202.84,240.24,80.74,0.0,0.0,0.0,0.0,0.0,0.0,0.0,0.0,715.44,0.0
108.9924,4.62,5.83,0.0,122.76,40.15,202.84,246.84,82.72,0.0,0.0,0.0,0.0,0.0,0.0,0.0,0.0,705.76,0.0
109.0024,4.62,3.85,0.0,109.34,38.06,200.64,251.35,84.81,0.0,0.0,0.0,0.0,0.0,0.0,0.0,0.0,692.67,0.0
109.0124,0.0,3.85,0.0,98.34,33.88,200.64,253.55,88.77,0.0,0.0,0.0,0.0,0.0,0.0,0.0,0.0,679.03,0.0
109.0224,0.0,3.85,0.0,85.03,29.59,198.44,255.75,90.86,10.45,0.0,0.0,0.0,0.0,0.0,0.0,0.0,663.52,10.45
109.0324,0.0,3.85,0.0,71.83,25.41,194.04,255.75,96.91,42.13,9.35,0.0,0.0,0.0,0.0,0.0,0.0,647.79,51.48
109.0424,0.0,0.0,0.0,58.63,19.03,187.33,253.55,98.89,163.9,37.51,7.15,0.0,0.0,0.0,0.0,0.0,617.43,208.56
109.0524,0.0,0.0,0.0,44.77,14.74,178.53,251.35,102.96,179.96,53.9,14.3,14.08,0.0,0.0,7.7,0.0,592.35,269.94
109.0624,0.0,0.0,0.0,32.67,10.56,161.04,246.84,102.96,170.72,79.86,28.71,45.21,0.0,0.0,10.23,0.0,554.07,334.73
109.0724,0.0,0.0,0.0,22.33,8.47,142.01,242.44,106.92,186.89,105.93,43.12,81.29,0.0,35.64,15.4,4.18,522.17,472.45
109.0824,0.0,0.0,0.0,17.16,6.27,116.6,231.44,106.92,203.17,120.56,52.69,97.02,0.0,59.4,23.1,10.56,478.39,566.5
109.0924,0.0,0.0,0.0,15.51,6.27,83.27,214.39,102.96,203.17,125.51,52.69,106.48,5.5,67.54,28.27,12.65,422.4,601.81
109.1024,0.0,0.0,0.0,11.99,6.27,50.71,179.3,94.82,193.82,128.04,52.69,112.75,5.5,75.68,33.33,14.74,343.09,616.55
109.1124,0.0,0.0,0.0,10.34,6.27,33.22,128.59,82.72,191.51,133.1,52.69,119.02,5.5,83.82,41.03,19.03,261.14,645.7
109.1224,0.0,0.0,0.0,8.58,6.27,23.43,76.45,66.55,193.82,140.58,57.75,128.48,8.25,91.96,43.67,21.12,181.28,685.63
109.1324,0.0,0.0,0.0,6.82,4.18,19.47,45.76,51.15,205.48,148.06,63.25,134.86,8.25,102.74,56.54,25.41,127.38,744.59
109.1424,0.0,0.0,0.0,3.41,0.0,15.62,33.55,37.07,217.03,158.07,71.39,144.32,11.0,113.63,65.45,27.5,89.65,808.39
109.1524,0.0,0.0,0.0,3.41,0.0,11.66,28.93,24.64,226.49,165.66,79.64,153.78,13.75,121.88,74.36,29.59,68.64,865.15
109.1624,0.0,0.0,0.0,0.0,0.0,9.68,22.88,17.6,233.86,170.61,85.03,160.05,13.75,130.02,83.27,33.88,50.16,910.47
109.1724,0.0,0.0,0.0,0.0,0.0,7.81,16.72,10.56,233.86,175.45,85.03,169.62,16.5,138.16,89.32,35.97,35.09,943.91
109.1824,0.0,0.0,0.0,0.0,0.0,5.83,12.21,5.28,228.91,175.45,85.03,179.19,16.5,143.66,92.29,35.97,23.32,957.0
109.1924,0.0,0.0,0.0,0.0,0.0,5.83,9.13,5.28,221.65,173.03,85.03,185.57,16.5,151.8,98.23,38.06,20.24,969.87
109.2024,0.0,0.0,0.0,0.0,0.0,3.85,9.13,3.52,214.72,170.61,85.03,191.95,19.25,159.94,104.17,40.26,16.5,985.93
109.2124,0.0,0.0,0.0,0.0,0.0,3.85,7.59,3.52,205.48,165.66,82.39,198.44,19.25,165.44,110.22,42.35,14.96,989.23
109.2224,0.0,0.0,0.0,0.0,0.0,3.85,6.05,0.0,193.82,158.07,79.64,204.82,22.0,170.83,115.94,44.44,9.9,989.56
109.2324,0.0,0.0,0.0,0.0,0.0,0.0,2.97,0.0,182.27,150.59,76.89,208.01,22.0,176.22,121.77,46.53,2.97,984.28
109.2424,0.0,0.0,0.0,0.0,0.0,0.0,0.0,0.0,168.41,140.58,74.14,214.39,22.0,181.61,124.63,48.73,0.0,974.49
109.2524,0.0,0.0,0.0,0.0,0.0,0.0,0.0,0.0,155.43,133.1,68.75,217.58,24.75,187.0,127.6,50.82,0.0,965.03
109.2624,0.0,0.0,0.0,0.0,0.0,0.0,0.0,0.0,142.78,123.09,63.25,220.77,24.75,189.64,130.46,50.82,0.0,945.56
109.2724,0.0,0.0,0.0,0.0,0.0,0.0,0.0,0.0,127.93,115.5,60.5,226.93,24.75,195.03,133.32,52.91,0.0,936.87
109.2824,0.0,0.0,0.0,0.0,0.0,0.0,0.0,0.0,115.28,105.93,55.11,229.79,24.75,197.67,136.29,55.11,0.0,919.93
109.2923,0.0,0.0,0.0,0.0,0.0,0.0,0.0,0.0,103.73,96.47,50.27,232.76,24.75,203.06,139.15,57.53,0.0,907.72
109.3023,0.0,0.0,0.0,0.0,0.0,0.0,0.0,0.0,92.29,89.32,45.43,235.62,27.5,205.81,142.12,59.95,0.0,898.04
109.3123,0.0,0.0,0.0,0.0,0.0,0.0,0.0,0.0,82.72,79.86,43.12,238.59,27.5,208.45,144.98,59.95,0.0,885.17
109.3223,0.0,0.0,0.0,0.0,0.0,0.0,0.0,0.0,73.15,72.82,38.28,241.45,27.5,213.84,147.84,62.37,0.0,877.25
109.3323,0.0,0.0,0.0,0.0,0.0,0.0,0.0,0.0,63.69,68.09,35.86,244.42,27.5,216.59,150.81,64.9,0.0,871.86
109.3423,0.0,0.0,0.0,0.0,0.0,0.0,0.0,0.0,56.21,60.94,31.13,247.28,27.5,221.98,153.67,67.32,0.0,866.03
109.3523,0.0,0.0,0.0,0.0,0.0,0.0,0.0,0.0,49.17,53.9,28.71,247.28,27.5,224.73,156.53,69.74,0.0,857.56
109.3623,0.0,0.0,0.0,0.0,0.0,0.0,0.0,0.0,43.89,49.17,26.29,250.14,27.5,230.34,159.5,72.16,0.0,858.99
109.3723,0.0,0.0,0.0,0.0,0.0,0.0,0.0,0.0,36.85,44.55,21.56,250.14,27.5,233.09,162.36,74.69,0.0,850.74
109.3823,0.0,0.0,0.0,0.0,0.0,0.0,0.0,0.0,29.81,39.82,19.14,250.14,27.5,235.95,171.27,77.11,0.0,850.74
109.3923,0.0,0.0,0.0,0.0,0.0,0.0,0.0,0.0,24.53,35.09,16.72,250.14,27.5,241.45,177.21,79.53,0.0,852.17
109.4023,0.0,0.0,0.0,0.0,0.0,0.0,0.0,0.0,19.25,28.05,11.88,247.28,27.5,244.31,183.15,81.95,0.0,843.37
109.4123,0.0,0.0,0.0,0.0,0.0,0.0,0.0,0.0,15.73,23.43,11.88,247.28,30.25,249.92,192.06,84.48,0.0,855.03
109.4223,0.0,0.0,0.0,0.0,0.0,0.0,0.0,0.0,13.97,16.39,9.57,241.45,30.25,252.67,201.08,89.32,0.0,854.7
109.4323,0.0,0.0,0.0,0.0,0.0,0.0,0.0,0.0,12.21,13.97,9.57,238.59,30.25,258.28,209.99,91.74,0.0,864.6
109.4423,0.0,0.0,0.0,0.0,0.0,0.0,0.0,0.0,10.45,11.66,7.15,232.76,30.25,261.03,218.9,94.27,0.0,866.47
109.4523,0.0,0.0,0.0,0.0,0.0,0.0,0.0,0.0,8.69,9.35,7.15,226.93,27.5,263.89,227.59,96.69,0.0,867.79
109.4623,0.0,0.0,0.0,0.0,0.0,0.0,0.0,0.0,6.93,6.93,4.73,217.58,27.5,266.64,233.2,101.53,0.0,865.04
109.4723,0.0,0.0,0.0,0.0,0.0,0.0,0.0,0.0,6.93,6.93,4.73,204.82,27.5,269.39,241.67,106.48,0.0,868.45
109.4823,0.0,0.0,0.0,0.0,0.0,0.0,0.0,0.0,5.17,4.62,0.0,188.76,24.75,269.39,247.39,108.9,0.0,848.98
109.4923,4.62,0.0,0.0,0.0,0.0,0.0,0.0,0.0,5.17,4.62,0.0,172.81,22.0,266.64,253.0,113.85,4.62,838.09
109.5023,11.55,3.85,0.0,0.0,0.0,0.0,0.0,0.0,5.17,4.62,0.0,153.78,19.25,266.64,255.86,118.25,15.4,823.57
109.5123,27.83,5.83,0.0,0.0,0.0,0.0,0.0,0.0,3.41,0.0,0.0,134.86,16.5,261.03,258.72,122.76,33.66,797.28
109.5223,84.48,21.34,0.0,0.0,0.0,0.0,0.0,0.0,3.41,0.0,0.0,112.75,13.75,255.42,258.72,127.16,105.82,771.21
109.5323,203.94,60.94,21.78,3.41,0.0,0.0,0.0,0.0,0.0,0.0,0.0,93.94,11.0,247.06,258.72,133.87,290.07,744.59
109.5423,218.46,85.14,38.72,20.68,0.0,5.83,0.0,0.0,0.0,0.0,0.0,68.75,8.25,230.34,255.86,138.38,368.83,701.58
109.5523,218.46,109.34,55.77,31.02,0.0,11.66,0.0,3.52,0.0,0.0,0.0,45.21,5.5,203.06,253.0,145.09,429.77,651.86
109.5623,218.46,126.39,65.12,39.6,0.0,25.3,4.51,8.8,0.0,0.0,0.0,28.27,5.5,165.44,250.14,149.6,488.18,598.95
109.5723,220.88,138.93,69.85,46.53,0.0,41.03,10.67,14.08,0.0,0.0,0.0,22.55,8.25,108.24,233.2,147.29,541.97,519.53
109.5823,225.94,153.56,77.0,53.35,0.0,52.69,18.26,17.6,0.0,0.0,0.0,16.94,8.25,64.79,195.14,138.38,598.4,423.5
109.5923,231.11,161.92,84.04,58.63,6.27,63.03,32.01,21.12,0.0,0.0,0.0,14.08,8.25,40.37,147.84,124.96,658.13,335.5
109.6023,241.45,177.43,91.08,63.03,10.56,74.25,42.68,24.64,0.0,0.0,0.0,14.08,8.25,33.22,92.29,108.9,725.12,256.74
109.6123,251.9,188.76,100.54,69.63,12.65,83.27,50.38,28.27,0.0,0.0,0.0,11.22,8.25,26.07,62.48,89.32,785.4,197.34
109.6223,262.24,200.09,107.69,78.43,16.94,94.49,58.3,31.79,0.0,0.0,0.0,8.47,5.5,18.92,46.2,59.95,849.97,139.04
109.6323,270.05,204.6,114.84,82.83,19.03,101.2,69.19,33.55,0.0,0.0,0.0,5.61,0.0,14.19,33.33,33.88,895.29,87.01
109.6423,270.05,206.91,119.79,89.54,23.21,107.91,76.45,37.07,0.0,0.0,0.0,0.0,0.0,11.88,25.63,10.56,930.93,48.07
109.6523,264.88,204.6,119.79,96.14,23.21,114.51,81.84,40.59,0.0,0.0,0.0,0.0,0.0,7.04,20.46,6.27,945.56,33.77
109.6623,257.07,200.09,117.37,102.74,25.41,120.78,85.47,42.35,0.0,0.0,0.0,0.0,0.0,7.04,15.4,6.27,951.28,28.71
109.6723,244.09,190.96,112.42,107.14,25.41,127.16,90.86,44.11,0.0,0.0,0.0,0.0,0.0,4.73,15.4,4.18,942.15,24.31
109.6823,233.75,181.94,110.0,109.34,27.5,131.45,94.49,47.63,0.0,0.0,0.0,0.0,0.0,4.73,12.76,4.18,936.1,21.67
109.6923,220.88,170.61,105.27,113.85,29.59,135.63,99.99,49.39,0.0,0.0,0.0,0.0,0.0,4.73,12.76,4.18,925.21,21.67
109.7023,211.2,161.92,100.54,116.05,29.59,137.72,103.62,49.39,0.0,0.0,0.0,0.0,0.0,0.0,10.23,0.0,910.03,10.23
109.7123,199.1,151.47,95.81,118.25,31.68,142.01,107.25,51.15,0.0,0.0,0.0,0.0,0.0,0.0,10.23,0.0,896.72,10.23
109.7223,189.31,143.11,91.08,118.25,33.88,144.1,110.88,52.91,0.0,0.0,0.0,0.0,0.0,0.0,10.23,0.0,883.52,10.23
109.7323,179.63,132.66,86.35,120.56,33.88,146.19,114.51,54.67,0.0,0.0,0.0,0.0,0.0,0.0,7.7,0.0,868.45,7.7
109.7423,167.53,124.3,81.73,122.76,33.88,146.19,118.47,54.67,0.0,0.0,0.0,0.0,0.0,0.0,7.7,0.0,849.53,7.7
109.7523,157.63,113.85,77.0,122.76,35.97,148.39,120.45,56.54,0.0,0.0,0.0,0.0,0.0,0.0,5.06,0.0,832.59,5.06
109.7623,142.89,102.74,69.85,124.96,35.97,150.48,122.54,56.54,0.0,0.0,0.0,0.0,0.0,0.0,5.06,0.0,805.97,5.06
109.7723,130.57,93.94,65.12,124.96,35.97,152.57,126.5,58.52,0.0,0.0,0.0,0.0,0.0,0.0,0.0,0.0,788.15,0.0
109.7823,120.78,85.14,58.08,127.27,35.97,154.66,128.59,58.52,0.0,0.0,0.0,0.0,0.0,0.0,0.0,0.0,769.01,0.0
109.7923,108.68,76.34,53.24,127.27,38.06,158.95,132.55,60.5,0.0,0.0,0.0,0.0,0.0,0.0,0.0,0.0,755.59,0.0
109.8023,97.68,67.54,48.4,129.47,38.06,161.04,136.62,60.5,0.0,0.0,0.0,0.0,0.0,0.0,0.0,0.0,739.31,0.0
109.8123,86.68,58.74,43.56,129.47,40.15,163.13,140.69,62.59,0.0,0.0,0.0,0.0,0.0,0.0,0.0,0.0,725.01,0.0
109.8223,77.77,52.58,36.3,131.67,40.15,165.33,144.65,62.59,0.0,0.0,0.0,0.0,0.0,0.0,0.0,0.0,711.04,0.0
109.8323,68.97,46.75,33.88,131.67,40.15,167.53,150.7,64.57,0.0,0.0,0.0,0.0,0.0,0.0,0.0,0.0,704.22,0.0
109.8423,57.97,40.92,26.62,131.67,40.15,169.73,154.77,64.57,0.0,0.0,0.0,0.0,0.0,0.0,0.0,0.0,686.4,0.0
109.8523,46.42,35.09,21.78,133.98,42.35,174.13,160.82,64.57,0.0,0.0,0.0,0.0,0.0,0.0,0.0,0.0,679.14,0.0
109.8623,34.76,29.15,16.94,131.67,42.35,176.33,166.87,66.55,0.0,0.0,0.0,0.0,0.0,0.0,0.0,0.0,664.62,0.0
109.8723,27.83,23.32,14.52,129.47,42.35,178.53,177.21,66.55,0.0,0.0,0.0,0.0,0.0,0.0,0.0,0.0,659.78,0.0
109.8823,20.9,19.47,12.1,129.47,42.35,180.73,183.37,68.64,0.0,0.0,0.0,0.0,0.0,0.0,0.0,0.0,657.03,0.0
109.8923,18.59,15.51,12.1,127.27,44.44,182.93,193.71,68.64,0.0,0.0,0.0,0.0,0.0,0.0,0.0,0.0,663.19,0.0
109.9023,13.86,13.64,9.68,124.96,44.44,187.33,202.07,70.62,0.0,0.0,0.0,0.0,0.0,0.0,0.0,0.0,666.6,0.0
109.9123,11.55,9.68,7.26,122.76,44.44,187.33,212.41,72.6,0.0,0.0,0.0,0.0,0.0,0.0,0.0,0.0,668.03,0.0
109.9223,11.55,7.7,7.26,118.25,44.44,189.53,218.57,74.69,0.0,0.0,0.0,0.0,0.0,0.0,0.0,0.0,671.99,0.0
109.9323,9.24,7.7,4.84,113.85,42.35,191.73,229.24,76.67,0.0,0.0,0.0,0.0,0.0,0.0,0.0,0.0,675.62,0.0
109.9423,6.93,5.83,4.84,107.14,42.35,191.73,235.84,78.65,3.41,0.0,0.0,0.0,0.0,0.0,0.0,0.0,673.31,3.41
109.9523,4.62,5.83,0.0,100.54,40.15,194.04,244.64,80.74,5.17,0.0,0.0,0.0,0.0,0.0,0.0,0.0,670.56,5.17
109.9623,4.62,5.83,0.0,89.54,38.06,191.73,249.04,82.72,8.69,0.0,0.0,0.0,0.0,0.0,0.0,0.0,661.54,8.69
109.9723,4.62,3.85,0.0,78.43,33.88,191.73,253.55,86.79,13.97,4.62,0.0,0.0,0.0,0.0,0.0,0.0,652.85,18.59
109.9823,0.0,3.85,0.0,69.63,29.59,189.53,255.75,88.77,33.33,9.35,0.0,0.0,0.0,0.0,0.0,0.0,637.12,42.68
109.9923,0.0,0.0,0.0,56.87,25.41,185.13,255.75,92.84,138.49,44.55,9.57,0.0,0.0,0.0,0.0,0.0,616.0,192.61
110.0023,0.0,0.0,0.0,46.53,19.03,178.53,253.55,96.91,221.65,75.13,23.87,14.08,0.0,0.0,7.7,0.0,594.55,342.43
110.0123,0.0,0.0,0.0,34.43,14.74,165.33,249.04,96.91,214.72,108.24,38.28,48.07,0.0,0.0,10.23,0.0,560.45,419.54
110.0223,0.0,0.0,0.0,24.09,8.47,146.19,242.44,98.89,214.72,130.57,47.85,75.02,0.0,4.73,10.23,0.0,520.08,483.12
110.0323,0.0,0.0,0.0,15.51,6.27,120.78,233.64,100.87,203.17,140.58,50.27,103.29,0.0,23.65,12.76,0.0,477.07,533.72
110.0423,0.0,0.0,0.0,13.75,6.27,92.18,220.66,98.89,193.82,145.64,47.85,119.02,0.0,40.37,15.4,4.18,431.75,566.28
110.0523,0.0,0.0,0.0,11.99,6.27,58.63,195.8,92.84,184.58,148.06,47.85,131.67,0.0,56.98,17.93,6.27,365.53,593.34
110.0623,0.0,0.0,0.0,10.34,6.27,35.09,154.77,82.72,184.58,155.65,52.69,144.32,5.5,78.32,23.1,12.65,289.19,656.81
110.0723,0.0,0.0,0.0,8.58,6.27,25.3,103.62,68.64,191.51,165.66,57.75,153.78,5.5,89.21,35.97,16.94,212.41,716.32
110.0823,0.0,0.0,0.0,6.82,4.18,19.47,58.3,52.91,205.48,173.03,66.0,163.24,8.25,97.35,43.67,21.12,141.68,778.14
110.0923,0.0,0.0,0.0,5.17,4.18,17.49,41.25,40.59,217.03,182.71,74.14,169.62,11.0,108.24,56.54,25.41,108.68,844.69
110.1023,0.0,0.0,0.0,3.41,0.0,13.64,30.47,28.27,221.65,187.55,79.64,179.19,13.75,119.13,68.42,27.5,75.79,896.83
110.1123,0.0,0.0,0.0,0.0,0.0,11.66,24.42,19.36,224.07,189.97,82.39,188.76,16.5,127.27,77.33,31.79,55.44,938.08
110.1223,0.0,0.0,0.0,0.0,0.0,9.68,19.8,12.32,217.03,189.97,82.39,201.63,16.5,135.41,83.27,33.88,41.8,960.08
110.1323,0.0,0.0,0.0,0.0,0.0,7.81,13.75,5.28,207.79,187.55,79.64,214.39,19.25,143.66,86.35,33.88,26.84,972.51
110.1423,0.0,0.0,0.0,0.0,0.0,5.83,10.67,5.28,196.24,185.13,76.89,226.93,19.25,154.55,92.29,35.97,21.78,987.25
110.1523,0.0,0.0,0.0,0.0,0.0,3.85,10.67,5.28,186.89,180.29,74.14,235.62,22.0,159.94,95.26,38.06,19.8,992.2
110.1623,0.0,0.0,0.0,0.0,0.0,3.85,7.59,3.52,177.65,173.03,71.39,244.42,22.0,168.19,101.2,40.26,14.96,998.14
110.1723,0.0,0.0,0.0,0.0,0.0,3.85,6.05,3.52,166.1,165.66,68.75,253.11,22.0,173.47,104.17,40.26,13.42,993.52
110.1823,0.0,0.0,0.0,0.0,0.0,0.0,6.05,3.52,153.34,153.12,66.0,258.94,22.0,178.86,107.14,42.35,9.57,981.75
110.1923,0.0,0.0,0.0,0.0,0.0,0.0,2.97,0.0,140.69,143.11,63.25,261.8,24.75,184.25,113.08,44.44,2.97,975.37
110.2023,0.0,0.0,0.0,0.0,0.0,0.0,2.97,0.0,125.84,130.57,57.75,267.63,24.75,189.64,115.94,46.53,2.97,958.65
110.2123,0.0,0.0,0.0,0.0,0.0,0.0,0.0,0.0,113.3,118.03,52.69,270.6,24.75,192.39,118.91,46.53,0.0,937.2
110.2223,0.0,0.0,0.0,0.0,0.0,0.0,0.0,0.0,99.99,108.24,47.85,273.46,24.75,197.67,121.77,48.73,0.0,922.46
110.2323,0.0,0.0,0.0,0.0,0.0,0.0,0.0,0.0,88.44,96.47,43.12,273.46,24.75,203.06,121.77,48.73,0.0,899.8
110.2423,0.0,0.0,0.0,0.0,0.0,0.0,0.0,0.0,77.0,87.01,40.7,276.43,24.75,205.81,127.6,50.82,0.0,890.12
110.2523,0.0,0.0,0.0,0.0,0.0,0.0,0.0,0.0,67.43,79.86,38.28,276.43,27.5,211.2,130.46,52.91,0.0,884.07
110.2623,0.0,0.0,0.0,0.0,0.0,0.0,0.0,0.0,59.84,70.4,33.44,276.43,27.5,213.84,133.32,55.11,0.0,869.88
110.2723,0.0,0.0,0.0,0.0,0.0,0.0,0.0,0.0,50.93,63.36,31.13,276.43,27.5,219.23,136.29,57.53,0.0,862.4
110.2823,0.0,0.0,0.0,0.0,0.0,0.0,0.0,0.0,43.89,56.21,28.71,276.43,27.5,221.98,139.15,59.95,0.0,853.82
110.2923,0.0,0.0,0.0,0.0,0.0,0.0,0.0,0.0,38.61,51.59,23.87,273.46,27.5,227.48,144.98,64.9,0.0,852.39
110.3023,0.0,0.0,0.0,0.0,0.0,0.0,0.0,0.0,31.57,46.86,21.56,270.6,27.5,230.34,150.81,67.32,0.0,846.56
110.3123,0.0,0.0,0.0,0.0,0.0,0.0,0.0,0.0,26.29,42.13,19.14,267.63,27.5,235.95,153.67,72.16,0.0,844.47
110.3223,0.0,0.0,0.0,0.0,0.0,0.0,0.0,0.0,21.01,35.09,14.3,261.8,27.5,241.45,162.36,74.69,0.0,838.2
110.3323,0.0,0.0,0.0,0.0,0.0,0.0,0.0,0.0,19.25,30.47,11.88,258.94,27.5,244.31,171.27,79.53,0.0,843.15
110.3423,0.0,0.0,0.0,0.0,0.0,0.0,0.0,0.0,15.73,23.43,9.57,253.11,27.5,247.06,177.21,81.95,0.0,835.56
110.3523,0.0,0.0,0.0,0.0,0.0,0.0,0.0,0.0,12.21,18.7,9.57,247.28,27.5,249.92,189.09,86.9,0.0,841.17
110.3623,0.0,0.0,0.0,0.0,0.0,0.0,0.0,0.0,10.45,13.97,9.57,238.59,27.5,255.42,198.11,89.32,0.0,842.93
110.3723,0.0,0.0,0.0,0.0,0.0,0.0,0.0,0.0,8.69,13.97,7.15,229.79,27.5,258.28,209.99,91.74,0.0,847.11
110.3823,0.0,0.0,0.0,0.0,0.0,0.0,0.0,0.0,8.69,11.66,7.15,224.07,27.5,261.03,218.9,94.27,0.0,853.27
110.3923,0.0,0.0,0.0,0.0,0.0,0.0,0.0,0.0,6.93,9.35,7.15,211.2,27.5,263.89,227.59,99.11,0.0,852.72
110.4023,0.0,0.0,0.0,0.0,0.0,0.0,0.0,0.0,6.93,6.93,4.73,201.63,27.5,263.89,236.06,104.06,0.0,851.73
110.4123,0.0,0.0,0.0,0.0,0.0,0.0,0.0,0.0,5.17,6.93,0.0,188.76,27.5,266.64,244.53,106.48,0.0,846.01
110.4223,0.0,0.0,0.0,0.0,0.0,0.0,0.0,0.0,5.17,4.62,0.0,172.81,24.75,266.64,250.14,111.32,0.0,835.45
110.4323,0.0,0.0,0.0,0.0,0.0,0.0,0.0,0.0,3.41,4.62,0.0,160.05,24.75,263.89,255.86,113.85,0.0,826.43
110.4423,4.62,0.0,0.0,0.0,0.0,0.0,0.0,0.0,3.41,4.62,0.0,144.32,22.0,261.03,258.72,118.25,4.62,812.35
110.4523,13.86,0.0,0.0,0.0,0.0,0.0,0.0,0.0,3.41,0.0,0.0,125.4,16.5,258.28,261.47,124.96,13.86,790.02
110.4623,37.18,7.7,0.0,0.0,0.0,0.0,0.0,0.0,0.0,0.0,0.0,106.48,13.75,252.67,261.47,129.47,44.88,763.84
110.4723,118.36,35.09,4.84,0.0,0.0,0.0,0.0,0.0,0.0,0.0,0.0,87.56,11.0,244.31,261.47,136.18,158.29,740.52
110.4823,244.09,85.14,36.3,8.58,0.0,0.0,2.97,0.0,0.0,0.0,0.0,65.67,8.25,233.09,261.47,140.58,377.08,709.06
110.4923,238.92,107.14,53.24,27.5,0.0,9.68,2.97,3.52,0.0,0.0,0.0,45.21,5.5,211.2,258.72,147.29,442.97,667.92
110.5023,233.75,128.48,67.54,39.6,0.0,23.43,4.51,8.8,0.0,0.0,0.0,28.27,0.0,173.47,253.0,149.6,506.11,604.34
110.5123,236.28,143.11,77.0,44.77,0.0,39.05,12.21,14.08,0.0,0.0,0.0,19.8,5.5,121.88,241.67,149.6,566.5,538.45
110.5223,238.92,155.65,84.04,51.7,4.18,52.69,21.34,17.6,0.0,0.0,0.0,16.94,5.5,72.93,209.99,142.89,626.12,448.25
110.5323,241.45,164.01,88.77,56.87,8.47,63.03,35.09,21.12,0.0,0.0,0.0,14.08,8.25,42.68,159.5,129.47,678.81,353.98
110.5423,246.73,175.12,95.81,63.03,10.56,76.56,45.76,24.64,0.0,0.0,0.0,11.22,8.25,30.8,101.2,113.85,738.21,265.32
110.5523,251.9,186.45,100.54,71.83,14.74,85.47,55.0,28.27,0.0,0.0,0.0,8.47,8.25,26.07,65.45,91.74,794.2,199.98
110.5623,257.07,195.58,107.69,78.43,16.94,96.69,63.69,31.79,0.0,0.0,0.0,8.47,5.5,14.19,46.2,62.37,847.88,136.73
110.5723,264.88,202.4,117.37,85.03,21.12,105.6,74.58,35.31,0.0,0.0,0.0,5.61,0.0,14.19,30.8,33.88,906.29,84.48
110.5823,264.88,204.6,119.79,91.74,23.21,114.51,83.71,37.07,0.0,0.0,0.0,0.0,0.0,11.88,23.1,10.56,939.51,45.54
110.5923,262.24,202.4,119.79,98.34,25.41,120.78,89.1,40.59,0.0,0.0,0.0,0.0,0.0,9.46,17.93,6.27,958.65,33.66
110.6023,254.43,197.78,117.37,104.94,27.5,125.07,94.49,42.35,0.0,0.0,0.0,0.0,0.0,7.04,15.4,4.18,963.93,26.62
110.6123,244.09,190.96,114.84,109.34,27.5,131.45,99.99,45.87,0.0,0.0,0.0,0.0,0.0,4.73,12.76,4.18,964.04,21.67
110.6223,231.11,181.94,110.0,111.54,29.59,135.63,105.38,45.87,0.0,0.0,0.0,0.0,0.0,4.73,12.76,4.18,951.06,21.67
110.6323,216.04,170.61,102.96,116.05,31.68,139.92,110.88,47.63,0.0,0.0,0.0,0.0,0.0,4.73,10.23,4.18,935.77,19.14
110.6423,203.94,157.74,98.23,118.25,31.68,142.01,114.51,49.39,0.0,0.0,0.0,0.0,0.0,4.73,10.23,0.0,915.75,14.96
110.6523,191.73,147.29,93.5,118.25,33.88,144.1,118.47,49.39,0.0,0.0,0.0,0.0,0.0,4.73,10.23,0.0,896.61,14.96
110.6623,179.63,136.84,86.35,120.56,33.88,146.19,122.54,51.15,0.0,0.0,0.0,0.0,0.0,0.0,7.7,0.0,877.14,7.7
110.6723,165.0,124.3,79.31,122.76,35.97,148.39,124.52,52.91,0.0,0.0,0.0,0.0,0.0,0.0,7.7,0.0,853.16,7.7
110.6823,150.26,111.54,72.27,124.96,35.97,150.48,126.5,52.91,0.0,0.0,0.0,0.0,0.0,0.0,5.06,0.0,824.89,5.06
110.6923,133.1,98.34,62.81,127.27,35.97,150.48,128.59,52.91,0.0,0.0,0.0,0.0,0.0,0.0,5.06,0.0,789.47,5.06
110.7023,115.83,87.34,55.77,127.27,35.97,152.57,128.59,52.91,0.0,0.0,0.0,0.0,0.0,0.0,5.06,0.0,756.25,5.06
110.7123,102.08,74.14,48.4,129.47,35.97,154.66,130.57,54.67,0.0,0.0,0.0,0.0,0.0,0.0,0.0,0.0,729.96,0.0
110.7222,88.88,65.34,41.14,129.47,35.97,156.86,132.55,54.67,0.0,0.0,0.0,0.0,0.0,0.0,0.0,0.0,704.88,0.0
110.7322,77.77,56.54,36.3,131.67,35.97,161.04,134.64,56.54,0.0,0.0,0.0,0.0,0.0,0.0,0.0,0.0,690.47,0.0
110.7422,66.77,48.73,29.04,133.98,35.97,163.13,138.6,56.54,0.0,0.0,0.0,0.0,0.0,0.0,0.0,0.0,672.76,0.0
110.7522,55.77,42.79,24.2,133.98,38.06,165.33,142.67,56.54,0.0,0.0,0.0,0.0,0.0,0.0,0.0,0.0,659.34,0.0
110.7622,44.11,36.96,19.36,133.98,38.06,167.53,146.74,58.52,0.0,0.0,0.0,0.0,0.0,0.0,0.0,0.0,645.26,0.0
110.7722,34.76,31.13,14.52,133.98,38.06,169.73,152.79,58.52,0.0,0.0,0.0,0.0,0.0,0.0,0.0,0.0,633.49,0.0
110.7822,27.83,25.3,14.52,131.67,38.06,171.93,160.82,60.5,0.0,0.0,0.0,0.0,0.0,0.0,0.0,0.0,630.63,0.0
110.7922,23.21,21.34,12.1,129.47,38.06,174.13,168.96,62.59,0.0,0.0,0.0,0.0,0.0,0.0,0.0,0.0,629.86,0.0
110.8022,18.59,19.47,9.68,129.47,40.15,176.33,179.3,62.59,0.0,0.0,0.0,0.0,0.0,0.0,0.0,0.0,635.58,0.0
110.8122,16.17,15.51,9.68,127.27,40.15,180.73,187.55,66.55,0.0,0.0,0.0,0.0,0.0,0.0,0.0,0.0,643.61,0.0
110.8222,13.86,11.66,7.26,124.96,40.15,182.93,197.89,66.55,0.0,0.0,0.0,0.0,0.0,0.0,0.0,0.0,645.26,0.0
110.8322,11.55,9.68,7.26,124.96,42.35,185.13,206.14,68.64,0.0,0.0,0.0,0.0,0.0,0.0,0.0,0.0,655.71,0.0
110.8422,11.55,9.68,4.84,122.76,42.35,189.53,216.48,70.62,0.0,0.0,0.0,0.0,0.0,0.0,0.0,0.0,667.81,0.0
110.8522,9.24,7.7,4.84,120.56,40.15,191.73,224.84,70.62,0.0,0.0,0.0,0.0,0.0,0.0,0.0,0.0,669.68,0.0
110.8622,6.93,5.83,4.84,116.05,40.15,194.04,233.64,74.69,0.0,0.0,0.0,0.0,0.0,0.0,0.0,0.0,676.17,0.0
110.8722,6.93,5.83,0.0,109.34,40.15,196.24,240.24,76.67,0.0,0.0,0.0,0.0,0.0,0.0,0.0,0.0,675.4,0.0
110.8822,4.62,5.83,0.0,102.74,38.06,196.24,249.04,78.65,0.0,0.0,0.0,0.0,0.0,0.0,0.0,0.0,675.18,0.0
110.8922,4.62,5.83,0.0,93.94,38.06,196.24,253.55,80.74,0.0,0.0,0.0,0.0,0.0,0.0,0.0,0.0,672.98,0.0
110.9022,4.62,3.85,0.0,82.83,33.88,194.04,260.15,82.72,0.0,0.0,0.0,0.0,0.0,0.0,0.0,0.0,662.09,0.0
110.9122,0.0,3.85,0.0,71.83,31.68,191.73,264.55,86.79,0.0,0.0,0.0,0.0,0.0,0.0,0.0,0.0,650.43,0.0
110.9222,0.0,0.0,0.0,63.03,27.5,189.53,264.55,90.86,10.45,0.0,0.0,0.0,0.0,0.0,0.0,0.0,635.47,10.45
110.9322,0.0,0.0,0.0,51.7,23.21,185.13,264.55,92.84,49.17,11.66,0.0,0.0,0.0,0.0,0.0,0.0,617.43,60.83
110.9422,0.0,0.0,0.0,43.01,16.94,178.53,262.35,96.91,193.82,49.17,9.57,5.61,0.0,0.0,5.06,0.0,597.74,263.23
110.9522,0.0,0.0,0.0,32.67,12.65,167.53,257.95,100.87,193.82,70.4,23.87,31.02,0.0,0.0,7.7,0.0,571.67,326.81
110.9622,0.0,0.0,0.0,24.09,8.47,148.39,251.35,102.96,193.82,98.78,38.28,65.67,0.0,9.46,10.23,0.0,535.26,416.24
110.9722,0.0,0.0,0.0,15.51,6.27,125.07,244.64,104.94,200.86,118.03,47.85,90.75,0.0,45.1,17.93,6.27,496.43,526.79
110.9822,0.0,0.0,0.0,13.75,6.27,94.49,231.44,104.94,203.17,128.04,50.27,106.48,5.5,64.79,23.1,10.56,450.89,591.91
110.9922,0.0,0.0,0.0,11.99,6.27,58.63,204.05,98.89,196.24,128.04,52.69,115.94,5.5,72.93,33.33,14.74,379.83,619.41
111.0022,0.0,0.0,0.0,10.34,6.27,37.07,158.84,88.77,189.2,133.1,52.69,122.21,5.5,86.46,41.03,16.94,301.29,647.13
111.0122,0.0,0.0,0.0,8.58,6.27,25.3,103.62,74.69,191.51,140.58,57.75,128.48,8.25,97.35,51.37,21.12,218.46,696.41
111.0222,0.0,0.0,0.0,5.17,4.18,21.45,56.54,56.54,203.17,148.06,63.25,134.86,11.0,102.74,59.51,25.41,143.88,748.0
111.0322,0.0,0.0,0.0,3.41,4.18,15.62,39.71,44.11,214.72,158.07,71.39,141.13,11.0,113.63,71.39,27.5,107.03,808.83
111.0422,0.0,0.0,0.0,0.0,0.0,13.64,32.01,30.03,228.91,163.13,79.64,147.51,13.75,121.88,83.27,31.79,75.68,869.88
111.0522,0.0,0.0,0.0,0.0,0.0,9.68,25.96,21.12,236.28,168.19,85.03,150.59,16.5,127.27,92.29,31.79,56.76,907.94
111.0622,0.0,0.0,0.0,0.0,0.0,7.81,19.8,14.08,236.28,170.61,85.03,156.97,19.25,135.41,98.23,33.88,41.69,935.66
111.0722,0.0,0.0,0.0,0.0,0.0,5.83,13.75,5.28,228.91,168.19,85.03,163.24,19.25,143.66,104.17,35.97,24.86,948.42
111.0822,0.0,0.0,0.0,0.0,0.0,5.83,10.67,5.28,219.34,165.66,82.39,172.81,19.25,151.8,113.08,38.06,21.78,962.39
111.0922,0.0,0.0,0.0,0.0,0.0,3.85,10.67,5.28,210.1,163.13,82.39,179.19,22.0,159.94,121.77,40.26,19.8,978.78
111.1022,0.0,0.0,0.0,0.0,0.0,3.85,9.13,3.52,200.86,158.07,82.39,185.57,24.75,168.19,127.6,42.35,16.5,989.78
111.1122,0.0,0.0,0.0,0.0,0.0,3.85,7.59,3.52,191.51,150.59,82.39,188.76,24.75,176.22,136.29,44.44,14.96,994.95
111.1222,0.0,0.0,0.0,0.0,0.0,3.85,6.05,3.52,177.65,140.58,79.64,191.95,27.5,181.61,142.12,48.73,13.42,989.78
111.1322,0.0,0.0,0.0,0.0,0.0,0.0,4.51,0.0,163.9,130.57,74.14,191.95,27.5,184.25,147.84,50.82,4.51,970.97
111.1422,0.0,0.0,0.0,0.0,0.0,0.0,2.97,0.0,153.34,120.56,71.39,188.76,27.5,189.64,153.67,55.11,2.97,959.97
111.1522,0.0,0.0,0.0,0.0,0.0,0.0,0.0,0.0,140.69,110.66,68.75,188.76,30.25,192.39,159.5,57.53,0.0,948.53
111.1622,0.0,0.0,0.0,0.0,0.0,0.0,0.0,0.0,130.02,103.51,63.25,188.76,30.25,195.03,162.36,59.95,0.0,933.13
111.1722,0.0,0.0,0.0,0.0,0.0,0.0,0.0,0.0,117.37,94.05,60.5,185.57,30.25,197.67,168.3,62.37,0.0,916.08
111.1822,0.0,0.0,0.0,0.0,0.0,0.0,0.0,0.0,107.58,87.01,55.11,188.76,30.25,200.42,171.27,64.9,0.0,905.3
111.1922,0.0,0.0,0.0,0.0,0.0,0.0,0.0,0.0,98.01,79.86,50.27,188.76,33.0,203.06,174.24,67.32,0.0,894.52
111.2022,0.0,0.0,0.0,0.0,0.0,0.0,0.0,0.0,88.44,72.82,47.85,188.76,33.0,205.81,177.21,67.32,0.0,881.21
111.2122,0.0,0.0,0.0,0.0,0.0,0.0,0.0,0.0,78.98,65.67,43.12,191.95,33.0,211.2,183.15,69.74,0.0,876.81
111.2222,0.0,0.0,0.0,0.0,0.0,0.0,0.0,0.0,67.43,60.94,38.28,191.95,33.0,213.84,186.12,72.16,0.0,863.72
111.2322,0.0,0.0,0.0,0.0,0.0,0.0,0.0,0.0,59.84,53.9,35.86,191.95,33.0,216.59,189.09,72.16,0.0,852.39
111.2422,0.0,0.0,0.0,0.0,0.0,0.0,0.0,0.0,50.93,46.86,31.13,191.95,33.0,219.23,195.14,74.69,0.0,842.93
111.2522,0.0,0.0,0.0,0.0,0.0,0.0,0.0,0.0,43.89,42.13,28.71,191.95,33.0,221.98,198.11,77.11,0.0,836.88
111.2622,0.0,0.0,0.0,0.0,0.0,0.0,0.0,0.0,36.85,37.51,26.29,191.95,33.0,227.48,204.05,77.11,0.0,834.24
111.2722,0.0,0.0,0.0,0.0,0.0,0.0,0.0,0.0,28.05,32.78,21.56,188.76,33.0,230.34,209.99,79.53,0.0,824.01
111.2822,0.0,0.0,0.0,0.0,0.0,0.0,0.0,0.0,22.77,25.74,16.72,188.76,33.0,233.09,218.9,81.95,0.0,820.93
111.2922,0.0,0.0,0.0,0.0,0.0,0.0,0.0,0.0,17.49,18.7,14.3,185.57,33.0,235.95,224.73,84.48,0.0,814.22
111.3022,0.0,0.0,0.0,0.0,0.0,0.0,0.0,0.0,13.97,13.97,11.88,182.38,33.0,238.7,233.2,86.9,0.0,814.0
111.3122,0.0,0.0,0.0,0.0,0.0,0.0,0.0,0.0,12.21,11.66,9.57,176.0,33.0,241.45,241.67,89.32,0.0,814.88
111.3222,0.0,0.0,0.0,0.0,0.0,0.0,0.0,0.0,10.45,9.35,7.15,169.62,33.0,244.31,250.14,94.27,0.0,818.29
111.3322,0.0,0.0,0.0,0.0,0.0,0.0,0.0,0.0,8.69,6.93,7.15,166.43,33.0,247.06,258.72,96.69,0.0,824.67
111.3422,0.0,0.0,0.0,0.0,0.0,0.0,0.0,0.0,6.93,6.93,4.73,156.97,33.0,249.92,267.19,101.53,0.0,827.2
111.3522,0.0,0.0,0.0,0.0,0.0,0.0,0.0,0.0,6.93,4.62,4.73,147.51,30.25,252.67,272.8,104.06,0.0,823.57
111.3622,0.0,0.0,0.0,0.0,0.0,0.0,0.0,0.0,5.17,4.62,0.0,137.94,30.25,252.67,278.52,106.48,0.0,815.65
111.3722,0.0,0.0,0.0,0.0,0.0,0.0,0.0,0.0,5.17,0.0,0.0,125.4,27.5,249.92,284.46,111.32,0.0,803.77
111.3822,4.62,0.0,0.0,0.0,0.0,0.0,0.0,0.0,3.41,0.0,0.0,112.75,24.75,247.06,287.43,113.85,4.62,789.25
111.3922,11.55,3.85,0.0,0.0,0.0,0.0,0.0,0.0,3.41,0.0,0.0,97.02,22.0,244.31,287.43,116.05,15.4,770.22
111.4022,46.42,9.68,0.0,0.0,0.0,0.0,0.0,0.0,3.41,0.0,0.0,84.48,16.5,238.7,284.46,120.45,56.1,748.0
111.4122,199.1,52.58,7.26,0.0,0.0,0.0,0.0,0.0,0.0,0.0,0.0,68.75,11.0,233.09,275.66,122.76,258.94,711.26
111.4222,251.9,89.54,26.62,11.99,0.0,0.0,0.0,0.0,0.0,0.0,0.0,53.68,8.25,221.98,267.19,127.16,380.05,678.26
111.4322,241.45,128.48,43.56,31.02,0.0,11.66,2.97,3.52,0.0,0.0,0.0,39.6,5.5,203.06,255.86,129.47,462.66,633.49
111.4422,246.73,159.83,60.39,51.7,0.0,21.45,0.0,7.04,0.0,0.0,0.0,25.41,5.5,168.19,244.53,131.67,547.14,575.3
111.4522,251.9,181.94,67.54,63.03,0.0,37.07,4.51,10.56,0.0,0.0,0.0,16.94,5.5,121.88,227.59,131.67,616.55,503.58
111.4622,249.26,190.96,69.85,74.03,0.0,50.71,7.59,14.08,0.0,0.0,0.0,14.08,5.5,70.18,198.11,127.16,656.48,415.03
111.4722,244.09,200.09,72.27,85.03,0.0,67.54,15.18,17.6,0.0,0.0,0.0,11.22,5.5,42.68,150.81,113.85,701.8,324.06
111.4822,246.73,211.42,77.0,93.94,4.18,80.96,24.42,21.12,0.0,0.0,0.0,8.47,5.5,30.8,98.23,96.69,759.77,239.69
111.4922,249.26,218.24,81.73,102.74,8.47,92.18,35.09,24.64,0.0,0.0,0.0,8.47,5.5,23.65,62.48,79.53,812.35,179.63
111.5022,254.43,224.95,88.77,111.54,10.56,103.4,45.76,28.27,0.0,0.0,0.0,5.61,5.5,18.92,41.03,48.73,867.68,119.79
111.5122,259.6,229.35,95.81,116.05,14.74,112.42,55.0,31.79,0.0,0.0,0.0,5.61,0.0,14.19,30.8,25.41,914.76,76.01
111.5222,257.07,227.15,98.23,124.96,16.94,120.78,61.93,33.55,0.0,0.0,0.0,0.0,0.0,9.46,20.46,8.47,940.61,38.39
111.5322,251.9,224.95,98.23,131.67,19.03,127.16,67.32,35.31,0.0,0.0,0.0,0.0,0.0,7.04,17.93,6.27,955.57,31.24
111.5422,244.09,218.24,95.81,138.38,19.03,131.45,69.19,35.31,0.0,0.0,0.0,0.0,0.0,7.04,17.93,6.27,951.5,31.24
111.5522,233.75,211.42,91.08,145.09,21.12,135.63,70.95,37.07,0.0,0.0,0.0,0.0,0.0,4.73,12.76,4.18,946.11,21.67
111.5622,220.88,200.09,86.35,149.6,21.12,137.72,72.82,37.07,0.0,0.0,0.0,0.0,0.0,4.73,12.76,4.18,925.65,21.67
111.5722,211.2,190.96,81.73,151.8,21.12,139.92,74.58,37.07,0.0,0.0,0.0,0.0,0.0,0.0,10.23,0.0,908.38,10.23
111.5822,201.52,181.94,79.31,154.11,23.21,139.92,74.58,37.07,0.0,0.0,0.0,0.0,0.0,0.0,10.23,0.0,891.66,10.23
111.5922,194.15,172.81,74.58,156.31,23.21,139.92,74.58,37.07,0.0,0.0,0.0,0.0,0.0,0.0,7.7,0.0,872.63,7.7
111.6022,184.47,164.01,72.27,158.51,23.21,139.92,74.58,38.83,0.0,0.0,0.0,0.0,0.0,0.0,7.7,0.0,855.8,7.7
111.6122,174.79,153.56,67.54,163.02,23.21,139.92,74.58,37.07,0.0,0.0,0.0,0.0,0.0,0.0,7.7,0.0,833.69,7.7
111.6222,160.05,141.02,60.39,165.33,23.21,139.92,74.58,38.83,0.0,0.0,0.0,0.0,0.0,0.0,5.06,0.0,803.33,5.06
111.6322,145.31,128.48,55.77,169.95,23.21,142.01,74.58,38.83,0.0,0.0,0.0,0.0,0.0,0.0,5.06,0.0,778.14,5.06
111.6422,130.57,115.94,48.4,172.37,25.41,144.1,76.45,38.83,0.0,0.0,0.0,0.0,0.0,0.0,5.06,0.0,752.07,5.06
111.6522,115.83,104.94,43.56,177.1,25.41,146.19,78.21,38.83,0.0,0.0,0.0,0.0,0.0,0.0,0.0,0.0,730.07,0.0
111.6622,104.28,91.74,38.72,181.83,25.41,150.48,80.08,38.83,0.0,0.0,0.0,0.0,0.0,0.0,0.0,0.0,711.37,0.0
111.6722,95.48,82.94,33.88,186.56,27.5,152.57,81.84,40.59,0.0,0.0,0.0,0.0,0.0,0.0,0.0,0.0,701.36,0.0
111.6822,86.68,74.14,31.46,191.29,27.5,156.86,83.71,40.59,0.0,0.0,0.0,0.0,0.0,0.0,0.0,0.0,692.23,0.0
111.6922,77.77,65.34,26.62,195.91,27.5,161.04,87.23,40.59,0.0,0.0,0.0,0.0,0.0,0.0,0.0,0.0,682.0,0.0
111.7022,71.17,58.74,24.2,195.91,27.5,165.33,90.86,42.35,0.0,0.0,0.0,0.0,0.0,0.0,0.0,0.0,676.06,0.0
111.7122,66.77,54.56,21.78,198.33,27.5,169.73,96.36,45.87,0.0,0.0,0.0,0.0,0.0,0.0,0.0,0.0,680.9,0.0
111.7222,57.97,50.6,19.36,198.33,29.59,174.13,101.75,47.63,0.0,0.0,0.0,0.0,0.0,0.0,0.0,0.0,679.36,0.0
111.7322,51.04,44.77,19.36,200.64,31.68,178.53,107.25,51.15,0.0,0.0,0.0,0.0,0.0,0.0,0.0,0.0,684.42,0.0
111.7422,44.11,40.92,16.94,198.33,31.68,182.93,114.51,52.91,0.0,0.0,0.0,0.0,0.0,0.0,0.0,0.0,682.33,0.0
111.7522,39.49,38.94,16.94,200.64,33.88,187.33,124.52,56.54,0.0,0.0,0.0,0.0,0.0,0.0,0.0,0.0,698.28,0.0
111.7622,32.45,33.11,14.52,200.64,35.97,194.04,132.55,58.52,0.0,0.0,0.0,0.0,0.0,0.0,0.0,0.0,701.8,0.0
111.7722,27.83,29.15,12.1,198.33,35.97,198.44,140.69,62.59,0.0,0.0,0.0,0.0,0.0,0.0,0.0,0.0,705.1,0.0
111.7822,23.21,27.28,12.1,198.33,38.06,202.84,148.72,64.57,0.0,0.0,0.0,0.0,0.0,0.0,0.0,0.0,715.11,0.0
111.7922,18.59,23.32,9.68,198.33,38.06,205.04,156.75,66.55,0.0,0.0,0.0,0.0,0.0,0.0,0.0,0.0,716.32,0.0
111.8022,16.17,19.47,9.68,195.91,38.06,209.44,164.89,68.64,0.0,0.0,0.0,0.0,0.0,0.0,0.0,0.0,722.26,0.0
111.8122,13.86,15.51,7.26,191.29,38.06,211.64,173.03,70.62,0.0,0.0,0.0,0.0,0.0,0.0,0.0,0.0,721.27,0.0
111.8222,11.55,11.66,4.84,181.83,38.06,213.84,181.28,70.62,0.0,0.0,0.0,0.0,0.0,0.0,0.0,0.0,713.68,0.0
111.8322,6.93,9.68,4.84,167.64,35.97,213.84,189.64,74.69,0.0,0.0,0.0,0.0,0.0,0.0,0.0,0.0,703.23,0.0
111.8422,6.93,5.83,0.0,154.11,35.97,211.64,199.98,76.67,0.0,0.0,0.0,0.0,0.0,0.0,0.0,0.0,691.13,0.0
111.8522,4.62,5.83,0.0,136.18,31.68,211.64,206.14,78.65,0.0,0.0,0.0,0.0,0.0,0.0,0.0,0.0,674.74,0.0
111.8622,4.62,5.83,0.0,118.25,29.59,209.44,212.41,82.72,0.0,0.0,0.0,0.0,0.0,0.0,0.0,0.0,662.86,0.0
111.8722,0.0,3.85,0.0,102.74,25.41,207.24,214.39,84.81,0.0,0.0,0.0,0.0,0.0,0.0,0.0,0.0,638.44,0.0
111.8822,0.0,3.85,0.0,89.54,21.12,202.84,216.48,88.77,10.45,0.0,0.0,0.0,0.0,0.0,0.0,0.0,622.6,10.45
111.8922,0.0,3.85,0.0,74.03,19.03,200.64,216.48,90.86,42.13,6.93,0.0,0.0,0.0,0.0,0.0,0.0,604.89,49.06
111.9022,0.0,0.0,0.0,58.63,14.74,194.04,214.39,94.82,170.72,39.82,7.15,0.0,0.0,0.0,0.0,0.0,576.62,217.69
111.9122,0.0,0.0,0.0,46.53,10.56,185.13,212.41,96.91,196.24,58.63,19.14,11.22,0.0,0.0,0.0,0.0,551.54,285.23
111.9222,0.0,0.0,0.0,32.67,6.27,167.53,210.32,100.87,191.51,84.59,33.44,36.74,0.0,0.0,5.06,0.0,517.66,351.34
111.9322,0.0,0.0,0.0,22.33,6.27,144.1,206.14,102.96,196.24,103.51,43.12,59.4,0.0,0.0,7.7,0.0,481.8,409.97
111.9422,0.0,0.0,0.0,17.16,4.18,116.6,195.8,104.94,200.86,115.5,50.27,87.56,0.0,26.07,12.76,0.0,438.68,493.02
111.9522,0.0,0.0,0.0,13.75,6.27,80.96,179.3,100.87,200.86,125.51,52.69,103.29,0.0,47.52,15.4,4.18,381.15,549.45
111.9622,0.0,0.0,0.0,11.99,6.27,46.86,144.65,92.84,196.24,130.57,55.11,109.56,5.5,64.79,25.63,10.56,302.61,597.96
111.9722,0.0,0.0,0.0,10.34,4.18,31.24,96.36,82.72,200.86,135.52,63.25,115.94,5.5,78.32,41.03,16.94,224.84,657.36
111.9822,0.0,0.0,0.0,8.58,4.18,23.43,51.92,66.55,210.1,145.64,68.75,122.21,8.25,89.21,53.9,21.12,154.66,719.18
111.9922,0.0,0.0,0.0,5.17,0.0,17.49,36.63,49.39,224.07,155.65,76.89,128.48,11.0,97.35,65.45,25.41,108.68,784.3
112.0022,0.0,0.0,0.0,3.41,0.0,13.64,32.01,33.55,238.81,163.13,87.78,137.94,13.75,105.49,74.36,27.5,82.61,848.76
112.0122,0.0,0.0,0.0,0.0,0.0,11.66,24.42,22.88,248.6,170.61,93.28,144.32,13.75,113.63,83.27,31.79,58.96,899.25
112.0222,0.0,0.0,0.0,0.0,0.0,9.68,18.26,15.84,253.55,173.03,96.03,150.59,16.5,121.88,89.32,33.88,43.78,934.78
112.0322,0.0,0.0,0.0,0.0,0.0,7.81,13.75,7.04,251.13,175.45,98.67,160.05,16.5,127.27,95.26,35.97,28.6,960.3
112.0422,0.0,0.0,0.0,0.0,0.0,5.83,9.13,3.52,246.18,177.87,96.03,169.62,19.25,135.41,98.23,35.97,18.48,978.56
112.0522,0.0,0.0,0.0,0.0,0.0,5.83,7.59,3.52,238.81,175.45,96.03,179.19,19.25,140.91,101.2,38.06,16.94,988.9
112.0622,0.0,0.0,0.0,0.0,0.0,3.85,7.59,3.52,228.91,173.03,93.28,185.57,19.25,149.05,107.14,40.26,14.96,996.49
112.0722,0.0,0.0,0.0,0.0,0.0,3.85,6.05,3.52,219.34,168.19,93.28,191.95,22.0,154.55,113.08,42.35,13.42,1004.74
112.0822,0.0,0.0,0.0,0.0,0.0,0.0,4.51,3.52,207.79,160.6,90.53,198.44,24.75,159.94,115.94,44.44,8.03,1002.43
112.0922,0.0,0.0,0.0,0.0,0.0,0.0,2.97,0.0,193.82,153.12,87.78,201.63,24.75,165.44,121.77,44.44,2.97,992.75
112.1022,0.0,0.0,0.0,0.0,0.0,0.0,0.0,0.0,179.96,145.64,82.39,204.82,24.75,168.19,124.63,46.53,0.0,976.91
112.1122,0.0,0.0,0.0,0.0,0.0,0.0,0.0,0.0,166.1,135.52,79.64,211.2,24.75,173.47,130.46,48.73,0.0,969.87
112.1222,0.0,0.0,0.0,0.0,0.0,0.0,0.0,0.0,153.34,128.04,74.14,214.39,27.5,178.86,136.29,50.82,0.0,963.38
112.1322,0.0,0.0,0.0,0.0,0.0,0.0,0.0,0.0,138.49,118.03,68.75,220.77,27.5,184.25,139.15,50.82,0.0,947.76
112.1422,0.0,0.0,0.0,0.0,0.0,0.0,0.0,0.0,125.84,108.24,63.25,224.07,27.5,187.0,142.12,52.91,0.0,930.93
112.1521,0.0,0.0,0.0,0.0,0.0,0.0,0.0,0.0,111.43,101.2,57.75,226.93,30.25,192.39,144.98,55.11,0.0,920.04
112.1621,0.0,0.0,0.0,0.0,0.0,0.0,0.0,0.0,99.99,91.74,52.69,229.79,30.25,195.03,147.84,57.53,0.0,904.86
112.1721,0.0,0.0,0.0,0.0,0.0,0.0,0.0,0.0,90.42,84.59,47.85,232.76,30.25,200.42,150.81,62.37,0.0,899.47
112.1821,0.0,0.0,0.0,0.0,0.0,0.0,0.0,0.0,80.85,77.55,45.43,235.62,30.25,203.06,153.67,62.37,0.0,888.8
112.1921,0.0,0.0,0.0,0.0,0.0,0.0,0.0,0.0,71.28,70.4,40.7,238.59,30.25,208.45,156.53,64.9,0.0,881.1
112.2021,0.0,0.0,0.0,0.0,0.0,0.0,0.0,0.0,61.71,63.36,38.28,241.45,33.0,211.2,159.5,69.74,0.0,878.24
112.2121,0.0,0.0,0.0,0.0,0.0,0.0,0.0,0.0,54.45,58.63,33.44,244.42,30.25,216.59,162.36,72.16,0.0,872.3
112.2221,0.0,0.0,0.0,0.0,0.0,0.0,0.0,0.0,47.41,53.9,31.13,247.28,30.25,219.23,168.3,74.69,0.0,872.19
112.2321,0.0,0.0,0.0,0.0,0.0,0.0,0.0,0.0,40.37,46.86,28.71,247.28,33.0,221.98,171.27,74.69,0.0,864.16
112.2421,0.0,0.0,0.0,0.0,0.0,0.0,0.0,0.0,33.33,42.13,23.87,247.28,30.25,227.48,177.21,79.53,0.0,861.08
112.2521,0.0,0.0,0.0,0.0,0.0,0.0,0.0,0.0,26.29,35.09,19.14,247.28,30.25,230.34,183.15,81.95,0.0,853.49
112.2621,0.0,0.0,0.0,0.0,0.0,0.0,0.0,0.0,21.01,28.05,14.3,247.28,30.25,235.95,186.12,84.48,0.0,847.44
112.2721,0.0,0.0,0.0,0.0,0.0,0.0,0.0,0.0,17.49,21.01,11.88,244.42,30.25,238.7,195.14,86.9,0.0,845.79
112.2821,0.0,0.0,0.0,0.0,0.0,0.0,0.0,0.0,13.97,16.39,9.57,241.45,30.25,241.45,201.08,89.32,0.0,843.48
112.2921,0.0,0.0,0.0,0.0,0.0,0.0,0.0,0.0,10.45,11.66,9.57,235.62,30.25,244.31,207.02,91.74,0.0,840.62
112.3021,0.0,0.0,0.0,0.0,0.0,0.0,0.0,0.0,10.45,11.66,7.15,229.79,30.25,249.92,215.93,96.69,0.0,851.84
112.3121,0.0,0.0,0.0,0.0,0.0,0.0,0.0,0.0,8.69,9.35,7.15,220.77,27.5,252.67,221.98,101.53,0.0,849.64
112.3221,0.0,0.0,0.0,0.0,0.0,0.0,0.0,0.0,6.93,6.93,4.73,211.2,27.5,255.42,227.59,106.48,0.0,846.78
112.3321,0.0,0.0,0.0,0.0,0.0,0.0,0.0,0.0,6.93,4.62,4.73,195.14,27.5,255.42,233.2,108.9,0.0,836.44
112.3421,0.0,0.0,0.0,0.0,0.0,0.0,0.0,0.0,5.17,4.62,0.0,179.19,24.75,258.28,238.92,116.05,0.0,826.98
112.3521,0.0,0.0,0.0,0.0,0.0,0.0,0.0,0.0,3.41,4.62,0.0,163.24,22.0,258.28,241.67,122.76,0.0,815.98
112.3621,11.55,0.0,0.0,0.0,0.0,0.0,0.0,0.0,3.41,0.0,0.0,144.32,16.5,255.42,244.53,127.16,11.55,791.34
112.3721,55.77,9.68,0.0,0.0,0.0,0.0,0.0,0.0,3.41,0.0,0.0,122.21,13.75,252.67,244.53,133.87,65.45,770.44
112.3821,225.94,50.6,7.26,0.0,0.0,0.0,0.0,0.0,3.41,0.0,0.0,103.29,11.0,249.92,244.53,138.38,283.8,750.53
112.3921,251.9,74.14,26.62,5.17,0.0,0.0,0.0,0.0,0.0,0.0,0.0,81.29,8.25,238.7,241.67,142.89,357.83,712.8
112.4021,238.92,107.14,45.98,22.33,0.0,5.83,0.0,0.0,0.0,0.0,0.0,53.68,0.0,216.59,241.67,145.09,420.2,657.03
112.4121,238.92,141.02,62.81,34.43,0.0,13.64,0.0,5.28,0.0,0.0,0.0,31.02,5.5,184.25,236.06,149.6,496.1,606.43
112.4221,244.09,159.83,72.27,48.18,0.0,25.3,2.97,7.04,0.0,0.0,0.0,22.55,5.5,135.41,227.59,149.6,559.68,540.65
112.4321,246.73,172.81,77.0,55.11,0.0,39.05,4.51,10.56,0.0,0.0,0.0,16.94,8.25,78.32,201.08,142.89,605.77,447.48
112.4421,244.09,181.94,84.04,60.83,0.0,56.65,13.75,14.08,0.0,0.0,0.0,14.08,8.25,47.52,153.67,129.47,655.38,352.99
112.4521,254.43,195.58,93.5,65.23,4.18,67.54,22.88,19.36,0.0,0.0,0.0,11.22,8.25,33.22,98.23,116.05,722.7,266.97
112.4621,267.41,206.91,105.27,69.63,8.47,76.56,35.09,22.88,0.0,0.0,0.0,8.47,8.25,26.07,62.48,94.27,792.22,199.54
112.4721,280.39,215.93,114.84,69.63,12.65,83.27,47.3,26.4,0.0,0.0,0.0,5.61,5.5,18.92,46.2,67.32,850.41,143.55
112.4821,290.62,220.55,127.27,71.83,14.74,92.18,56.54,28.27,0.0,0.0,0.0,5.61,0.0,14.19,33.33,38.06,902.0,91.19
112.4921,295.68,222.75,134.64,74.03,19.03,96.69,65.56,30.03,0.0,0.0,0.0,0.0,0.0,11.88,25.63,14.74,938.41,52.25
112.5021,293.15,220.55,137.17,76.23,23.21,101.2,72.82,33.55,0.0,0.0,0.0,0.0,0.0,7.04,17.93,6.27,957.88,31.24
112.5121,287.98,213.73,137.17,76.23,25.41,103.4,80.08,35.31,0.0,0.0,0.0,0.0,0.0,4.73,15.4,4.18,959.31,24.31
112.5221,277.86,206.91,134.64,78.43,27.5,107.91,87.23,37.07,0.0,0.0,0.0,0.0,0.0,4.73,12.76,4.18,957.55,21.67
112.5321,264.88,195.58,129.69,78.43,29.59,112.42,96.36,38.83,0.0,0.0,0.0,0.0,0.0,0.0,10.23,0.0,945.78,10.23
112.5421,251.9,184.25,124.74,78.43,31.68,114.51,101.75,40.59,0.0,0.0,0.0,0.0,0.0,0.0,10.23,0.0,927.85,10.23
112.5521,238.92,175.12,122.32,80.63,33.88,116.6,109.01,42.35,0.0,0.0,0.0,0.0,0.0,0.0,7.7,0.0,918.83,7.7
112.5621,228.58,164.01,117.37,78.43,35.97,118.69,114.51,42.35,0.0,0.0,0.0,0.0,0.0,0.0,5.06,0.0,899.91,5.06
112.5721,218.46,153.56,112.42,78.43,38.06,120.78,122.54,44.11,0.0,0.0,0.0,0.0,0.0,0.0,5.06,0.0,888.36,5.06
112.5821,208.78,143.11,107.69,78.43,40.15,122.98,128.59,45.87,0.0,0.0,0.0,0.0,0.0,0.0,0.0,0.0,875.6,0.0
112.5921,194.15,132.66,100.54,78.43,42.35,125.07,132.55,45.87,0.0,0.0,0.0,0.0,0.0,0.0,0.0,0.0,851.62,0.0
112.6021,182.05,122.21,95.81,78.43,42.35,127.16,138.6,45.87,0.0,0.0,0.0,0.0,0.0,0.0,0.0,0.0,832.48,0.0
112.6121,167.53,111.54,86.35,78.43,44.44,127.16,142.67,47.63,0.0,0.0,0.0,0.0,0.0,0.0,0.0,0.0,805.75,0.0
112.6221,155.21,102.74,81.73,78.43,44.44,129.25,146.74,47.63,0.0,0.0,0.0,0.0,0.0,0.0,0.0,0.0,786.17,0.0
112.6321,145.31,93.94,77.0,76.23,46.53,131.45,150.7,49.39,0.0,0.0,0.0,0.0,0.0,0.0,0.0,0.0,770.55,0.0
112.6421,135.52,85.14,72.27,78.43,46.53,133.54,154.77,49.39,0.0,0.0,0.0,0.0,0.0,0.0,0.0,0.0,755.59,0.0
112.6521,125.73,78.54,65.12,78.43,48.62,135.63,158.84,49.39,0.0,0.0,0.0,0.0,0.0,0.0,0.0,0.0,740.3,0.0
112.6621,113.41,69.74,60.39,78.43,48.62,137.72,162.8,51.15,0.0,0.0,0.0,0.0,0.0,0.0,0.0,0.0,722.26,0.0
112.6721,102.08,63.14,55.77,80.63,48.62,139.92,168.96,51.15,0.0,0.0,0.0,0.0,0.0,0.0,0.0,0.0,710.27,0.0
112.6821,93.28,54.56,50.82,80.63,50.82,142.01,173.03,52.91,0.0,0.0,0.0,0.0,0.0,0.0,0.0,0.0,698.06,0.0
112.6921,82.17,48.73,45.98,80.63,50.82,146.19,181.28,54.67,0.0,0.0,0.0,0.0,0.0,0.0,0.0,0.0,690.47,0.0
112.7021,71.17,42.79,38.72,80.63,52.91,150.48,187.55,54.67,0.0,0.0,0.0,0.0,0.0,0.0,0.0,0.0,678.92,0.0
112.7121,62.37,38.94,33.88,82.83,52.91,154.66,195.8,56.54,0.0,0.0,0.0,0.0,0.0,0.0,0.0,0.0,677.93,0.0
112.7221,53.35,33.11,29.04,80.63,52.91,156.86,206.14,58.52,0.0,0.0,0.0,0.0,0.0,0.0,0.0,0.0,670.56,0.0
112.7321,44.11,29.15,26.62,80.63,55.0,158.95,218.57,60.5,0.0,0.0,0.0,0.0,0.0,0.0,0.0,0.0,673.53,0.0
112.7421,34.76,25.3,21.78,80.63,55.0,163.13,229.24,60.5,0.0,0.0,0.0,0.0,0.0,0.0,0.0,0.0,670.34,0.0
112.7521,30.14,19.47,16.94,80.63,57.2,165.33,244.64,64.57,0.0,0.0,0.0,0.0,0.0,0.0,0.0,0.0,678.92,0.0
112.7621,23.21,15.51,14.52,78.43,59.4,169.73,255.75,64.57,0.0,0.0,0.0,0.0,0.0,0.0,0.0,0.0,681.12,0.0
112.7721,18.59,13.64,12.1,78.43,59.4,171.93,268.95,66.55,0.0,0.0,0.0,0.0,0.0,0.0,0.0,0.0,689.59,0.0
112.7821,16.17,9.68,9.68,76.23,59.4,171.93,280.17,68.64,0.0,0.0,0.0,0.0,0.0,0.0,0.0,0.0,691.9,0.0
112.7921,11.55,7.7,9.68,71.83,57.2,174.13,286.88,68.64,0.0,0.0,0.0,0.0,0.0,0.0,0.0,0.0,687.61,0.0
112.8021,9.24,5.83,7.26,67.43,55.0,176.33,291.39,70.62,0.0,0.0,0.0,0.0,0.0,0.0,0.0,0.0,683.1,0.0
112.8121,6.93,5.83,4.84,60.83,52.91,174.13,295.9,72.6,0.0,0.0,0.0,0.0,0.0,0.0,0.0,0.0,673.97,0.0
112.8221,4.62,3.85,0.0,53.35,46.53,174.13,295.9,74.69,5.17,0.0,0.0,0.0,0.0,0.0,0.0,0.0,653.07,5.17
112.8321,4.62,3.85,0.0,46.53,40.15,171.93,295.9,76.67,24.53,0.0,0.0,0.0,0.0,0.0,0.0,0.0,639.65,24.53
112.8421,0.0,3.85,0.0,37.84,33.88,167.53,291.39,80.74,144.87,32.78,7.15,0.0,0.0,0.0,0.0,0.0,615.23,184.8
112.8521,0.0,0.0,0.0,29.26,25.41,158.95,286.88,82.72,224.07,60.94,19.14,5.61,0.0,0.0,0.0,0.0,583.22,309.76
112.8621,0.0,0.0,0.0,20.68,16.94,142.01,277.86,86.79,210.1,91.74,33.44,33.88,0.0,0.0,7.7,0.0,544.28,376.86
112.8721,0.0,0.0,0.0,13.75,10.56,118.69,268.95,88.77,210.1,118.03,43.12,62.48,0.0,4.73,10.23,0.0,500.72,448.69
112.8821,0.0,0.0,0.0,10.34,6.27,92.18,255.75,92.84,210.1,135.52,47.85,90.75,0.0,23.65,10.23,0.0,457.38,518.1
112.8921,0.0,0.0,0.0,8.58,6.27,58.63,231.44,90.86,203.17,143.11,50.27,106.48,0.0,45.1,15.4,4.18,395.78,567.71
112.9021,0.0,0.0,0.0,8.58,6.27,35.09,189.64,82.72,198.55,145.64,52.69,119.02,0.0,70.18,20.46,10.56,322.3,617.1
112.9121,0.0,0.0,0.0,6.82,6.27,25.3,132.55,68.64,203.17,153.12,60.5,128.48,5.5,83.82,30.8,14.74,239.58,680.13
112.9221,0.0,0.0,0.0,5.17,4.18,19.47,74.58,52.91,214.72,163.13,68.75,134.86,5.5,94.6,43.67,19.03,156.31,744.26
112.9321,0.0,0.0,0.0,3.41,4.18,15.62,44.22,40.59,226.49,173.03,74.14,141.13,8.25,102.74,53.9,23.21,108.02,802.89
112.9421,0.0,0.0,0.0,0.0,0.0,11.66,33.55,30.03,238.81,180.29,82.39,147.51,11.0,113.63,65.45,27.5,75.24,866.58
112.9521,0.0,0.0,0.0,0.0,0.0,7.81,25.96,19.36,243.76,185.13,87.78,153.78,13.75,121.88,74.36,29.59,53.13,910.03
112.9621,0.0,0.0,0.0,0.0,0.0,5.83,19.8,12.32,243.76,187.55,90.53,160.05,16.5,127.27,80.3,31.79,37.95,937.75
112.9721,0.0,0.0,0.0,0.0,0.0,5.83,15.18,7.04,238.81,187.55,90.53,166.43,13.75,135.41,86.35,33.88,28.05,952.71
112.9821,0.0,0.0,0.0,0.0,0.0,3.85,12.21,3.52,231.44,185.13,87.78,172.81,16.5,140.91,92.29,33.88,19.58,960.74
112.9921,0.0,0.0,0.0,0.0,0.0,3.85,10.67,3.52,224.07,180.29,87.78,176.0,16.5,146.3,98.23,35.97,18.04,965.14
113.0021,0.0,0.0,0.0,0.0,0.0,0.0,10.67,0.0,217.03,175.45,87.78,176.0,19.25,151.8,104.17,38.06,10.67,969.54
113.0121,0.0,0.0,0.0,0.0,0.0,0.0,9.13,0.0,212.41,170.61,87.78,179.19,19.25,154.55,107.14,40.26,9.13,971.19
113.0221,0.0,0.0,0.0,0.0,0.0,0.0,7.59,0.0,205.48,165.66,87.78,176.0,19.25,157.19,113.08,40.26,7.59,964.7
113.0321,0.0,0.0,0.0,0.0,0.0,0.0,6.05,0.0,196.24,158.07,85.03,176.0,22.0,159.94,115.94,42.35,6.05,955.57
113.0421,0.0,0.0,0.0,0.0,0.0,0.0,6.05,0.0,186.89,150.59,82.39,176.0,22.0,162.69,118.91,42.35,6.05,941.82
113.0521,0.0,0.0,0.0,0.0,0.0,0.0,4.51,0.0,177.65,143.11,79.64,176.0,22.0,162.69,121.77,44.44,4.51,927.3
113.0621,0.0,0.0,0.0,0.0,0.0,0.0,4.51,0.0,166.1,135.52,76.89,176.0,22.0,165.44,124.63,44.44,4.51,911.02
113.0721,0.0,0.0,0.0,0.0,0.0,0.0,4.51,0.0,155.43,125.51,74.14,176.0,24.75,168.19,127.6,46.53,4.51,898.15
113.0821,0.0,0.0,0.0,0.0,0.0,0.0,2.97,0.0,146.96,120.56,71.39,176.0,24.75,170.83,130.46,48.73,2.97,889.68
113.0921,0.0,0.0,0.0,0.0,0.0,0.0,2.97,0.0,138.49,113.08,68.75,179.19,24.75,173.47,133.32,48.73,2.97,879.78
113.1021,0.0,0.0,0.0,0.0,0.0,0.0,0.0,0.0,127.93,105.93,66.0,179.19,24.75,178.86,136.29,50.82,0.0,869.77
113.1121,0.0,0.0,0.0,0.0,0.0,0.0,0.0,0.0,119.46,101.2,60.5,182.38,27.5,181.61,139.15,52.91,0.0,864.71
113.1221,0.0,0.0,0.0,0.0,0.0,0.0,0.0,0.0,113.3,96.47,57.75,185.57,27.5,184.25,142.12,55.11,0.0,862.07
113.1321,0.0,0.0,0.0,0.0,0.0,0.0,0.0,0.0,105.71,91.74,55.11,188.76,27.5,189.64,147.84,57.53,0.0,863.83
113.1421,0.0,0.0,0.0,0.0,0.0,0.0,0.0,0.0,98.01,87.01,52.69,195.14,27.5,195.03,150.81,57.53,0.0,863.72
113.1521,0.0,0.0,0.0,0.0,0.0,0.0,0.0,0.0,90.42,82.28,50.27,198.44,30.25,200.42,156.53,62.37,0.0,870.98
113.1621,0.0,0.0,0.0,0.0,0.0,0.0,0.0,0.0,84.7,77.55,47.85,201.63,30.25,205.81,159.5,64.9,0.0,872.19
113.1721,0.0,0.0,0.0,0.0,0.0,0.0,0.0,0.0,78.98,72.82,47.85,208.01,30.25,211.2,165.33,67.32,0.0,881.76
113.1821,0.0,0.0,0.0,0.0,0.0,0.0,0.0,0.0,73.15,70.4,43.12,211.2,33.0,216.59,171.27,69.74,0.0,888.47
113.1921,0.0,0.0,0.0,0.0,0.0,0.0,0.0,0.0,65.56,63.36,40.7,214.39,33.0,221.98,180.18,72.16,0.0,891.33
113.2021,0.0,0.0,0.0,0.0,0.0,0.0,0.0,0.0,57.97,58.63,38.28,217.58,35.75,230.34,186.12,77.11,0.0,901.78
113.2121,0.0,0.0,0.0,0.0,0.0,0.0,0.0,0.0,49.17,53.9,35.86,224.07,33.0,235.95,192.06,79.53,0.0,903.54
113.2221,0.0,0.0,0.0,0.0,0.0,0.0,0.0,0.0,42.13,46.86,31.13,224.07,35.75,241.45,201.08,84.48,0.0,906.95
113.2321,0.0,0.0,0.0,0.0,0.0,0.0,0.0,0.0,33.33,42.13,28.71,224.07,35.75,247.06,212.96,89.32,0.0,913.33
113.2421,0.0,0.0,0.0,0.0,0.0,0.0,0.0,0.0,26.29,35.09,23.87,224.07,35.75,252.67,221.98,94.27,0.0,913.99
113.2521,0.0,0.0,0.0,0.0,0.0,0.0,0.0,0.0,21.01,25.74,19.14,217.58,35.75,255.42,230.45,96.69,0.0,901.78
113.2621,0.0,0.0,0.0,0.0,0.0,0.0,0.0,0.0,15.73,18.7,14.3,211.2,35.75,258.28,238.92,99.11,0.0,891.99
113.2721,0.0,0.0,0.0,0.0,0.0,0.0,0.0,0.0,12.21,13.97,11.88,201.63,35.75,258.28,244.53,101.53,0.0,879.78
113.2821,6.93,0.0,0.0,0.0,0.0,0.0,0.0,0.0,10.45,9.35,9.57,188.76,33.0,258.28,250.14,104.06,6.93,863.61
113.2921,13.86,3.85,0.0,0.0,0.0,0.0,0.0,0.0,6.93,6.93,7.15,172.81,30.25,258.28,255.86,108.9,17.71,847.11
113.3021,30.14,7.7,0.0,0.0,0.0,0.0,0.0,0.0,6.93,4.62,4.73,153.78,27.5,258.28,255.86,116.05,37.84,827.75
113.3121,84.48,23.32,0.0,0.0,0.0,0.0,0.0,0.0,5.17,4.62,0.0,134.86,24.75,255.42,255.86,122.76,107.8,803.44
113.3221,216.04,63.14,16.94,3.41,0.0,0.0,0.0,0.0,5.17,0.0,0.0,115.94,19.25,249.92,255.86,129.47,299.53,775.61
113.3321,220.88,80.74,31.46,15.51,0.0,0.0,0.0,0.0,3.41,0.0,0.0,90.75,13.75,241.45,253.0,136.18,348.59,738.54
113.3421,211.2,104.94,45.98,27.5,0.0,9.68,0.0,3.52,3.41,0.0,0.0,62.48,11.0,221.98,250.14,140.58,402.82,689.59
113.3521,213.62,126.39,58.08,37.84,0.0,23.43,2.97,8.8,0.0,0.0,0.0,39.6,5.5,197.67,244.53,142.89,471.13,630.19
113.3621,218.46,141.02,65.12,44.77,0.0,41.03,7.59,14.08,0.0,0.0,0.0,22.55,5.5,157.19,238.92,145.09,532.07,569.25
113.3721,218.46,149.38,67.54,51.7,0.0,50.71,15.18,17.6,0.0,0.0,0.0,16.94,5.5,105.49,227.59,142.89,570.57,498.41
113.3821,213.62,155.65,72.27,58.63,4.18,60.83,25.96,19.36,0.0,0.0,0.0,14.08,5.5,59.4,192.06,133.87,610.5,404.91
113.3921,216.04,164.01,77.0,65.23,8.47,74.25,38.17,24.64,0.0,0.0,0.0,11.22,8.25,37.95,144.98,118.25,667.81,320.65
113.4021,220.88,170.61,81.73,71.83,12.65,85.47,48.84,28.27,0.0,0.0,0.0,8.47,8.25,28.49,77.33,99.11,720.28,221.65
113.4121,228.58,177.43,93.5,76.23,16.94,96.69,61.93,33.55,0.0,0.0,0.0,8.47,5.5,23.65,56.54,79.53,784.85,173.69
113.4221,238.92,181.94,102.96,80.63,19.03,105.6,74.58,40.59,0.0,0.0,0.0,5.61,5.5,16.61,38.5,48.73,844.25,114.95
113.4321,241.45,184.25,107.69,82.83,23.21,112.42,87.23,45.87,0.0,0.0,0.0,0.0,0.0,11.88,25.63,25.41,884.95,62.92
113.4421,238.92,184.25,112.42,87.34,25.41,120.78,96.36,49.39,0.0,0.0,0.0,0.0,0.0,9.46,17.93,8.47,914.87,35.86
113.4521,233.75,181.94,112.42,93.94,27.5,127.16,105.38,52.91,0.0,0.0,0.0,0.0,0.0,7.04,15.4,6.27,935.0,28.71
113.4621,225.94,175.12,107.69,98.34,29.59,133.54,110.88,56.54,0.0,0.0,0.0,0.0,0.0,4.73,12.76,4.18,937.64,21.67
113.4721,213.62,168.3,105.27,102.74,31.68,139.92,116.49,58.52,0.0,0.0,0.0,0.0,0.0,4.73,10.23,4.18,936.54,19.14
113.4821,201.52,157.74,100.54,104.94,31.68,144.1,124.52,60.5,0.0,0.0,0.0,0.0,0.0,0.0,10.23,4.18,925.54,14.41
113.4921,191.73,147.29,95.81,107.14,33.88,148.39,130.57,62.59,0.0,0.0,0.0,0.0,0.0,0.0,7.7,0.0,917.4,7.7
113.5021,179.63,136.84,88.77,109.34,35.97,150.48,134.64,64.57,0.0,0.0,0.0,0.0,0.0,0.0,7.7,0.0,900.24,7.7
113.5121,169.95,128.48,84.04,111.54,35.97,152.57,138.6,64.57,0.0,0.0,0.0,0.0,0.0,0.0,7.7,0.0,885.72,7.7
113.5221,157.63,118.03,79.31,111.54,38.06,154.66,142.67,66.55,0.0,0.0,0.0,0.0,0.0,0.0,7.7,0.0,868.45,7.7
113.5321,145.31,109.34,72.27,113.85,38.06,156.86,144.65,66.55,0.0,0.0,0.0,0.0,0.0,0.0,5.06,0.0,846.89,5.06
113.5421,133.1,98.34,65.12,113.85,38.06,156.86,144.65,66.55,0.0,0.0,0.0,0.0,0.0,0.0,5.06,0.0,816.53,5.06
113.5521,123.2,89.54,60.39,116.05,38.06,156.86,144.65,66.55,0.0,0.0,0.0,0.0,0.0,0.0,5.06,0.0,795.3,5.06
113.5621,110.99,80.74,53.24,118.25,38.06,158.95,144.65,66.55,0.0,0.0,0.0,0.0,0.0,0.0,5.06,0.0,771.43,5.06
113.572,99.88,74.14,48.4,120.56,38.06,161.04,144.65,66.55,0.0,0.0,0.0,0.0,0.0,0.0,0.0,0.0,753.28,0.0
113.582,91.08,65.34,43.56,122.76,38.06,163.13,144.65,66.55,0.0,0.0,0.0,0.0,0.0,0.0,0.0,0.0,735.13,0.0
113.592,82.17,58.74,38.72,124.96,38.06,165.33,146.74,68.64,0.0,0.0,0.0,0.0,0.0,0.0,0.0,0.0,723.36,0.0
113.602,73.37,52.58,33.88,124.96,38.06,167.53,148.72,68.64,0.0,0.0,0.0,0.0,0.0,0.0,0.0,0.0,707.74,0.0
113.612,66.77,48.73,29.04,127.27,38.06,169.73,150.7,68.64,0.0,0.0,0.0,0.0,0.0,0.0,0.0,0.0,698.94,0.0
113.622,57.97,42.79,26.62,129.47,38.06,171.93,154.77,68.64,0.0,0.0,0.0,0.0,0.0,0.0,0.0,0.0,690.25,0.0
113.632,51.04,38.94,24.2,129.47,38.06,174.13,158.84,70.62,0.0,0.0,0.0,0.0,0.0,0.0,0.0,0.0,685.3,0.0
113.642,44.11,35.09,19.36,129.47,38.06,176.33,164.89,70.62,0.0,0.0,0.0,0.0,0.0,0.0,0.0,0.0,677.93,0.0
113.652,37.18,33.11,16.94,129.47,38.06,178.53,170.94,70.62,0.0,0.0,0.0,0.0,0.0,0.0,0.0,0.0,674.85,0.0
113.662,32.45,29.15,14.52,129.47,40.15,180.73,177.21,72.6,0.0,0.0,0.0,0.0,0.0,0.0,0.0,0.0,676.28,0.0
113.672,27.83,25.3,14.52,129.47,40.15,182.93,185.46,72.6,0.0,0.0,0.0,0.0,0.0,0.0,0.0,0.0,678.26,0.0
113.682,23.21,23.32,14.52,129.47,42.35,185.13,193.71,74.69,0.0,0.0,0.0,0.0,0.0,0.0,0.0,0.0,686.4,0.0
113.692,20.9,21.34,12.1,129.47,42.35,189.53,199.98,74.69,0.0,0.0,0.0,0.0,0.0,0.0,0.0,0.0,690.36,0.0
113.702,18.59,19.47,9.68,129.47,44.44,191.73,208.23,74.69,0.0,0.0,0.0,0.0,0.0,0.0,0.0,0.0,696.3,0.0
113.712,16.17,15.51,9.68,127.27,44.44,194.04,216.48,76.67,0.0,0.0,0.0,0.0,0.0,0.0,0.0,0.0,700.26,0.0
113.722,13.86,13.64,9.68,124.96,44.44,196.24,222.75,78.65,0.0,0.0,0.0,0.0,0.0,0.0,0.0,0.0,704.22,0.0
113.732,11.55,11.66,7.26,122.76,46.53,196.24,231.44,78.65,0.0,0.0,0.0,0.0,0.0,0.0,0.0,0.0,706.09,0.0
113.742,11.55,9.68,7.26,118.25,46.53,196.24,238.04,80.74,0.0,0.0,0.0,0.0,0.0,0.0,0.0,0.0,708.29,0.0
113.752,9.24,7.7,7.26,111.54,44.44,196.24,244.64,80.74,0.0,0.0,0.0,0.0,0.0,0.0,0.0,0.0,701.8,0.0
113.762,6.93,7.7,4.84,104.94,44.44,196.24,251.35,82.72,0.0,0.0,0.0,0.0,0.0,0.0,0.0,0.0,699.16,0.0
113.772,4.62,5.83,0.0,96.14,42.35,194.04,257.95,82.72,0.0,0.0,0.0,0.0,0.0,0.0,0.0,0.0,683.65,0.0
113.782,4.62,3.85,0.0,87.34,40.15,191.73,262.35,84.81,3.41,0.0,0.0,0.0,0.0,0.0,0.0,0.0,674.85,3.41
113.792,0.0,3.85,0.0,78.43,38.06,189.53,264.55,86.79,10.45,4.62,0.0,0.0,0.0,0.0,0.0,0.0,661.21,15.07
113.802,0.0,3.85,0.0,67.43,33.88,187.33,266.75,88.77,33.33,11.66,0.0,0.0,0.0,0.0,0.0,0.0,648.01,44.99
113.812,0.0,3.85,0.0,56.87,29.59,185.13,264.55,92.84,107.58,35.09,7.15,0.0,0.0,0.0,5.06,0.0,632.83,154.88
113.822,0.0,0.0,0.0,48.18,25.41,178.53,264.55,94.82,161.81,56.21,16.72,19.8,0.0,0.0,7.7,0.0,611.49,262.24
113.832,0.0,0.0,0.0,37.84,21.12,169.73,260.15,96.91,151.25,72.82,26.29,48.07,0.0,0.0,10.23,0.0,585.75,308.66
113.842,0.0,0.0,0.0,27.5,14.74,156.86,255.75,98.89,159.72,87.01,35.86,71.94,0.0,26.07,15.4,0.0,553.74,396.0
113.852,0.0,0.0,0.0,20.68,10.56,139.92,246.84,100.87,166.1,96.47,40.7,84.48,0.0,49.83,20.46,8.47,518.87,466.51
113.862,0.0,0.0,0.0,13.75,6.27,118.69,238.04,100.87,166.1,98.78,43.12,90.75,5.5,56.98,25.63,10.56,477.62,497.42
113.872,0.0,0.0,0.0,11.99,6.27,92.18,224.84,100.87,159.72,101.2,43.12,97.02,5.5,64.79,33.33,12.65,436.15,517.33
113.882,0.0,0.0,0.0,10.34,6.27,63.03,206.14,96.91,157.63,105.93,45.43,103.29,5.5,72.93,38.5,14.74,382.69,543.95
113.892,0.0,0.0,0.0,8.58,6.27,41.03,173.03,88.77,157.63,110.66,45.43,109.56,8.25,78.32,46.2,16.94,317.68,572.99
113.902,0.0,0.0,0.0,8.58,6.27,29.26,128.59,76.67,163.9,115.5,50.27,115.94,8.25,86.46,51.37,21.12,249.37,612.81
113.912,0.0,0.0,0.0,6.82,6.27,23.43,81.84,60.5,175.34,125.51,55.11,122.21,11.0,94.6,59.51,23.21,178.86,666.49
113.922,0.0,0.0,0.0,5.17,4.18,19.47,48.84,45.87,191.51,133.1,63.25,128.48,13.75,102.74,71.39,27.5,123.53,731.72
113.932,0.0,0.0,0.0,3.41,4.18,15.62,36.63,35.31,205.48,143.11,68.75,137.94,13.75,110.99,77.33,29.59,95.15,786.94
113.942,0.0,0.0,0.0,3.41,0.0,13.64,28.93,22.88,214.72,150.59,74.14,147.51,16.5,119.13,83.27,31.79,68.86,837.65
113.952,0.0,0.0,0.0,0.0,0.0,9.68,22.88,14.08,217.03,158.07,76.89,160.05,16.5,127.27,86.35,33.88,46.64,876.04
113.962,0.0,0.0,0.0,0.0,0.0,7.81,18.26,8.8,212.41,163.13,76.89,172.81,16.5,138.16,92.29,35.97,34.87,908.16
113.972,0.0,0.0,0.0,0.0,0.0,7.81,15.18,7.04,210.1,165.66,76.89,185.57,19.25,146.3,95.26,38.06,30.03,937.09
113.982,0.0,0.0,0.0,0.0,0.0,5.83,13.75,5.28,207.79,165.66,79.64,195.14,19.25,154.55,98.23,40.26,24.86,960.52
113.992,0.0,0.0,0.0,0.0,0.0,5.83,12.21,5.28,203.17,165.66,79.64,204.82,19.25,159.94,104.17,42.35,23.32,979.0
114.002,0.0,0.0,0.0,0.0,0.0,5.83,12.21,5.28,196.24,163.13,79.64,214.39,19.25,168.19,110.22,44.44,23.32,995.5
114.012,0.0,0.0,0.0,0.0,0.0,5.83,10.67,5.28,189.2,158.07,76.89,220.77,22.0,173.47,113.08,44.44,21.78,997.92
114.022,0.0,0.0,0.0,0.0,0.0,3.85,9.13,5.28,177.65,150.59,74.14,224.07,22.0,176.22,115.94,46.53,18.26,987.14
114.032,0.0,0.0,0.0,0.0,0.0,3.85,7.59,3.52,166.1,143.11,68.75,229.79,24.75,181.61,118.91,48.73,14.96,981.75
114.042,0.0,0.0,0.0,0.0,0.0,3.85,7.59,3.52,155.43,138.05,66.0,232.76,24.75,184.25,121.77,48.73,14.96,971.74
114.052,0.0,0.0,0.0,0.0,0.0,3.85,7.59,3.52,144.87,130.57,63.25,238.59,24.75,189.64,121.77,50.82,14.96,964.26
114.062,0.0,0.0,0.0,0.0,0.0,3.85,6.05,3.52,134.31,123.09,57.75,244.42,24.75,192.39,124.63,52.91,13.42,954.25
114.072,0.0,0.0,0.0,0.0,0.0,0.0,4.51,3.52,123.75,115.5,55.11,247.28,24.75,197.67,127.6,52.91,8.03,944.57
114.082,0.0,0.0,0.0,0.0,0.0,0.0,4.51,0.0,113.3,108.24,52.69,253.11,24.75,200.42,127.6,55.11,4.51,935.22
114.092,0.0,0.0,0.0,0.0,0.0,0.0,4.51,0.0,103.73,101.2,47.85,258.94,24.75,205.81,130.46,55.11,4.51,927.85
114.102,0.0,0.0,0.0,0.0,0.0,0.0,2.97,0.0,96.14,96.47,45.43,261.8,24.75,208.45,130.46,57.53,2.97,921.03
114.112,0.0,0.0,0.0,0.0,0.0,0.0,0.0,0.0,88.44,89.32,43.12,267.63,27.5,211.2,133.32,57.53,0.0,918.06
114.122,0.0,0.0,0.0,0.0,0.0,0.0,0.0,0.0,80.85,84.59,40.7,270.6,24.75,213.84,133.32,59.95,0.0,908.6
114.132,0.0,0.0,0.0,0.0,0.0,0.0,0.0,0.0,75.13,79.86,35.86,276.43,24.75,216.59,133.32,59.95,0.0,901.89
114.142,0.0,0.0,0.0,0.0,0.0,0.0,0.0,0.0,69.41,75.13,35.86,282.7,27.5,221.98,133.32,62.37,0.0,908.27
114.152,0.0,0.0,0.0,0.0,0.0,0.0,0.0,0.0,61.71,70.4,31.13,285.89,27.5,224.73,136.29,62.37,0.0,900.02
114.162,0.0,0.0,0.0,0.0,0.0,0.0,0.0,0.0,56.21,65.67,28.71,292.16,27.5,227.48,136.29,62.37,0.0,896.39
114.172,0.0,0.0,0.0,0.0,0.0,0.0,0.0,0.0,49.17,58.63,26.29,298.43,27.5,233.09,139.15,64.9,0.0,897.16
114.182,0.0,0.0,0.0,0.0,0.0,0.0,0.0,0.0,43.89,56.21,23.87,304.81,27.5,235.95,142.12,64.9,0.0,899.25
114.192,0.0,0.0,0.0,0.0,0.0,0.0,0.0,0.0,36.85,51.59,21.56,311.08,27.5,238.7,142.12,67.32,0.0,896.72
114.202,0.0,0.0,0.0,0.0,0.0,0.0,0.0,0.0,31.57,46.86,16.72,317.46,27.5,244.31,144.98,69.74,0.0,899.14
114.212,0.0,0.0,0.0,0.0,0.0,0.0,0.0,0.0,24.53,42.13,14.3,320.54,27.5,249.92,147.84,72.16,0.0,898.92
114.222,0.0,0.0,0.0,0.0,0.0,0.0,0.0,0.0,21.01,35.09,11.88,323.73,27.5,255.42,153.67,77.11,0.0,905.41
114.232,0.0,0.0,0.0,0.0,0.0,0.0,0.0,0.0,17.49,28.05,11.88,326.92,27.5,258.28,156.53,79.53,0.0,906.18
114.242,0.0,0.0,0.0,0.0,0.0,0.0,0.0,0.0,13.97,23.43,11.88,326.92,27.5,263.89,162.36,84.48,0.0,914.43
114.252,0.0,0.0,0.0,0.0,0.0,0.0,0.0,0.0,12.21,18.7,9.57,323.73,27.5,266.64,168.3,86.9,0.0,913.55
114.262,0.0,0.0,0.0,0.0,0.0,0.0,0.0,0.0,10.45,13.97,7.15,320.54,24.75,272.25,171.27,91.74,0.0,912.12
114.272,0.0,0.0,0.0,0.0,0.0,0.0,0.0,0.0,8.69,11.66,7.15,311.08,24.75,272.25,174.24,94.27,0.0,904.09
114.282,0.0,0.0,0.0,0.0,0.0,0.0,0.0,0.0,6.93,9.35,4.73,298.43,22.0,275.0,177.21,99.11,0.0,892.76
114.292,4.62,3.85,0.0,0.0,0.0,0.0,0.0,0.0,6.93,9.35,4.73,282.7,19.25,277.86,177.21,104.06,8.47,882.09
114.302,13.86,7.7,0.0,0.0,0.0,0.0,0.0,0.0,5.17,6.93,0.0,267.63,19.25,280.61,177.21,108.9,21.56,865.7
114.312,37.18,11.66,0.0,0.0,0.0,0.0,0.0,0.0,5.17,4.62,0.0,247.28,16.5,283.47,177.21,116.05,48.84,850.3
114.322,110.99,38.94,0.0,0.0,0.0,0.0,0.0,0.0,3.41,4.62,0.0,224.07,13.75,283.47,177.21,120.45,149.93,826.98
114.332,216.04,71.94,16.94,6.82,0.0,0.0,0.0,0.0,3.41,4.62,0.0,198.44,11.0,280.61,180.18,127.16,311.74,805.42
114.342,216.04,89.54,31.46,18.92,0.0,3.85,0.0,0.0,3.41,0.0,0.0,163.24,8.25,275.0,180.18,136.18,359.81,766.26
114.352,218.46,107.14,43.56,22.33,0.0,5.83,0.0,3.52,0.0,0.0,0.0,122.21,5.5,261.03,183.15,142.89,400.84,714.78
114.362,218.46,122.21,53.24,29.26,0.0,9.68,0.0,3.52,0.0,0.0,0.0,84.48,5.5,238.7,183.15,149.6,436.37,661.43
114.372,218.46,132.66,58.08,37.84,0.0,19.47,0.0,7.04,0.0,0.0,0.0,48.07,5.5,208.45,180.18,154.0,473.55,596.2
114.382,223.41,143.11,60.39,41.36,0.0,27.28,4.51,8.8,0.0,0.0,0.0,31.02,5.5,165.44,174.24,154.0,508.86,530.2
114.392,223.41,151.47,65.12,46.53,0.0,39.05,7.59,12.32,0.0,0.0,0.0,25.41,8.25,105.49,159.5,147.29,545.49,445.94
114.402,233.75,161.92,74.58,49.94,0.0,48.84,16.72,15.84,0.0,0.0,0.0,22.55,8.25,64.79,127.6,133.87,601.59,357.06
114.412,249.26,175.12,84.04,51.7,4.18,56.65,25.96,19.36,0.0,0.0,0.0,16.94,8.25,42.68,83.27,118.25,666.27,269.39
114.422,267.41,186.45,93.5,55.11,8.47,63.03,38.17,21.12,0.0,0.0,0.0,14.08,8.25,28.49,56.54,99.11,733.26,206.47
114.432,282.92,200.09,102.96,56.87,12.65,67.54,45.76,24.64,0.0,0.0,0.0,11.22,5.5,21.34,43.67,74.69,793.43,156.42
114.442,293.15,206.91,110.0,58.63,14.74,74.25,51.92,26.4,0.0,0.0,0.0,8.47,0.0,16.61,33.33,46.53,836.0,104.94
114.452,295.68,209.11,114.84,60.83,16.94,78.76,56.54,28.27,0.0,0.0,0.0,5.61,0.0,11.88,25.63,19.03,860.97,62.15
114.462,295.68,209.11,114.84,65.23,19.03,83.27,61.93,30.03,0.0,0.0,0.0,5.61,0.0,9.46,17.93,8.47,879.12,41.47
114.472,290.62,209.11,117.37,67.43,21.12,87.67,65.56,30.03,0.0,0.0,0.0,0.0,0.0,7.04,15.4,4.18,888.91,26.62
114.482,285.45,206.91,114.84,71.83,23.21,92.18,70.95,31.79,0.0,0.0,0.0,0.0,0.0,4.73,12.76,4.18,897.16,21.67
114.492,277.86,204.6,114.84,74.03,25.41,96.69,76.45,33.55,0.0,0.0,0.0,0.0,0.0,4.73,10.23,4.18,903.43,19.14
114.502,270.05,197.78,112.42,76.23,27.5,101.2,81.84,35.31,0.0,0.0,0.0,0.0,0.0,0.0,10.23,0.0,902.33,10.23
114.512,262.24,193.27,110.0,76.23,29.59,103.4,85.47,37.07,0.0,0.0,0.0,0.0,0.0,0.0,7.7,0.0,897.27,7.7
114.522,254.43,184.25,107.69,78.43,29.59,105.6,90.86,37.07,0.0,0.0,0.0,0.0,0.0,0.0,5.06,0.0,887.92,5.06
114.532,244.09,175.12,105.27,78.43,31.68,107.91,94.49,38.83,0.0,0.0,0.0,0.0,0.0,0.0,0.0,0.0,875.82,0.0
114.542,236.28,168.3,102.96,80.63,33.88,110.11,99.99,38.83,0.0,0.0,0.0,0.0,0.0,0.0,0.0,0.0,870.98,0.0
114.552,223.41,157.74,98.23,82.83,35.97,112.42,101.75,40.59,0.0,0.0,0.0,0.0,0.0,0.0,0.0,0.0,852.94,0.0
114.562,211.2,149.38,91.08,85.03,38.06,114.51,105.38,42.35,0.0,0.0,0.0,0.0,0.0,0.0,0.0,0.0,836.99,0.0
114.572,199.1,138.93,86.35,87.34,38.06,118.69,109.01,42.35,0.0,0.0,0.0,0.0,0.0,0.0,0.0,0.0,819.83,0.0
114.582,186.89,130.57,81.73,91.74,38.06,122.98,112.64,44.11,0.0,0.0,0.0,0.0,0.0,0.0,0.0,0.0,808.72,0.0
114.592,177.21,122.21,77.0,93.94,42.35,125.07,118.47,44.11,0.0,0.0,0.0,0.0,0.0,0.0,0.0,0.0,800.36,0.0
114.602,165.0,113.85,72.27,98.34,42.35,129.25,122.54,45.87,0.0,0.0,0.0,0.0,0.0,0.0,0.0,0.0,789.47,0.0
114.612,152.68,102.74,67.54,100.54,44.44,133.54,128.59,47.63,0.0,0.0,0.0,0.0,0.0,0.0,0.0,0.0,777.7,0.0
114.622,140.47,93.94,60.39,104.94,46.53,137.72,134.64,47.63,0.0,0.0,0.0,0.0,0.0,0.0,0.0,0.0,766.26,0.0
114.632,125.73,82.94,55.77,107.14,48.62,144.1,142.67,49.39,0.0,0.0,0.0,0.0,0.0,0.0,0.0,0.0,756.36,0.0
114.642,113.41,74.14,50.82,109.34,48.62,148.39,150.7,52.91,0.0,0.0,0.0,0.0,0.0,0.0,0.0,0.0,748.33,0.0
114.652,99.88,63.14,45.98,111.54,50.82,154.66,160.82,54.67,0.0,0.0,0.0,0.0,0.0,0.0,0.0,0.0,741.51,0.0
114.662,86.68,54.56,38.72,113.85,52.91,158.95,170.94,56.54,0.0,0.0,0.0,0.0,0.0,0.0,0.0,0.0,733.15,0.0
114.672,73.37,46.75,33.88,113.85,55.0,163.13,181.28,58.52,0.0,0.0,0.0,0.0,0.0,0.0,0.0,0.0,725.78,0.0
114.682,60.17,40.92,29.04,113.85,55.0,167.53,193.71,62.59,0.0,0.0,0.0,0.0,0.0,0.0,0.0,0.0,722.81,0.0
114.692,48.73,35.09,24.2,113.85,57.2,171.93,204.05,64.57,0.0,0.0,0.0,0.0,0.0,0.0,0.0,0.0,719.62,0.0
114.702,37.18,29.15,19.36,113.85,59.4,176.33,218.57,66.55,0.0,0.0,0.0,0.0,0.0,0.0,0.0,0.0,720.39,0.0
114.712,27.83,23.32,14.52,111.54,59.4,178.53,229.24,68.64,0.0,0.0,0.0,0.0,0.0,0.0,0.0,0.0,713.02,0.0
114.722,23.21,17.49,12.1,109.34,59.4,180.73,244.64,70.62,0.0,0.0,0.0,0.0,0.0,0.0,0.0,0.0,717.53,0.0
114.732,18.59,13.64,9.68,104.94,61.71,182.93,255.75,72.6,6.93,0.0,0.0,0.0,0.0,0.0,0.0,0.0,719.84,6.93
114.742,13.86,9.68,9.68,98.34,59.4,185.13,266.75,76.67,8.69,0.0,0.0,0.0,0.0,0.0,0.0,0.0,719.51,8.69
114.752,11.55,7.7,7.26,89.54,57.2,185.13,273.35,80.74,12.21,0.0,0.0,0.0,0.0,0.0,0.0,0.0,712.47,12.21
114.762,9.24,5.83,4.84,80.63,55.0,182.93,280.17,82.72,17.49,4.62,0.0,0.0,0.0,0.0,0.0,0.0,701.36,22.11
114.772,6.93,5.83,0.0,67.43,48.62,180.73,284.68,86.79,29.81,9.35,0.0,0.0,0.0,0.0,0.0,0.0,681.01,39.16
114.782,4.62,3.85,0.0,55.11,42.35,178.53,286.88,90.86,77.0,28.05,4.73,0.0,0.0,0.0,0.0,0.0,662.2,109.78
114.792,0.0,3.85,0.0,43.01,33.88,174.13,284.68,94.82,173.03,63.36,26.29,14.08,0.0,0.0,7.7,0.0,634.37,284.46
114.802,0.0,3.85,0.0,32.67,25.41,163.13,277.86,96.91,177.65,89.32,35.86,56.54,0.0,0.0,10.23,0.0,599.83,369.6
114.812,0.0,0.0,0.0,22.33,16.94,148.39,268.95,98.89,182.27,110.66,47.85,90.75,0.0,23.65,15.4,0.0,555.5,470.58
114.822,0.0,0.0,0.0,13.75,10.56,125.07,257.95,100.87,179.96,115.5,55.11,100.21,5.5,47.52,20.46,8.47,508.2,532.73
114.832,0.0,0.0,0.0,10.34,6.27,96.69,242.44,100.87,170.72,120.56,55.11,109.56,8.25,59.4,28.27,12.65,456.61,564.52
114.842,0.0,0.0,0.0,8.58,6.27,65.34,220.66,96.91,168.41,125.51,55.11,119.02,5.5,67.54,33.33,14.74,397.76,589.16
114.852,0.0,0.0,0.0,8.58,6.27,39.05,181.28,90.86,168.41,130.57,57.75,128.48,8.25,78.32,41.03,16.94,326.04,629.75
114.862,0.0,0.0,0.0,6.82,6.27,25.3,128.59,74.69,173.03,140.58,60.5,141.13,8.25,91.96,48.73,21.12,241.67,685.3
114.872,0.0,0.0,0.0,5.17,6.27,21.45,76.45,58.52,177.65,148.06,66.0,153.78,11.0,102.74,53.9,23.21,167.86,736.34
114.882,0.0,0.0,0.0,3.41,4.18,17.49,47.3,44.11,186.89,158.07,71.39,163.24,13.75,110.99,62.48,27.5,116.49,794.31
114.892,0.0,0.0,0.0,0.0,0.0,13.64,35.09,31.79,196.24,163.13,82.39,172.81,13.75,121.88,74.36,31.79,80.52,856.35
114.902,0.0,0.0,0.0,0.0,0.0,9.68,27.5,21.12,200.86,168.19,85.03,182.38,16.5,132.77,83.27,33.88,58.3,902.88
114.912,0.0,0.0,0.0,0.0,0.0,7.81,21.34,14.08,198.55,170.61,87.78,195.14,19.25,143.66,92.29,35.97,43.23,943.25
114.922,0.0,0.0,0.0,0.0,0.0,5.83,16.72,7.04,189.2,168.19,85.03,208.01,19.25,154.55,95.26,38.06,29.59,957.55
114.932,0.0,0.0,0.0,0.0,0.0,5.83,12.21,3.52,179.96,165.66,82.39,220.77,19.25,162.69,101.2,40.26,21.56,972.18
114.942,0.0,0.0,0.0,0.0,0.0,3.85,12.21,3.52,170.72,163.13,82.39,232.76,22.0,170.83,107.14,44.44,19.58,993.41
114.952,0.0,0.0,0.0,0.0,0.0,3.85,10.67,3.52,161.81,158.07,79.64,241.45,22.0,181.61,110.22,46.53,18.04,1001.33
114.962,0.0,0.0,0.0,0.0,0.0,3.85,9.13,3.52,153.34,150.59,76.89,247.28,24.75,187.0,115.94,48.73,16.5,1004.52
114.972,0.0,0.0,0.0,0.0,0.0,0.0,7.59,3.52,140.69,140.58,71.39,253.11,24.75,192.39,118.91,50.82,11.11,992.64
114.982,0.0,0.0,0.0,0.0,0.0,0.0,6.05,3.52,127.93,130.57,66.0,258.94,24.75,200.42,124.63,52.91,9.57,986.15
114.992,0.0,0.0,0.0,0.0,0.0,0.0,6.05,0.0,115.28,118.03,60.5,261.8,24.75,203.06,127.6,55.11,6.05,966.13
115.0019,0.0,0.0,0.0,0.0,0.0,0.0,4.51,0.0,101.86,108.24,55.11,264.77,27.5,208.45,130.46,55.11,4.51,951.5
115.0119,0.0,0.0,0.0,0.0,0.0,0.0,2.97,0.0,90.42,96.47,50.27,267.63,24.75,211.2,130.46,57.53,2.97,928.73
115.0219,0.0,0.0,0.0,0.0,0.0,0.0,2.97,0.0,78.98,87.01,45.43,270.6,27.5,216.59,133.32,59.95,2.97,919.38
115.0319,0.0,0.0,0.0,0.0,0.0,0.0,2.97,0.0,67.43,77.55,40.7,273.46,27.5,219.23,136.29,62.37,2.97,904.53
115.0419,0.0,0.0,0.0,0.0,0.0,0.0,0.0,0.0,57.97,68.09,35.86,273.46,27.5,221.98,139.15,64.9,0.0,888.91
115.0519,0.0,0.0,0.0,0.0,0.0,0.0,0.0,0.0,49.17,60.94,33.44,276.43,27.5,224.73,139.15,67.32,0.0,878.68
115.0619,0.0,0.0,0.0,0.0,0.0,0.0,0.0,0.0,43.89,53.9,28.71,273.46,27.5,227.48,142.12,69.74,0.0,866.8
115.0719,0.0,0.0,0.0,0.0,0.0,0.0,0.0,0.0,36.85,49.17,26.29,276.43,27.5,230.34,144.98,69.74,0.0,861.3
115.0819,0.0,0.0,0.0,0.0,0.0,0.0,0.0,0.0,31.57,44.55,23.87,276.43,27.5,233.09,144.98,72.16,0.0,854.15
115.0919,0.0,0.0,0.0,0.0,0.0,0.0,0.0,0.0,26.29,37.51,19.14,273.46,27.5,235.95,147.84,74.69,0.0,842.38
115.1019,0.0,0.0,0.0,0.0,0.0,0.0,0.0,0.0,21.01,35.09,14.3,273.46,27.5,241.45,153.67,77.11,0.0,843.59
115.1119,0.0,0.0,0.0,0.0,0.0,0.0,0.0,0.0,17.49,28.05,14.3,270.6,24.75,244.31,159.5,79.53,0.0,838.53
115.1219,0.0,0.0,0.0,0.0,0.0,0.0,0.0,0.0,15.73,25.74,11.88,267.63,24.75,247.06,165.33,81.95,0.0,840.07
115.1319,0.0,0.0,0.0,0.0,0.0,0.0,0.0,0.0,13.97,21.01,9.57,264.77,27.5,249.92,171.27,84.48,0.0,842.49
115.1419,0.0,0.0,0.0,0.0,0.0,0.0,0.0,0.0,10.45,16.39,9.57,258.94,27.5,255.42,180.18,86.9,0.0,845.35
115.1519,0.0,0.0,0.0,0.0,0.0,0.0,0.0,0.0,10.45,13.97,9.57,253.11,27.5,258.28,189.09,89.32,0.0,851.29
115.1619,0.0,0.0,0.0,0.0,0.0,0.0,0.0,0.0,8.69,11.66,7.15,244.42,27.5,261.03,198.11,94.27,0.0,852.83
115.1719,0.0,0.0,0.0,0.0,0.0,0.0,0.0,0.0,6.93,9.35,7.15,235.62,24.75,266.64,207.02,96.69,0.0,854.15
115.1819,0.0,0.0,0.0,0.0,0.0,0.0,0.0,0.0,6.93,9.35,4.73,226.93,24.75,269.39,215.93,99.11,0.0,857.12
115.1919,0.0,0.0,0.0,0.0,0.0,0.0,0.0,0.0,5.17,6.93,4.73,214.39,24.75,272.25,224.73,104.06,0.0,857.01
115.2019,0.0,0.0,0.0,0.0,0.0,0.0,0.0,0.0,5.17,6.93,0.0,201.63,24.75,272.25,233.2,108.9,0.0,852.83
115.2119,0.0,0.0,0.0,0.0,0.0,0.0,0.0,0.0,3.41,4.62,0.0,185.57,22.0,272.25,241.67,113.85,0.0,843.37
115.2219,0.0,0.0,0.0,0.0,0.0,0.0,0.0,0.0,3.41,4.62,0.0,169.62,19.25,272.25,247.39,118.25,0.0,834.79
115.2319,0.0,0.0,0.0,0.0,0.0,0.0,0.0,0.0,3.41,4.62,0.0,153.78,19.25,269.39,250.14,122.76,0.0,823.35
115.2419,9.24,3.85,0.0,0.0,0.0,0.0,0.0,0.0,3.41,0.0,0.0,134.86,16.5,266.64,253.0,124.96,13.09,799.37
115.2519,25.52,7.7,0.0,0.0,0.0,0.0,0.0,0.0,0.0,0.0,0.0,115.94,13.75,261.03,253.0,129.47,33.22,773.19
115.2619,88.88,25.3,0.0,0.0,0.0,0.0,0.0,0.0,0.0,0.0,0.0,93.94,11.0,252.67,253.0,133.87,114.18,744.48
115.2719,233.75,74.14,21.78,5.17,0.0,0.0,0.0,0.0,0.0,0.0,0.0,71.94,8.25,238.7,253.0,138.38,334.84,710.27
115.2819,241.45,100.54,41.14,22.33,0.0,7.81,2.97,3.52,0.0,0.0,0.0,50.82,5.5,216.59,253.0,142.89,419.76,668.8
115.2919,241.45,128.48,58.08,32.67,0.0,17.49,2.97,7.04,0.0,0.0,0.0,31.02,5.5,181.61,250.14,147.29,488.18,615.56
115.3019,241.45,147.29,65.12,43.01,0.0,29.26,6.05,12.32,0.0,0.0,0.0,22.55,5.5,127.27,238.92,147.29,544.5,541.53
115.3119,246.73,164.01,72.27,51.7,0.0,46.86,13.75,15.84,0.0,0.0,0.0,16.94,8.25,72.93,212.96,140.58,611.16,451.66
115.3219,244.09,177.43,74.58,60.83,4.18,60.83,21.34,19.36,0.0,0.0,0.0,16.94,8.25,45.1,165.33,127.16,662.64,362.78
115.3319,246.73,190.96,81.73,69.63,8.47,76.56,36.63,24.64,0.0,0.0,0.0,14.08,8.25,33.22,107.14,113.85,735.35,276.54
115.3419,254.43,202.4,88.77,78.43,12.65,89.98,47.3,28.27,0.0,0.0,0.0,11.22,8.25,28.49,68.42,94.27,802.23,210.65
115.3519,257.07,209.11,95.81,87.34,16.94,101.2,58.3,31.79,0.0,0.0,0.0,8.47,5.5,21.34,48.73,67.32,857.56,151.36
115.3619,262.24,213.73,102.96,93.94,19.03,110.11,69.19,35.31,0.0,0.0,0.0,5.61,0.0,16.61,35.97,40.26,906.51,98.45
115.3719,262.24,211.42,105.27,102.74,23.21,120.78,78.21,38.83,0.0,0.0,0.0,0.0,0.0,11.88,25.63,14.74,942.7,52.25
115.3819,254.43,209.11,105.27,109.34,25.41,127.16,85.47,42.35,0.0,0.0,0.0,0.0,0.0,7.04,17.93,6.27,958.54,31.24
115.3919,244.09,200.09,102.96,118.25,27.5,135.63,90.86,45.87,0.0,0.0,0.0,0.0,0.0,4.73,15.4,4.18,965.25,24.31
115.4019,231.11,190.96,98.23,124.96,27.5,142.01,96.36,47.63,0.0,0.0,0.0,0.0,0.0,4.73,12.76,4.18,958.76,21.67
115.4119,218.46,179.63,93.5,131.67,29.59,148.39,99.99,49.39,0.0,0.0,0.0,0.0,0.0,4.73,12.76,0.0,950.62,17.49
115.4219,203.94,166.1,88.77,136.18,31.68,152.57,105.38,52.91,0.0,0.0,0.0,0.0,0.0,0.0,10.23,0.0,937.53,10.23
115.4319,186.89,151.47,81.73,140.69,31.68,156.86,109.01,54.67,0.0,0.0,0.0,0.0,0.0,0.0,7.7,0.0,913.0,7.7
115.4419,172.37,138.93,74.58,145.09,31.68,161.04,112.64,54.67,0.0,0.0,0.0,0.0,0.0,0.0,7.7,0.0,891.0,7.7
115.4519,160.05,126.39,69.85,147.4,33.88,163.13,116.49,56.54,0.0,0.0,0.0,0.0,0.0,0.0,5.06,0.0,873.73,5.06
115.4619,145.31,115.94,62.81,149.6,33.88,165.33,118.47,58.52,0.0,0.0,0.0,0.0,0.0,0.0,5.06,0.0,849.86,5.06
115.4719,133.1,102.74,58.08,151.8,33.88,167.53,122.54,60.5,0.0,0.0,0.0,0.0,0.0,0.0,5.06,0.0,830.17,5.06
115.4819,118.36,91.74,50.82,154.11,35.97,169.73,122.54,60.5,0.0,0.0,0.0,0.0,0.0,0.0,0.0,0.0,803.77,0.0
115.4919,104.28,80.74,43.56,156.31,35.97,171.93,124.52,62.59,0.0,0.0,0.0,0.0,0.0,0.0,0.0,0.0,779.9,0.0
115.5019,93.28,69.74,38.72,156.31,33.88,174.13,126.5,62.59,0.0,0.0,0.0,0.0,0.0,0.0,0.0,0.0,755.15,0.0
115.5119,79.97,60.94,33.88,158.51,35.97,174.13,126.5,62.59,0.0,0.0,0.0,0.0,0.0,0.0,0.0,0.0,732.49,0.0
115.5219,68.97,52.58,26.62,158.51,33.88,176.33,128.59,62.59,0.0,0.0,0.0,0.0,0.0,0.0,0.0,0.0,708.07,0.0
115.5319,57.97,46.75,21.78,160.82,33.88,176.33,126.5,62.59,0.0,0.0,0.0,0.0,0.0,0.0,0.0,0.0,686.62,0.0
115.5419,46.42,40.92,16.94,160.82,31.68,178.53,128.59,62.59,0.0,0.0,0.0,0.0,0.0,0.0,0.0,0.0,666.49,0.0
115.5519,34.76,35.09,14.52,160.82,31.68,178.53,128.59,62.59,0.0,0.0,0.0,0.0,0.0,0.0,0.0,0.0,646.58,0.0
115.5619,27.83,29.15,12.1,160.82,31.68,180.73,130.57,62.59,0.0,0.0,0.0,0.0,0.0,0.0,0.0,0.0,635.47,0.0
115.5719,20.9,23.32,9.68,160.82,31.68,180.73,132.55,62.59,0.0,0.0,0.0,0.0,0.0,0.0,0.0,0.0,622.27,0.0
115.5819,18.59,21.34,9.68,158.51,29.59,182.93,136.62,64.57,0.0,0.0,0.0,0.0,0.0,0.0,0.0,0.0,621.83,0.0
115.5919,16.17,17.49,9.68,158.51,31.68,182.93,138.6,64.57,0.0,0.0,0.0,0.0,0.0,0.0,0.0,0.0,619.63,0.0
115.6019,13.86,13.64,7.26,158.51,31.68,185.13,142.67,64.57,0.0,0.0,0.0,0.0,0.0,0.0,0.0,0.0,617.32,0.0
115.6119,11.55,11.66,4.84,158.51,31.68,189.53,148.72,66.55,0.0,0.0,0.0,0.0,0.0,0.0,0.0,0.0,623.04,0.0
115.6219,9.24,11.66,4.84,158.51,31.68,191.73,152.79,68.64,0.0,0.0,0.0,0.0,0.0,0.0,0.0,0.0,629.09,0.0
115.6319,9.24,9.68,4.84,158.51,31.68,194.04,158.84,70.62,0.0,0.0,0.0,0.0,0.0,0.0,0.0,0.0,637.45,0.0
115.6419,9.24,9.68,4.84,156.31,31.68,198.44,164.89,70.62,0.0,0.0,0.0,0.0,0.0,0.0,0.0,0.0,645.7,0.0
115.6519,6.93,7.7,0.0,154.11,31.68,200.64,173.03,72.6,0.0,0.0,0.0,0.0,0.0,0.0,0.0,0.0,646.69,0.0
115.6619,4.62,7.7,0.0,151.8,31.68,202.84,179.3,74.69,0.0,0.0,0.0,0.0,0.0,0.0,0.0,0.0,652.63,0.0
115.6719,6.93,5.83,0.0,149.6,31.68,207.24,185.46,76.67,0.0,0.0,0.0,0.0,0.0,0.0,0.0,0.0,663.41,0.0
115.6819,4.62,5.83,0.0,145.09,29.59,207.24,193.71,78.65,0.0,0.0,0.0,0.0,0.0,0.0,0.0,0.0,664.73,0.0
115.6919,4.62,3.85,0.0,136.18,29.59,209.44,199.98,80.74,0.0,0.0,0.0,0.0,0.0,0.0,0.0,0.0,664.4,0.0
115.7019,0.0,3.85,0.0,127.27,29.59,209.44,206.14,84.81,0.0,0.0,0.0,0.0,0.0,0.0,0.0,0.0,661.1,0.0
115.7119,0.0,3.85,0.0,118.25,27.5,209.44,210.32,86.79,0.0,0.0,0.0,0.0,0.0,0.0,0.0,0.0,656.15,0.0
115.7219,0.0,3.85,0.0,107.14,25.41,209.44,214.39,90.86,0.0,0.0,0.0,0.0,0.0,0.0,0.0,0.0,651.09,0.0
115.7319,0.0,3.85,0.0,96.14,21.12,207.24,216.48,94.82,0.0,0.0,0.0,0.0,0.0,0.0,0.0,0.0,639.65,0.0
115.7419,0.0,0.0,0.0,85.03,16.94,207.24,214.39,96.91,3.41,0.0,0.0,0.0,0.0,0.0,0.0,0.0,620.51,3.41
115.7519,0.0,0.0,0.0,74.03,14.74,205.04,212.41,100.87,21.01,9.35,0.0,0.0,0.0,0.0,0.0,0.0,607.09,30.36
115.7619,0.0,0.0,0.0,63.03,12.65,200.64,210.32,102.96,105.71,37.51,7.15,5.61,0.0,0.0,0.0,0.0,589.6,155.98
115.7719,0.0,0.0,0.0,51.7,10.56,191.73,208.23,104.94,226.49,70.4,14.3,28.27,0.0,0.0,0.0,0.0,567.16,339.46
115.7819,0.0,0.0,0.0,39.6,8.47,178.53,204.05,106.92,210.1,94.05,28.71,53.68,0.0,0.0,5.06,0.0,537.57,391.6
115.7919,0.0,0.0,0.0,27.5,6.27,158.95,199.98,109.01,214.72,118.03,40.7,81.29,0.0,11.88,7.7,0.0,501.71,474.32
115.8019,0.0,0.0,0.0,18.92,6.27,131.45,191.62,109.01,210.1,125.51,45.43,100.21,0.0,37.95,12.76,4.18,457.27,536.14
115.8119,0.0,0.0,0.0,17.16,6.27,96.69,175.12,102.96,210.1,133.1,47.85,115.94,0.0,52.25,15.4,6.27,398.2,580.91
115.8219,0.0,0.0,0.0,15.51,6.27,60.83,146.74,94.82,196.24,133.1,47.85,122.21,0.0,67.54,20.46,10.56,324.17,597.96
115.8319,0.0,0.0,0.0,11.99,6.27,39.05,101.75,86.79,191.51,138.05,50.27,131.67,5.5,81.07,33.33,14.74,245.85,646.14
115.8419,0.0,0.0,0.0,10.34,6.27,29.26,58.3,74.69,196.24,145.64,52.69,144.32,8.25,91.96,43.67,21.12,178.86,703.89
115.8519,0.0,0.0,0.0,6.82,4.18,21.45,39.71,54.67,205.48,155.65,57.75,156.97,11.0,102.74,53.9,23.21,126.83,766.7
115.8619,0.0,0.0,0.0,5.17,0.0,17.49,32.01,40.59,214.72,163.13,63.25,166.43,13.75,113.63,68.42,27.5,95.26,830.83
115.8719,0.0,0.0,0.0,3.41,0.0,13.64,25.96,28.27,219.34,168.19,68.75,176.0,16.5,124.52,80.3,31.79,71.28,885.39
115.8819,0.0,0.0,0.0,0.0,0.0,9.68,21.34,21.12,221.65,173.03,71.39,188.76,16.5,135.41,89.32,33.88,52.14,929.94
115.8919,0.0,0.0,0.0,0.0,0.0,9.68,16.72,12.32,217.03,175.45,74.14,201.63,19.25,146.3,95.26,35.97,38.72,965.03
115.9019,0.0,0.0,0.0,0.0,0.0,7.81,10.67,5.28,210.1,173.03,74.14,214.39,22.0,154.55,98.23,40.26,23.76,986.7
115.9119,0.0,0.0,0.0,0.0,0.0,5.83,9.13,5.28,203.17,173.03,74.14,226.93,22.0,162.69,107.14,40.26,20.24,1009.36
115.9219,0.0,0.0,0.0,0.0,0.0,3.85,7.59,5.28,196.24,168.19,71.39,235.62,22.0,168.19,113.08,44.44,16.72,1019.15
115.9319,0.0,0.0,0.0,0.0,0.0,3.85,6.05,3.52,184.58,160.6,71.39,241.45,24.75,176.22,118.91,44.44,13.42,1022.34
115.9419,0.0,0.0,0.0,0.0,0.0,3.85,4.51,3.52,170.72,153.12,66.0,247.28,24.75,181.61,121.77,46.53,11.88,1011.78
115.9519,0.0,0.0,0.0,0.0,0.0,0.0,0.0,0.0,157.63,143.11,63.25,253.11,27.5,187.0,124.63,48.73,0.0,1004.96
115.9619,0.0,0.0,0.0,0.0,0.0,0.0,0.0,0.0,144.87,133.1,57.75,258.94,27.5,192.39,130.46,50.82,0.0,995.83
115.9719,0.0,0.0,0.0,0.0,0.0,0.0,0.0,0.0,132.22,123.09,55.11,261.8,27.5,195.03,133.32,50.82,0.0,978.89
115.9819,0.0,0.0,0.0,0.0,0.0,0.0,0.0,0.0,117.37,113.08,50.27,261.8,27.5,200.42,136.29,52.91,0.0,959.64
115.9919,0.0,0.0,0.0,0.0,0.0,0.0,0.0,0.0,105.71,101.2,47.85,264.77,30.25,203.06,139.15,55.11,0.0,947.1
116.0019,0.0,0.0,0.0,0.0,0.0,0.0,0.0,0.0,94.16,91.74,43.12,264.77,30.25,205.81,144.98,57.53,0.0,932.36
116.0119,0.0,0.0,0.0,0.0,0.0,0.0,0.0,0.0,82.72,82.28,38.28,267.63,30.25,211.2,147.84,59.95,0.0,920.15
116.0219,0.0,0.0,0.0,0.0,0.0,0.0,0.0,0.0,71.28,75.13,33.44,267.63,30.25,213.84,150.81,59.95,0.0,902.33
116.0319,0.0,0.0,0.0,0.0,0.0,0.0,0.0,0.0,61.71,65.67,31.13,267.63,30.25,219.23,153.67,62.37,0.0,891.66
116.0419,0.0,0.0,0.0,0.0,0.0,0.0,0.0,0.0,54.45,58.63,26.29,270.6,30.25,221.98,156.53,64.9,0.0,883.63
116.0519,0.0,0.0,0.0,0.0,0.0,0.0,0.0,0.0,47.41,51.59,23.87,270.6,30.25,227.48,159.5,67.32,0.0,878.02
116.0619,0.0,0.0,0.0,0.0,0.0,0.0,0.0,0.0,38.61,46.86,19.14,267.63,30.25,230.34,162.36,69.74,0.0,864.93
116.0719,0.0,0.0,0.0,0.0,0.0,0.0,0.0,0.0,31.57,39.82,16.72,267.63,30.25,233.09,165.33,72.16,0.0,856.57
116.0819,0.0,0.0,0.0,0.0,0.0,0.0,0.0,0.0,24.53,35.09,14.3,264.77,30.25,235.95,171.27,74.69,0.0,850.85
116.0919,0.0,0.0,0.0,0.0,0.0,0.0,0.0,0.0,19.25,28.05,11.88,258.94,30.25,238.7,177.21,77.11,0.0,841.39
116.1019,0.0,0.0,0.0,0.0,0.0,0.0,0.0,0.0,15.73,21.01,11.88,255.97,30.25,241.45,183.15,79.53,0.0,838.97
116.1119,0.0,0.0,0.0,0.0,0.0,0.0,0.0,0.0,13.97,18.7,9.57,250.14,30.25,244.31,192.06,81.95,0.0,840.95
116.1219,0.0,0.0,0.0,0.0,0.0,0.0,0.0,0.0,10.45,13.97,7.15,244.42,30.25,247.06,198.11,84.48,0.0,835.89
116.1319,0.0,0.0,0.0,0.0,0.0,0.0,0.0,0.0,10.45,11.66,7.15,238.59,30.25,252.67,207.02,89.32,0.0,847.11
116.1419,0.0,0.0,0.0,0.0,0.0,0.0,0.0,0.0,8.69,9.35,7.15,229.79,30.25,255.42,215.93,91.74,0.0,848.32
116.1519,0.0,0.0,0.0,0.0,0.0,0.0,0.0,0.0,6.93,9.35,4.73,220.77,30.25,255.42,224.73,96.69,0.0,848.87
116.1619,0.0,0.0,0.0,0.0,0.0,0.0,0.0,0.0,6.93,6.93,4.73,211.2,30.25,261.03,233.2,101.53,0.0,855.8
116.1719,0.0,0.0,0.0,0.0,0.0,0.0,0.0,0.0,6.93,6.93,4.73,201.63,30.25,261.03,241.67,106.48,0.0,859.65
116.1819,0.0,0.0,0.0,0.0,0.0,0.0,0.0,0.0,5.17,4.62,0.0,185.57,27.5,261.03,250.14,111.32,0.0,845.35
116.1919,4.62,0.0,0.0,0.0,0.0,0.0,0.0,0.0,5.17,4.62,0.0,169.62,24.75,261.03,253.0,113.85,4.62,832.04
116.2019,11.55,3.85,0.0,0.0,0.0,0.0,0.0,0.0,3.41,4.62,0.0,153.78,22.0,258.28,255.86,118.25,15.4,816.2
116.2119,30.14,5.83,0.0,0.0,0.0,0.0,0.0,0.0,3.41,0.0,0.0,134.86,19.25,255.42,258.72,120.45,35.97,792.11
116.2219,95.48,29.15,0.0,0.0,0.0,0.0,0.0,0.0,3.41,0.0,0.0,115.94,16.5,249.92,255.86,122.76,124.63,764.39
116.2319,236.28,87.34,36.3,18.92,0.0,5.83,0.0,3.52,0.0,0.0,0.0,93.94,11.0,241.45,253.0,124.96,388.19,724.35
116.2419,236.28,113.85,53.24,39.6,0.0,13.64,2.97,5.28,0.0,0.0,0.0,68.75,8.25,227.48,247.39,129.47,464.86,681.34
116.2519,231.11,130.57,67.54,51.7,4.18,35.09,9.13,12.32,0.0,0.0,0.0,42.35,5.5,200.42,241.67,131.67,541.64,621.61
116.2619,231.11,145.2,74.58,58.63,6.27,52.69,18.26,17.6,0.0,0.0,0.0,25.41,5.5,162.69,236.06,133.87,604.34,563.53
116.2719,225.94,151.47,77.0,69.63,10.56,65.34,30.47,22.88,0.0,0.0,0.0,19.8,8.25,105.49,221.98,133.87,653.29,489.39
116.2819,220.88,157.74,79.31,78.43,12.65,76.56,41.25,26.4,0.0,0.0,0.0,16.94,8.25,62.04,183.15,127.16,693.22,397.54
116.2919,223.41,166.1,84.04,85.03,16.94,89.98,51.92,30.03,0.0,0.0,0.0,14.08,8.25,37.95,130.46,116.05,747.45,306.79
116.3019,228.58,172.81,91.08,89.54,19.03,98.89,61.93,35.31,0.0,0.0,0.0,11.22,8.25,28.49,80.3,99.11,797.17,227.37
116.3119,238.92,181.94,102.96,91.74,23.21,107.91,72.82,38.83,0.0,0.0,0.0,8.47,8.25,23.65,56.54,79.53,858.33,176.44
116.3219,251.9,188.76,114.84,93.94,27.5,114.51,83.71,44.11,0.0,0.0,0.0,5.61,5.5,18.92,43.67,50.82,919.27,124.52
116.3319,257.07,188.76,119.79,96.14,29.59,118.69,90.86,47.63,0.0,0.0,0.0,5.61,0.0,14.19,41.03,29.59,948.53,90.42
116.3419,254.43,188.76,124.74,100.54,31.68,125.07,98.12,51.15,0.0,0.0,0.0,0.0,0.0,9.46,23.1,10.56,974.49,43.12
116.3519,246.73,181.94,122.32,104.94,33.88,129.25,103.62,54.67,0.0,0.0,0.0,0.0,0.0,7.04,17.93,6.27,977.35,31.24
116.3619,238.92,177.43,117.37,109.34,35.97,135.63,109.01,56.54,0.0,0.0,0.0,0.0,0.0,7.04,17.93,4.18,980.21,29.15
116.3719,225.94,166.1,112.42,113.85,35.97,139.92,114.51,58.52,0.0,0.0,0.0,0.0,0.0,4.73,15.4,4.18,967.23,24.31
116.3819,211.2,157.74,107.69,118.25,38.06,144.1,120.45,62.59,0.0,0.0,0.0,0.0,0.0,4.73,12.76,4.18,960.08,21.67
116.3919,199.1,145.2,100.54,120.56,40.15,148.39,126.5,64.57,0.0,0.0,0.0,0.0,0.0,4.73,12.76,0.0,945.01,17.49
116.4019,186.89,134.75,95.81,122.76,42.35,152.57,132.55,66.55,0.0,0.0,0.0,0.0,0.0,4.73,10.23,0.0,934.23,14.96
116.4119,174.79,124.3,91.08,124.96,44.44,154.66,138.6,66.55,0.0,0.0,0.0,0.0,0.0,4.73,10.23,0.0,919.38,14.96
116.4219,162.58,113.85,81.73,127.27,44.44,158.95,142.67,68.64,0.0,0.0,0.0,0.0,0.0,0.0,10.23,0.0,900.13,10.23
116.4318,147.84,102.74,74.58,127.27,44.44,158.95,146.74,68.64,0.0,0.0,0.0,0.0,0.0,0.0,10.23,0.0,871.2,10.23
116.4418,133.1,91.74,67.54,127.27,46.53,161.04,148.72,70.62,0.0,0.0,0.0,0.0,0.0,0.0,10.23,0.0,846.56,10.23
116.4518,118.36,80.74,60.39,127.27,46.53,163.13,152.79,70.62,0.0,0.0,0.0,0.0,0.0,0.0,7.7,0.0,819.83,7.7
116.4618,104.28,69.74,53.24,127.27,46.53,163.13,154.77,72.6,0.0,0.0,0.0,0.0,0.0,0.0,7.7,0.0,791.56,7.7
116.4718,93.28,60.94,45.98,127.27,46.53,165.33,156.75,70.62,0.0,0.0,0.0,0.0,0.0,0.0,7.7,0.0,766.7,7.7
116.4818,82.17,54.56,38.72,127.27,46.53,167.53,158.84,70.62,0.0,0.0,0.0,0.0,0.0,0.0,5.06,0.0,746.24,5.06
116.4918,71.17,48.73,33.88,127.27,46.53,167.53,160.82,72.6,0.0,0.0,0.0,0.0,0.0,0.0,5.06,0.0,728.53,5.06
116.5018,64.57,42.79,31.46,127.27,46.53,169.73,162.8,72.6,0.0,0.0,0.0,0.0,0.0,0.0,5.06,0.0,717.75,5.06
116.5118,55.77,36.96,24.2,127.27,46.53,171.93,164.89,70.62,0.0,0.0,0.0,0.0,0.0,0.0,5.06,0.0,698.17,5.06
116.5218,44.11,33.11,21.78,127.27,46.53,174.13,168.96,72.6,0.0,0.0,0.0,0.0,0.0,0.0,5.06,0.0,688.49,5.06
116.5318,34.76,27.28,16.94,127.27,46.53,174.13,173.03,70.62,0.0,0.0,0.0,0.0,0.0,0.0,0.0,0.0,670.56,0.0
116.5418,27.83,21.34,14.52,124.96,46.53,176.33,177.21,72.6,0.0,0.0,0.0,0.0,0.0,0.0,0.0,0.0,661.32,0.0
116.5518,23.21,19.47,12.1,124.96,46.53,178.53,183.37,72.6,0.0,0.0,0.0,0.0,0.0,0.0,0.0,0.0,660.77,0.0
116.5618,18.59,17.49,9.68,122.76,46.53,180.73,189.64,72.6,0.0,0.0,0.0,0.0,0.0,0.0,0.0,0.0,658.02,0.0
116.5718,16.17,13.64,9.68,120.56,48.62,180.73,197.89,72.6,0.0,0.0,0.0,0.0,0.0,0.0,0.0,0.0,659.89,0.0
116.5818,13.86,11.66,9.68,120.56,48.62,182.93,204.05,74.69,0.0,0.0,0.0,0.0,0.0,0.0,0.0,0.0,666.05,0.0
116.5918,11.55,9.68,7.26,118.25,46.53,185.13,210.32,74.69,0.0,0.0,0.0,0.0,0.0,0.0,0.0,0.0,663.41,0.0
116.6018,11.55,7.7,7.26,116.05,48.62,187.33,218.57,76.67,0.0,0.0,0.0,0.0,0.0,0.0,0.0,0.0,673.75,0.0
116.6118,9.24,7.7,7.26,113.85,48.62,189.53,227.04,76.67,0.0,0.0,0.0,0.0,0.0,0.0,0.0,0.0,679.91,0.0
116.6218,6.93,5.83,4.84,109.34,48.62,191.73,233.64,78.65,0.0,0.0,0.0,0.0,0.0,0.0,0.0,0.0,679.58,0.0
116.6318,6.93,5.83,4.84,104.94,46.53,191.73,242.44,78.65,0.0,0.0,0.0,0.0,0.0,0.0,0.0,0.0,681.89,0.0
116.6418,4.62,5.83,4.84,100.54,46.53,191.73,249.04,80.74,0.0,0.0,0.0,0.0,0.0,0.0,5.06,0.0,683.87,5.06
116.6518,4.62,3.85,0.0,93.94,44.44,191.73,255.75,80.74,3.41,0.0,0.0,0.0,0.0,0.0,5.06,0.0,675.07,8.47
116.6618,4.62,3.85,0.0,85.03,44.44,191.73,264.55,84.81,3.41,0.0,0.0,0.0,0.0,0.0,5.06,0.0,679.03,8.47
116.6718,0.0,3.85,0.0,76.23,42.35,189.53,268.95,86.79,3.41,0.0,0.0,0.0,0.0,0.0,5.06,0.0,667.7,8.47
116.6818,0.0,3.85,0.0,67.43,38.06,187.33,273.35,90.86,6.93,0.0,0.0,0.0,0.0,0.0,5.06,0.0,660.88,11.99
116.6918,0.0,0.0,0.0,56.87,33.88,185.13,273.35,94.82,29.81,6.93,0.0,0.0,0.0,0.0,5.06,0.0,644.05,41.8
116.7018,0.0,0.0,0.0,48.18,29.59,180.73,273.35,98.89,157.63,32.78,7.15,0.0,0.0,0.0,7.7,0.0,630.74,205.26
116.7118,0.0,0.0,0.0,39.6,23.21,171.93,271.15,100.87,186.89,51.59,19.14,11.22,0.0,0.0,15.4,0.0,606.76,284.24
116.7218,0.0,0.0,0.0,29.26,16.94,158.95,266.75,102.96,175.34,79.86,33.44,53.68,0.0,9.46,20.46,0.0,574.86,372.24
116.7318,0.0,0.0,0.0,22.33,12.65,142.01,260.15,106.92,193.82,105.93,47.85,87.56,8.25,52.25,33.33,8.47,544.06,537.46
116.7418,0.0,0.0,0.0,15.51,8.47,118.69,251.35,106.92,207.79,120.56,55.11,97.02,8.25,64.79,41.03,12.65,500.94,607.2
116.7518,0.0,0.0,0.0,11.99,6.27,92.18,238.04,104.94,198.55,120.56,55.11,106.48,11.0,70.18,46.2,14.74,453.42,622.82
116.7618,0.0,0.0,0.0,10.34,6.27,58.63,216.48,100.87,182.27,120.56,50.27,115.94,8.25,78.32,46.2,16.94,392.59,618.75
116.7718,0.0,0.0,0.0,8.58,6.27,37.07,179.3,90.86,173.03,123.09,50.27,125.4,8.25,89.21,51.37,19.03,322.08,639.65
116.7818,0.0,0.0,0.0,6.82,6.27,25.3,128.59,74.69,173.03,130.57,52.69,134.86,8.25,100.1,56.54,23.21,241.67,679.25
116.7918,0.0,0.0,0.0,6.82,6.27,21.45,78.21,56.54,179.96,135.52,57.75,144.32,11.0,108.24,65.45,25.41,169.29,727.65
116.8018,0.0,0.0,0.0,5.17,4.18,17.49,45.76,44.11,191.51,143.11,66.0,150.59,11.0,119.13,74.36,27.5,116.71,783.2
116.8118,0.0,0.0,0.0,3.41,0.0,13.64,33.55,31.79,200.86,150.59,74.14,156.97,16.5,127.27,83.27,31.79,82.39,841.39
116.8218,0.0,0.0,0.0,3.41,0.0,11.66,25.96,19.36,210.1,158.07,76.89,166.43,16.5,135.41,92.29,33.88,60.39,889.57
116.8318,0.0,0.0,0.0,0.0,0.0,7.81,19.8,12.32,207.79,160.6,79.64,179.19,16.5,143.66,95.26,35.97,39.93,918.61
116.8418,0.0,0.0,0.0,0.0,0.0,7.81,13.75,7.04,200.86,160.6,76.89,191.95,19.25,151.8,98.23,38.06,28.6,937.64
116.8518,0.0,0.0,0.0,0.0,0.0,5.83,10.67,3.52,191.51,160.6,76.89,208.01,19.25,162.69,101.2,40.26,20.02,960.41
116.8618,0.0,0.0,0.0,0.0,0.0,5.83,10.67,5.28,184.58,158.07,76.89,224.07,19.25,173.47,107.14,42.35,21.78,985.82
116.8718,0.0,0.0,0.0,0.0,0.0,3.85,9.13,3.52,175.34,155.65,74.14,235.62,22.0,181.61,110.22,44.44,16.5,999.02
116.8818,0.0,0.0,0.0,0.0,0.0,3.85,7.59,3.52,163.9,148.06,71.39,247.28,22.0,189.64,115.94,48.73,14.96,1006.94
116.8918,0.0,0.0,0.0,0.0,0.0,3.85,6.05,3.52,151.25,140.58,66.0,253.11,22.0,197.67,118.91,50.82,13.42,1000.34
116.9018,0.0,0.0,0.0,0.0,0.0,0.0,6.05,3.52,138.49,130.57,63.25,261.8,24.75,200.42,121.77,52.91,9.57,993.96
116.9118,0.0,0.0,0.0,0.0,0.0,0.0,4.51,0.0,127.93,123.09,60.5,267.63,24.75,205.81,124.63,55.11,4.51,989.45
116.9218,0.0,0.0,0.0,0.0,0.0,0.0,4.51,0.0,113.3,113.08,52.69,273.46,24.75,211.2,127.6,57.53,4.51,973.61
116.9318,0.0,0.0,0.0,0.0,0.0,0.0,2.97,0.0,101.86,103.51,47.85,276.43,24.75,213.84,127.6,57.53,2.97,953.37
116.9418,0.0,0.0,0.0,0.0,0.0,0.0,2.97,0.0,90.42,91.74,45.43,282.7,24.75,216.59,130.46,59.95,2.97,942.04
116.9518,0.0,0.0,0.0,0.0,0.0,0.0,0.0,0.0,77.0,82.28,40.7,282.7,24.75,221.98,130.46,62.37,0.0,922.24
116.9618,0.0,0.0,0.0,0.0,0.0,0.0,0.0,0.0,67.43,75.13,35.86,285.89,24.75,224.73,130.46,64.9,0.0,909.15
116.9718,0.0,0.0,0.0,0.0,0.0,0.0,0.0,0.0,59.84,68.09,31.13,288.97,24.75,224.73,130.46,64.9,0.0,892.87
116.9818,0.0,0.0,0.0,0.0,0.0,0.0,0.0,0.0,52.69,60.94,28.71,292.16,24.75,230.34,133.32,64.9,0.0,887.81
116.9918,0.0,0.0,0.0,0.0,0.0,0.0,0.0,0.0,45.65,56.21,23.87,292.16,24.75,230.34,133.32,67.32,0.0,873.62
117.0018,0.0,0.0,0.0,0.0,0.0,0.0,0.0,0.0,40.37,51.59,21.56,292.16,24.75,233.09,133.32,67.32,0.0,864.16
117.0118,0.0,0.0,0.0,0.0,0.0,0.0,0.0,0.0,35.09,46.86,19.14,292.16,24.75,235.95,133.32,69.74,0.0,857.01
117.0218,0.0,0.0,0.0,0.0,0.0,0.0,0.0,0.0,29.81,42.13,16.72,288.97,22.0,238.7,136.29,69.74,0.0,844.36
117.0318,0.0,0.0,0.0,0.0,0.0,0.0,0.0,0.0,26.29,39.82,14.3,288.97,22.0,241.45,139.15,72.16,0.0,844.14
117.0418,0.0,0.0,0.0,0.0,0.0,0.0,0.0,0.0,22.77,35.09,14.3,285.89,22.0,244.31,144.98,74.69,0.0,844.03
117.0518,0.0,0.0,0.0,0.0,0.0,0.0,0.0,0.0,19.25,30.47,11.88,282.7,24.75,247.06,147.84,77.11,0.0,841.06
117.0618,0.0,0.0,0.0,0.0,0.0,0.0,0.0,0.0,17.49,28.05,11.88,279.51,24.75,247.06,153.67,79.53,0.0,841.94
117.0718,0.0,0.0,0.0,0.0,0.0,0.0,0.0,0.0,15.73,23.43,9.57,279.51,24.75,249.92,159.5,79.53,0.0,841.94
117.0818,0.0,0.0,0.0,0.0,0.0,0.0,0.0,0.0,13.97,21.01,9.57,276.43,24.75,255.42,168.3,84.48,0.0,853.93
117.0918,0.0,0.0,0.0,0.0,0.0,0.0,0.0,0.0,12.21,18.7,9.57,276.43,24.75,258.28,174.24,86.9,0.0,861.08
117.1018,0.0,0.0,0.0,0.0,0.0,0.0,0.0,0.0,12.21,16.39,9.57,270.6,24.75,261.03,183.15,89.32,0.0,867.02
117.1118,0.0,0.0,0.0,0.0,0.0,0.0,0.0,0.0,10.45,13.97,7.15,267.63,24.75,263.89,189.09,91.74,0.0,868.67
117.1218,0.0,0.0,0.0,0.0,0.0,0.0,0.0,0.0,8.69,11.66,7.15,261.8,27.5,266.64,198.11,94.27,0.0,875.82
117.1318,0.0,0.0,0.0,0.0,0.0,0.0,0.0,0.0,8.69,9.35,7.15,255.97,27.5,269.39,204.05,96.69,0.0,878.79
117.1418,0.0,0.0,0.0,0.0,0.0,0.0,0.0,0.0,6.93,9.35,4.73,247.28,24.75,269.39,212.96,99.11,0.0,874.5
117.1518,0.0,0.0,0.0,0.0,0.0,0.0,0.0,0.0,6.93,6.93,4.73,235.62,24.75,272.25,221.98,104.06,0.0,877.25
117.1618,6.93,0.0,0.0,0.0,0.0,0.0,0.0,0.0,5.17,6.93,4.73,220.77,24.75,275.0,227.59,106.48,6.93,871.42
117.1718,13.86,3.85,0.0,0.0,0.0,0.0,0.0,0.0,5.17,4.62,0.0,204.82,22.0,275.0,233.2,111.32,17.71,856.13
117.1818,27.83,5.83,0.0,0.0,0.0,0.0,0.0,0.0,5.17,4.62,0.0,185.57,19.25,272.25,236.06,116.05,33.66,838.97
117.1918,68.97,19.47,0.0,0.0,0.0,0.0,0.0,0.0,3.41,4.62,0.0,166.43,16.5,269.39,238.92,118.25,88.44,817.52
117.2018,169.95,50.6,21.78,3.41,0.0,3.85,0.0,3.52,3.41,0.0,0.0,141.13,13.75,263.89,236.06,122.76,253.11,781.0
117.2118,203.94,76.34,38.72,20.68,0.0,5.83,4.51,3.52,0.0,0.0,0.0,115.94,11.0,255.42,236.06,127.16,353.54,745.58
117.2218,194.15,91.74,48.4,32.67,4.18,19.47,6.05,7.04,0.0,0.0,0.0,87.56,8.25,238.7,233.2,131.67,403.7,699.38
117.2318,199.1,107.14,62.81,36.19,4.18,33.22,19.8,14.08,0.0,0.0,0.0,56.54,5.5,211.2,227.59,136.18,476.52,637.01
117.2418,208.78,122.21,69.85,41.36,8.47,46.86,32.01,19.36,0.0,0.0,0.0,33.88,5.5,173.47,221.98,140.58,548.9,575.41
117.2518,213.62,132.66,74.58,44.77,10.56,54.67,41.25,21.12,0.0,0.0,0.0,25.41,8.25,119.13,204.05,140.58,593.23,497.42
117.2618,213.62,141.02,79.31,51.7,12.65,63.03,48.84,24.64,0.0,0.0,0.0,22.55,8.25,70.18,171.27,129.47,634.81,401.72
117.2718,220.88,151.47,86.35,55.11,14.74,74.25,56.54,28.27,0.0,0.0,0.0,16.94,8.25,45.1,127.6,116.05,687.61,313.94
117.2818,231.11,161.92,93.5,60.83,19.03,85.47,65.56,31.79,0.0,0.0,0.0,14.08,8.25,30.8,80.3,101.53,749.21,234.96
117.2918,238.92,170.61,102.96,67.43,21.12,92.18,76.45,35.31,0.0,0.0,0.0,11.22,8.25,23.65,51.37,79.53,804.98,174.02
117.3018,246.73,177.43,110.0,74.03,25.41,101.2,85.47,40.59,0.0,0.0,0.0,8.47,5.5,18.92,38.5,52.91,860.86,124.3
117.3118,249.26,181.94,114.84,82.83,27.5,110.11,94.49,44.11,0.0,0.0,0.0,5.61,0.0,14.19,30.8,29.59,905.08,80.19
117.3218,244.09,181.94,117.37,89.54,29.59,118.69,101.75,49.39,0.0,0.0,0.0,5.61,0.0,9.46,20.46,8.47,932.36,44.0
117.3318,236.28,177.43,114.84,96.14,31.68,127.16,109.01,51.15,0.0,0.0,0.0,0.0,0.0,7.04,17.93,6.27,943.69,31.24
117.3418,225.94,170.61,110.0,102.74,33.88,133.54,116.49,54.67,0.0,0.0,0.0,0.0,0.0,7.04,15.4,4.18,947.87,26.62
117.3518,216.04,161.92,107.69,109.34,33.88,139.92,122.54,58.52,0.0,0.0,0.0,0.0,0.0,4.73,10.23,4.18,949.85,19.14
117.3618,201.52,151.47,100.54,113.85,35.97,146.19,130.57,60.5,0.0,0.0,0.0,0.0,0.0,4.73,12.76,0.0,940.61,17.49
117.3718,189.31,141.02,95.81,116.05,38.06,150.48,136.62,62.59,0.0,0.0,0.0,0.0,0.0,0.0,10.23,0.0,929.94,10.23
117.3818,177.21,130.57,91.08,118.25,38.06,154.66,142.67,64.57,0.0,0.0,0.0,0.0,0.0,0.0,7.7,0.0,917.07,7.7
117.3918,167.53,122.21,84.04,120.56,40.15,156.86,148.72,66.55,0.0,0.0,0.0,0.0,0.0,0.0,7.7,0.0,906.62,7.7
117.4018,155.21,111.54,77.0,122.76,40.15,158.95,150.7,68.64,0.0,0.0,0.0,0.0,0.0,0.0,5.06,0.0,884.95,5.06
117.4118,140.47,102.74,72.27,124.96,42.35,161.04,154.77,68.64,0.0,0.0,0.0,0.0,0.0,0.0,5.06,0.0,867.24,5.06
117.4218,128.15,91.74,65.12,124.96,42.35,163.13,156.75,70.62,0.0,0.0,0.0,0.0,0.0,0.0,5.06,0.0,842.82,5.06
117.4318,115.83,80.74,58.08,127.27,42.35,165.33,158.84,70.62,0.0,0.0,0.0,0.0,0.0,0.0,0.0,0.0,819.06,0.0
117.4418,102.08,71.94,50.82,127.27,42.35,165.33,158.84,72.6,0.0,0.0,0.0,0.0,0.0,0.0,0.0,0.0,791.23,0.0
117.4518,91.08,63.14,43.56,129.47,42.35,169.73,160.82,72.6,0.0,0.0,0.0,0.0,0.0,0.0,0.0,0.0,772.75,0.0
117.4618,79.97,54.56,38.72,131.67,42.35,169.73,160.82,72.6,0.0,0.0,0.0,0.0,0.0,0.0,0.0,0.0,750.42,0.0
117.4718,71.17,50.6,33.88,131.67,42.35,171.93,160.82,72.6,0.0,0.0,0.0,0.0,0.0,0.0,0.0,0.0,735.02,0.0
117.4818,64.57,44.77,29.04,133.98,40.15,174.13,160.82,72.6,0.0,0.0,0.0,0.0,0.0,0.0,0.0,0.0,720.06,0.0
117.4918,57.97,40.92,26.62,133.98,40.15,174.13,160.82,72.6,0.0,0.0,0.0,0.0,0.0,0.0,0.0,0.0,707.19,0.0
117.5018,51.04,36.96,24.2,136.18,40.15,176.33,162.8,72.6,0.0,0.0,0.0,0.0,0.0,0.0,0.0,0.0,700.26,0.0
117.5118,44.11,33.11,19.36,138.38,40.15,178.53,162.8,72.6,0.0,0.0,0.0,0.0,0.0,0.0,0.0,0.0,689.04,0.0
117.5218,34.76,29.15,16.94,140.69,40.15,180.73,160.82,72.6,0.0,0.0,0.0,0.0,0.0,0.0,0.0,0.0,675.84,0.0
117.5318,27.83,25.3,14.52,142.89,38.06,182.93,162.8,72.6,0.0,0.0,0.0,0.0,0.0,0.0,0.0,0.0,666.93,0.0
117.5418,23.21,21.34,12.1,142.89,38.06,182.93,164.89,72.6,0.0,0.0,0.0,0.0,0.0,0.0,0.0,0.0,658.02,0.0
117.5518,18.59,19.47,12.1,142.89,38.06,185.13,168.96,72.6,0.0,0.0,0.0,0.0,0.0,0.0,0.0,0.0,657.8,0.0
117.5618,18.59,17.49,9.68,145.09,38.06,187.33,170.94,72.6,0.0,0.0,0.0,0.0,0.0,0.0,0.0,0.0,659.78,0.0
117.5718,16.17,15.51,9.68,145.09,38.06,189.53,177.21,74.69,0.0,0.0,0.0,0.0,0.0,0.0,0.0,0.0,665.94,0.0
117.5818,13.86,13.64,9.68,147.4,38.06,191.73,179.3,74.69,0.0,0.0,0.0,0.0,0.0,0.0,0.0,0.0,668.36,0.0
117.5918,11.55,11.66,7.26,147.4,40.15,194.04,185.46,74.69,0.0,0.0,0.0,0.0,0.0,0.0,0.0,0.0,672.21,0.0
117.6018,11.55,9.68,7.26,147.4,40.15,196.24,189.64,76.67,0.0,0.0,0.0,0.0,0.0,0.0,0.0,0.0,678.59,0.0
117.6118,9.24,9.68,7.26,145.09,40.15,198.44,193.71,76.67,0.0,0.0,0.0,0.0,0.0,0.0,0.0,0.0,680.24,0.0
117.6218,9.24,7.7,4.84,145.09,40.15,198.44,197.89,78.65,0.0,0.0,0.0,0.0,0.0,0.0,0.0,0.0,682.0,0.0
117.6318,6.93,7.7,4.84,140.69,38.06,200.64,204.05,78.65,0.0,0.0,0.0,0.0,0.0,0.0,0.0,0.0,681.56,0.0
117.6418,6.93,5.83,4.84,133.98,38.06,200.64,210.32,78.65,0.0,0.0,0.0,0.0,0.0,0.0,0.0,0.0,679.25,0.0
117.6518,4.62,5.83,0.0,124.96,38.06,198.44,214.39,82.72,0.0,0.0,0.0,0.0,0.0,0.0,0.0,0.0,669.02,0.0
117.6618,4.62,3.85,0.0,116.05,35.97,198.44,218.57,84.81,0.0,0.0,0.0,0.0,0.0,0.0,0.0,0.0,662.31,0.0
117.6718,0.0,3.85,0.0,104.94,31.68,196.24,222.75,88.77,12.21,0.0,0.0,0.0,0.0,0.0,0.0,0.0,648.23,12.21
117.6818,0.0,3.85,0.0,91.74,29.59,196.24,224.84,90.86,45.65,11.66,0.0,0.0,0.0,0.0,0.0,0.0,637.12,57.31
117.6918,0.0,0.0,0.0,80.63,25.41,191.73,224.84,94.82,163.9,39.82,9.57,0.0,0.0,0.0,0.0,0.0,617.43,213.29
117.7018,0.0,0.0,0.0,65.23,21.12,185.13,224.84,98.89,166.1,56.21,19.14,25.41,0.0,0.0,7.7,0.0,595.21,274.56
117.7118,0.0,0.0,0.0,51.7,16.94,176.33,222.75,100.87,153.34,79.86,31.13,71.94,0.0,23.65,15.4,0.0,568.59,375.32
117.7218,0.0,0.0,0.0,39.6,12.65,161.04,220.66,104.94,177.65,101.2,45.43,87.56,5.5,64.79,33.33,12.65,538.89,528.11
117.7318,0.0,0.0,0.0,29.26,10.56,142.01,216.48,109.01,196.24,113.08,55.11,97.02,5.5,70.18,41.03,16.94,507.32,595.1
117.7418,0.0,0.0,0.0,18.92,6.27,116.6,208.23,106.92,191.51,113.08,52.69,103.29,5.5,72.93,43.67,19.03,456.94,601.7
117.7518,0.0,0.0,0.0,15.51,6.27,85.47,193.71,104.94,179.96,115.5,52.69,112.75,5.5,81.07,46.2,19.03,405.9,612.7
117.7618,0.0,0.0,0.0,13.75,6.27,50.71,164.89,98.89,173.03,118.03,50.27,122.21,5.5,91.96,48.73,21.12,334.51,630.85
117.7718,0.0,0.0,0.0,10.34,6.27,33.22,120.45,86.79,170.72,125.51,52.69,131.67,8.25,102.74,53.9,25.41,257.07,670.89
117.7818,0.0,0.0,0.0,8.58,6.27,23.43,70.95,70.62,175.34,130.57,57.75,144.32,8.25,113.63,62.48,29.59,179.85,721.93
117.7918,0.0,0.0,0.0,6.82,0.0,19.47,41.25,54.67,182.27,135.52,63.25,153.78,11.0,124.52,74.36,31.79,122.21,776.49
117.8018,0.0,0.0,0.0,5.17,0.0,15.62,30.47,40.59,191.51,143.11,71.39,163.24,13.75,138.16,83.27,35.97,91.85,840.4
117.8118,0.0,0.0,0.0,3.41,0.0,13.64,25.96,28.27,196.24,150.59,74.14,172.81,13.75,149.05,92.29,40.26,71.28,889.13
117.8218,0.0,0.0,0.0,3.41,0.0,9.68,19.8,19.36,196.24,153.12,76.89,185.57,13.75,157.19,92.29,42.35,52.25,917.4
117.8318,0.0,0.0,0.0,0.0,0.0,7.81,15.18,12.32,191.51,153.12,74.14,198.44,16.5,168.19,101.2,46.53,35.31,949.63
117.8418,0.0,0.0,0.0,0.0,0.0,5.83,10.67,5.28,184.58,153.12,74.14,214.39,16.5,176.22,104.17,50.82,21.78,973.94
117.8518,0.0,0.0,0.0,0.0,0.0,5.83,9.13,3.52,177.65,153.12,71.39,226.93,16.5,184.25,107.14,52.91,18.48,989.89
117.8617,0.0,0.0,0.0,0.0,0.0,3.85,7.59,5.28,170.72,148.06,68.75,235.62,19.25,192.39,110.22,57.53,16.72,1002.54
117.8717,0.0,0.0,0.0,0.0,0.0,3.85,7.59,3.52,161.81,143.11,68.75,244.42,19.25,195.03,113.08,59.95,14.96,1005.4
117.8817,0.0,0.0,0.0,0.0,0.0,3.85,6.05,3.52,151.25,138.05,66.0,250.14,19.25,200.42,115.94,62.37,13.42,1003.42
117.8917,0.0,0.0,0.0,0.0,0.0,0.0,4.51,3.52,140.69,130.57,60.5,255.97,19.25,205.81,118.91,64.9,8.03,996.6
117.9017,0.0,0.0,0.0,0.0,0.0,0.0,4.51,3.52,127.93,120.56,55.11,264.77,19.25,211.2,121.77,64.9,8.03,985.49
117.9117,0.0,0.0,0.0,0.0,0.0,0.0,2.97,0.0,115.28,110.66,50.27,267.63,19.25,213.84,121.77,67.32,2.97,966.02
117.9217,0.0,0.0,0.0,0.0,0.0,0.0,2.97,0.0,101.86,101.2,45.43,273.46,22.0,216.59,124.63,69.74,2.97,954.91
117.9317,0.0,0.0,0.0,0.0,0.0,0.0,0.0,0.0,90.42,91.74,43.12,279.51,22.0,219.23,124.63,69.74,0.0,940.39
117.9417,0.0,0.0,0.0,0.0,0.0,0.0,0.0,0.0,78.98,84.59,38.28,282.7,22.0,221.98,124.63,72.16,0.0,925.32
117.9517,0.0,0.0,0.0,0.0,0.0,0.0,0.0,0.0,69.41,77.55,33.44,288.97,19.25,224.73,124.63,74.69,0.0,912.67
117.9617,0.0,0.0,0.0,0.0,0.0,0.0,0.0,0.0,61.71,68.09,28.71,292.16,19.25,227.48,124.63,74.69,0.0,896.72
117.9717,0.0,0.0,0.0,0.0,0.0,0.0,0.0,0.0,54.45,63.36,26.29,295.35,22.0,230.34,124.63,77.11,0.0,893.53
117.9817,0.0,0.0,0.0,0.0,0.0,0.0,0.0,0.0,49.17,58.63,23.87,298.43,19.25,233.09,127.6,77.11,0.0,887.15
117.9917,0.0,0.0,0.0,0.0,0.0,0.0,0.0,0.0,43.89,53.9,21.56,301.62,19.25,235.95,127.6,79.53,0.0,883.3
118.0017,0.0,0.0,0.0,0.0,0.0,0.0,0.0,0.0,36.85,49.17,16.72,301.62,19.25,235.95,127.6,81.95,0.0,869.11
118.0117,0.0,0.0,0.0,0.0,0.0,0.0,0.0,0.0,31.57,44.55,16.72,304.81,19.25,238.7,130.46,81.95,0.0,868.01
118.0217,0.0,0.0,0.0,0.0,0.0,0.0,0.0,0.0,28.05,42.13,14.3,304.81,19.25,241.45,133.32,84.48,0.0,867.79
118.0317,0.0,0.0,0.0,0.0,0.0,0.0,0.0,0.0,24.53,39.82,11.88,304.81,22.0,241.45,136.29,86.9,0.0,867.68
118.0417,0.0,0.0,0.0,0.0,0.0,0.0,0.0,0.0,21.01,35.09,11.88,304.81,22.0,244.31,139.15,89.32,0.0,867.57
118.0517,0.0,0.0,0.0,0.0,0.0,0.0,0.0,0.0,19.25,32.78,11.88,304.81,22.0,247.06,144.98,91.74,0.0,874.5
118.0617,0.0,0.0,0.0,0.0,0.0,0.0,0.0,0.0,19.25,30.47,11.88,304.81,22.0,249.92,147.84,91.74,0.0,877.91
118.0717,0.0,0.0,0.0,0.0,0.0,0.0,0.0,0.0,17.49,28.05,9.57,304.81,22.0,252.67,153.67,96.69,0.0,884.95
118.0817,0.0,0.0,0.0,0.0,0.0,0.0,0.0,0.0,15.73,25.74,9.57,304.81,22.0,255.42,159.5,96.69,0.0,889.46
118.0917,0.0,0.0,0.0,0.0,0.0,0.0,0.0,0.0,13.97,23.43,9.57,304.81,22.0,258.28,165.33,99.11,0.0,896.5
118.1017,0.0,0.0,0.0,0.0,0.0,0.0,0.0,0.0,13.97,21.01,9.57,304.81,24.75,261.03,171.27,101.53,0.0,907.94
118.1117,0.0,0.0,0.0,0.0,0.0,0.0,0.0,0.0,12.21,18.7,9.57,301.62,24.75,263.89,177.21,104.06,0.0,912.01
118.1217,0.0,0.0,0.0,0.0,0.0,0.0,0.0,0.0,12.21,16.39,7.15,298.43,24.75,266.64,183.15,106.48,0.0,915.2
118.1317,0.0,0.0,0.0,0.0,0.0,0.0,0.0,0.0,10.45,13.97,7.15,295.35,24.75,269.39,189.09,108.9,0.0,919.05
118.1417,0.0,0.0,0.0,0.0,0.0,0.0,0.0,0.0,10.45,13.97,7.15,288.97,24.75,272.25,195.14,111.32,0.0,924.0
118.1517,0.0,0.0,0.0,0.0,0.0,0.0,0.0,0.0,8.69,11.66,7.15,282.7,24.75,272.25,198.11,113.85,0.0,919.16
118.1617,0.0,0.0,0.0,0.0,0.0,0.0,0.0,0.0,6.93,9.35,7.15,273.46,24.75,275.0,204.05,116.05,0.0,916.74
118.1717,0.0,0.0,0.0,0.0,0.0,0.0,0.0,0.0,6.93,9.35,4.73,261.8,22.0,275.0,207.02,118.25,0.0,905.08
118.1817,4.62,0.0,0.0,0.0,0.0,0.0,0.0,0.0,5.17,6.93,4.73,250.14,22.0,277.86,209.99,120.45,4.62,897.27
118.1917,11.55,3.85,0.0,0.0,0.0,0.0,0.0,0.0,5.17,6.93,4.73,235.62,19.25,277.86,212.96,124.96,15.4,887.48
118.2017,25.52,5.83,0.0,0.0,0.0,0.0,0.0,0.0,5.17,4.62,0.0,220.77,19.25,277.86,212.96,129.47,31.35,870.1
118.2117,66.77,17.49,0.0,0.0,0.0,0.0,0.0,0.0,3.41,4.62,0.0,201.63,16.5,277.86,212.96,131.67,84.26,848.65
118.2217,160.05,40.92,12.1,3.41,0.0,0.0,0.0,0.0,3.41,4.62,0.0,182.38,13.75,277.86,212.96,136.18,216.48,831.16
118.2317,189.31,56.54,24.2,13.75,0.0,0.0,0.0,0.0,0.0,0.0,0.0,160.05,11.0,272.25,212.96,138.38,283.8,794.64
118.2417,177.21,67.54,33.88,18.92,0.0,5.83,0.0,0.0,0.0,0.0,0.0,131.67,8.25,263.89,209.99,140.58,303.38,754.38
118.2517,179.63,82.94,41.14,22.33,0.0,9.68,0.0,3.52,0.0,0.0,0.0,100.21,5.5,247.06,207.02,140.58,339.24,700.37
118.2617,186.89,98.34,48.4,31.02,0.0,19.47,0.0,7.04,0.0,0.0,0.0,71.94,0.0,227.48,201.08,142.89,391.16,643.39
118.2717,191.73,113.85,53.24,36.19,0.0,31.24,4.51,10.56,0.0,0.0,0.0,45.21,5.5,200.42,192.06,142.89,441.32,586.08
118.2817,196.68,122.21,58.08,41.36,0.0,42.9,10.67,14.08,0.0,0.0,0.0,31.02,8.25,162.69,180.18,140.58,485.98,522.72
118.2917,206.36,134.75,65.12,44.77,0.0,50.71,18.26,17.6,0.0,0.0,0.0,25.41,8.25,108.24,156.53,131.67,537.57,430.1
118.3017,223.41,147.29,74.58,46.53,4.18,58.63,32.01,21.12,0.0,0.0,0.0,19.8,8.25,70.18,127.6,118.25,607.75,344.08
118.3117,244.09,161.92,88.77,49.94,8.47,67.54,41.25,24.64,0.0,0.0,0.0,16.94,8.25,45.1,92.29,104.06,686.62,266.64
118.3217,264.88,175.12,100.54,53.35,12.65,74.25,50.38,28.27,0.0,0.0,0.0,14.08,8.25,28.49,59.51,89.32,759.44,199.65
118.3317,277.86,186.45,110.0,56.87,14.74,80.96,58.3,31.79,0.0,0.0,0.0,11.22,5.5,21.34,41.03,62.37,816.97,141.46
118.3417,282.92,193.27,114.84,60.83,16.94,89.98,65.56,35.31,0.0,0.0,0.0,8.47,0.0,14.19,30.8,40.26,859.65,93.72
118.3517,285.45,197.78,117.37,65.23,19.03,94.49,70.95,38.83,0.0,0.0,0.0,5.61,0.0,11.88,25.63,19.03,889.13,62.15
118.3617,282.92,200.09,119.79,71.83,19.03,101.2,76.45,42.35,0.0,0.0,0.0,5.61,0.0,9.46,20.46,10.56,913.66,46.09
118.3717,277.86,197.78,119.79,74.03,21.12,103.4,81.84,44.11,0.0,0.0,0.0,5.61,0.0,7.04,17.93,8.47,919.93,39.05
118.3817,272.58,195.58,119.79,76.23,21.12,107.91,85.47,45.87,0.0,0.0,0.0,0.0,0.0,7.04,15.4,6.27,924.55,28.71
118.3917,267.41,190.96,119.79,78.43,23.21,112.42,89.1,47.63,0.0,0.0,0.0,0.0,0.0,4.73,12.76,6.27,928.95,23.76
118.4017,259.6,184.25,117.37,76.23,23.21,112.42,94.49,49.39,0.0,0.0,0.0,0.0,0.0,4.73,12.76,4.18,916.96,21.67
118.4117,254.43,177.43,117.37,76.23,25.41,114.51,98.12,51.15,0.0,0.0,0.0,0.0,0.0,0.0,10.23,4.18,914.65,14.41
118.4217,249.26,170.61,114.84,76.23,25.41,114.51,99.99,51.15,0.0,0.0,0.0,0.0,0.0,0.0,10.23,4.18,902.0,14.41
118.4317,241.45,164.01,112.42,76.23,27.5,114.51,101.75,51.15,0.0,0.0,0.0,0.0,0.0,0.0,7.7,4.18,889.02,11.88
118.4417,233.75,159.83,107.69,74.03,27.5,114.51,103.62,51.15,0.0,0.0,0.0,0.0,0.0,0.0,7.7,0.0,872.08,7.7
118.4517,225.94,153.56,105.27,74.03,27.5,114.51,105.38,51.15,0.0,0.0,0.0,0.0,0.0,0.0,7.7,0.0,857.34,7.7
118.4617,220.88,147.29,102.96,76.23,27.5,114.51,105.38,51.15,0.0,0.0,0.0,0.0,0.0,0.0,5.06,0.0,845.9,5.06
118.4717,216.04,143.11,100.54,76.23,29.59,114.51,107.25,51.15,0.0,0.0,0.0,0.0,0.0,0.0,5.06,0.0,838.42,5.06
118.4817,211.2,138.93,98.23,76.23,29.59,114.51,107.25,52.91,0.0,0.0,0.0,0.0,0.0,0.0,5.06,0.0,828.85,5.06
118.4917,208.78,136.84,95.81,76.23,29.59,114.51,109.01,51.15,0.0,0.0,0.0,0.0,0.0,0.0,0.0,0.0,821.92,0.0
118.5017,206.36,132.66,95.81,76.23,29.59,114.51,109.01,51.15,0.0,0.0,0.0,0.0,0.0,0.0,0.0,0.0,815.32,0.0
118.5117,203.94,130.57,95.81,78.43,29.59,116.6,109.01,51.15,0.0,0.0,0.0,0.0,0.0,0.0,0.0,0.0,815.1,0.0
118.5217,203.94,130.57,95.81,78.43,29.59,116.6,109.01,51.15,0.0,0.0,0.0,0.0,0.0,0.0,0.0,0.0,815.1,0.0
118.5317,203.94,130.57,95.81,80.63,29.59,116.6,109.01,51.15,0.0,0.0,0.0,0.0,0.0,0.0,0.0,0.0,817.3,0.0
118.5417,203.94,128.48,95.81,80.63,31.68,118.69,110.88,52.91,0.0,0.0,0.0,0.0,0.0,0.0,0.0,0.0,823.02,0.0
118.5517,203.94,128.48,95.81,82.83,31.68,118.69,112.64,52.91,0.0,0.0,0.0,0.0,0.0,0.0,0.0,0.0,826.98,0.0
118.5617,203.94,128.48,98.23,85.03,31.68,122.98,114.51,52.91,0.0,0.0,0.0,0.0,0.0,0.0,0.0,0.0,837.76,0.0
118.5717,203.94,128.48,98.23,87.34,33.88,125.07,116.49,54.67,0.0,0.0,0.0,0.0,0.0,0.0,5.06,0.0,848.1,5.06
118.5817,206.36,126.39,100.54,89.54,33.88,127.16,120.45,56.54,0.0,0.0,0.0,0.0,0.0,0.0,7.7,0.0,860.86,7.7
118.5917,203.94,126.39,100.54,91.74,33.88,129.25,124.52,56.54,0.0,0.0,0.0,0.0,0.0,0.0,7.7,0.0,866.8,7.7
118.6017,203.94,122.21,102.96,93.94,35.97,133.54,130.57,58.52,0.0,0.0,0.0,0.0,0.0,0.0,5.06,0.0,881.65,5.06
118.6117,199.1,120.12,100.54,96.14,35.97,137.72,134.64,60.5,0.0,0.0,0.0,0.0,0.0,0.0,5.06,0.0,884.73,5.06
118.6217,194.15,113.85,100.54,98.34,38.06,139.92,140.69,62.59,0.0,0.0,0.0,0.0,0.0,0.0,5.06,0.0,888.14,5.06
118.6317,184.47,107.14,98.23,98.34,38.06,144.1,146.74,64.57,8.69,0.0,0.0,0.0,0.0,0.0,5.06,0.0,881.65,13.75
118.6417,172.37,98.34,93.5,98.34,40.15,146.19,152.79,66.55,13.97,0.0,0.0,0.0,0.0,0.0,7.7,0.0,868.23,21.67
118.6517,157.63,89.54,86.35,96.14,40.15,148.39,158.84,66.55,21.01,0.0,0.0,0.0,0.0,0.0,7.7,0.0,843.59,28.71
118.6617,142.89,76.34,79.31,96.14,42.35,150.48,164.89,68.64,29.81,9.35,0.0,5.61,0.0,0.0,7.7,0.0,821.04,52.47
118.6717,125.73,65.34,69.85,93.94,42.35,152.57,170.94,70.62,50.93,21.01,9.57,14.08,0.0,0.0,10.23,0.0,791.34,105.82
118.6817,108.68,54.56,60.39,91.74,42.35,152.57,177.21,72.6,103.73,42.13,28.71,31.02,0.0,0.0,12.76,0.0,760.1,218.35
118.6917,88.88,44.77,50.82,87.34,42.35,154.66,181.28,72.6,155.43,72.82,45.43,62.48,16.5,33.22,46.2,6.27,722.7,438.35
118.7017,64.57,31.13,41.14,78.43,42.35,152.57,187.55,72.6,175.34,87.01,57.75,71.94,11.0,47.52,46.2,8.47,670.34,505.23
118.7117,34.76,17.49,24.2,67.43,40.15,148.39,189.64,72.6,168.41,89.32,57.75,81.29,11.0,62.04,53.9,12.65,594.66,536.36
118.7217,20.9,11.66,14.52,55.11,35.97,142.01,191.62,70.62,168.41,96.47,57.75,93.94,11.0,64.79,51.37,14.74,542.41,558.47
118.7317,13.86,7.7,9.68,44.77,33.88,133.54,193.71,70.62,163.9,103.51,55.11,106.48,8.25,70.18,48.73,14.74,507.76,570.9
118.7417,9.24,5.83,7.26,34.43,29.59,125.07,193.71,68.64,159.72,108.24,52.69,119.02,8.25,75.68,46.2,16.94,473.77,586.74
118.7517,6.93,5.83,4.84,25.85,25.41,110.11,189.64,68.64,157.63,113.08,52.69,128.48,8.25,83.82,46.2,16.94,437.25,607.09
118.7617,4.62,3.85,0.0,18.92,21.12,96.69,183.37,66.55,157.63,118.03,52.69,134.86,8.25,89.21,46.2,19.03,395.12,625.9
118.7717,4.62,3.85,0.0,13.75,16.94,80.96,173.03,64.57,161.81,123.09,55.11,144.32,8.25,91.96,48.73,21.12,357.72,654.39
118.7817,0.0,0.0,0.0,10.34,12.65,63.03,156.75,60.5,170.72,130.57,60.5,150.59,11.0,100.1,53.9,21.12,303.27,698.5
118.7917,0.0,0.0,0.0,8.58,6.27,44.88,134.64,54.67,179.96,138.05,66.0,156.97,11.0,105.49,56.54,23.21,249.04,737.22
118.8017,0.0,0.0,0.0,8.58,4.18,29.26,109.01,47.63,184.58,143.11,68.75,163.24,11.0,110.99,62.48,25.41,198.66,769.56
118.8117,0.0,0.0,0.0,6.82,4.18,21.45,80.08,38.83,186.89,148.06,68.75,172.81,11.0,116.38,62.48,25.41,151.36,791.78
118.8217,0.0,0.0,0.0,6.82,0.0,17.49,47.3,30.03,184.58,153.12,68.75,185.57,13.75,121.88,62.48,27.5,101.64,817.63
118.8317,0.0,0.0,0.0,5.17,0.0,13.64,27.5,21.12,182.27,155.65,66.0,201.63,13.75,127.27,65.45,29.59,67.43,841.61
118.8417,0.0,0.0,0.0,5.17,0.0,11.66,18.26,14.08,179.96,160.6,66.0,214.39,13.75,132.77,65.45,29.59,49.17,862.51
118.8517,0.0,0.0,0.0,3.41,0.0,9.68,13.75,10.56,179.96,165.66,66.0,229.79,13.75,140.91,68.42,31.79,37.4,896.28
118.8617,0.0,0.0,0.0,3.41,0.0,7.81,10.67,7.04,179.96,168.19,68.75,238.59,13.75,146.3,71.39,33.88,28.93,920.81
118.8717,0.0,0.0,0.0,3.41,0.0,7.81,9.13,7.04,179.96,170.61,68.75,250.14,16.5,151.8,71.39,33.88,27.39,943.03
118.8817,0.0,0.0,0.0,3.41,0.0,7.81,7.59,5.28,177.65,170.61,66.0,255.97,13.75,154.55,71.39,33.88,24.09,943.8
118.8917,0.0,0.0,0.0,0.0,0.0,5.83,7.59,5.28,175.34,170.61,66.0,261.8,16.5,157.19,71.39,35.97,18.7,954.8
118.9017,0.0,0.0,0.0,0.0,0.0,5.83,7.59,5.28,170.72,168.19,66.0,267.63,13.75,159.94,71.39,35.97,18.7,953.59
118.9117,0.0,0.0,0.0,0.0,0.0,5.83,7.59,5.28,166.1,165.66,63.25,273.46,16.5,162.69,74.36,35.97,18.7,957.99
118.9217,0.0,0.0,0.0,0.0,0.0,5.83,6.05,5.28,159.72,163.13,63.25,276.43,16.5,165.44,74.36,38.06,17.16,956.89
118.9317,0.0,0.0,0.0,0.0,0.0,5.83,6.05,5.28,155.43,158.07,60.5,282.7,16.5,168.19,74.36,38.06,17.16,953.81
118.9417,0.0,0.0,0.0,0.0,0.0,5.83,6.05,5.28,149.16,155.65,60.5,285.89,16.5,168.19,77.33,38.06,17.16,951.28
118.9517,0.0,0.0,0.0,0.0,0.0,5.83,6.05,5.28,144.87,150.59,57.75,288.97,16.5,170.83,77.33,38.06,17.16,944.9
118.9617,0.0,0.0,0.0,0.0,0.0,5.83,6.05,5.28,140.69,148.06,55.11,292.16,16.5,170.83,74.36,38.06,17.16,935.77
118.9717,0.0,0.0,0.0,0.0,0.0,5.83,4.51,3.52,138.49,145.64,55.11,295.35,16.5,170.83,74.36,40.26,13.86,936.54
118.9817,0.0,0.0,0.0,0.0,0.0,3.85,4.51,3.52,136.4,143.11,55.11,295.35,16.5,173.47,74.36,40.26,11.88,934.56
118.9917,0.0,0.0,0.0,0.0,0.0,3.85,4.51,3.52,134.31,143.11,55.11,298.43,16.5,173.47,74.36,40.26,11.88,935.55
119.0017,0.0,0.0,0.0,0.0,0.0,3.85,4.51,3.52,134.31,143.11,55.11,298.43,16.5,173.47,74.36,40.26,11.88,935.55
119.0117,0.0,0.0,0.0,0.0,0.0,3.85,4.51,3.52,134.31,143.11,55.11,298.43,16.5,173.47,74.36,40.26,11.88,935.55
119.0217,0.0,0.0,0.0,0.0,0.0,3.85,4.51,3.52,136.4,143.11,55.11,301.62,16.5,173.47,74.36,40.26,11.88,940.83
119.0317,0.0,0.0,0.0,0.0,0.0,3.85,2.97,3.52,138.49,143.11,55.11,301.62,16.5,173.47,74.36,40.26,10.34,942.92
119.0417,0.0,0.0,0.0,0.0,0.0,3.85,2.97,0.0,138.49,145.64,55.11,301.62,16.5,173.47,71.39,40.26,6.82,942.48
119.0517,0.0,0.0,0.0,0.0,0.0,0.0,2.97,0.0,138.49,145.64,55.11,304.81,16.5,170.83,71.39,40.26,2.97,943.03
119.0617,0.0,0.0,0.0,0.0,0.0,0.0,2.97,0.0,138.49,145.64,55.11,304.81,16.5,170.83,71.39,40.26,2.97,943.03
119.0717,0.0,0.0,0.0,0.0,0.0,0.0,2.97,0.0,138.49,145.64,55.11,304.81,16.5,173.47,71.39,40.26,2.97,945.67
119.0817,0.0,0.0,0.0,0.0,0.0,0.0,2.97,0.0,140.69,145.64,57.75,308.0,16.5,173.47,74.36,40.26,2.97,956.67
119.0917,0.0,0.0,0.0,0.0,0.0,0.0,0.0,0.0,138.49,143.11,57.75,308.0,16.5,176.22,74.36,40.26,0.0,954.69
119.1017,0.0,0.0,0.0,0.0,0.0,0.0,2.97,0.0,136.4,143.11,57.75,308.0,16.5,178.86,77.33,42.35,2.97,960.3
119.1117,0.0,0.0,0.0,0.0,0.0,3.85,2.97,0.0,134.31,138.05,57.75,311.08,19.25,181.61,80.3,42.35,6.82,964.7
119.1217,0.0,0.0,0.0,0.0,0.0,3.85,4.51,0.0,127.93,133.1,55.11,314.27,19.25,187.0,83.27,44.44,8.36,964.37
119.1317,0.0,0.0,0.0,0.0,0.0,0.0,4.51,0.0,121.55,128.04,55.11,317.46,19.25,195.03,92.29,46.53,4.51,975.26
119.1417,0.0,0.0,0.0,0.0,0.0,0.0,4.51,0.0,113.3,118.03,52.69,320.54,22.0,200.42,95.26,48.73,4.51,970.97
119.1517,4.62,0.0,0.0,0.0,0.0,0.0,4.51,0.0,105.71,110.66,50.27,320.54,22.0,211.2,104.17,52.91,9.13,977.46
119.1617,11.55,3.85,0.0,0.0,0.0,3.85,6.05,0.0,96.14,101.2,47.85,320.54,24.75,219.23,110.22,59.95,25.3,979.88
119.1717,25.52,5.83,0.0,6.82,0.0,3.85,6.05,0.0,84.7,91.74,45.43,323.73,24.75,227.48,118.91,67.32,48.07,984.06
119.1817,51.04,15.51,4.84,11.99,0.0,5.83,6.05,0.0,75.13,82.28,43.12,323.73,27.5,233.09,124.63,74.69,95.26,984.17
119.1917,79.97,23.32,14.52,17.16,0.0,9.68,9.13,3.52,63.69,72.82,38.28,323.73,27.5,241.45,133.32,79.53,157.3,980.32
119.2017,106.48,36.96,26.62,20.68,8.47,17.49,24.42,8.8,52.69,63.36,33.44,323.73,27.5,247.06,139.15,84.48,249.92,971.41
119.2117,135.52,50.6,38.72,18.92,8.47,19.47,27.5,10.56,40.37,53.9,26.29,320.54,30.25,252.67,144.98,89.32,309.76,958.32
119.2217,145.31,56.54,43.56,18.92,10.56,23.43,32.01,12.32,28.05,42.13,19.14,311.08,30.25,255.42,147.84,91.74,342.65,925.65
119.2317,145.31,60.94,45.98,20.68,10.56,29.26,33.55,14.08,19.25,28.05,14.3,295.35,27.5,255.42,147.84,94.27,360.36,881.98
119.2417,147.84,65.34,48.4,22.33,10.56,33.22,36.63,15.84,12.21,16.39,9.57,270.6,24.75,252.67,150.81,96.69,380.16,833.69
119.2517,150.26,69.74,48.4,25.85,10.56,39.05,38.17,17.6,8.69,11.66,7.15,238.59,22.0,249.92,150.81,96.69,399.63,785.51
119.2617,155.21,76.34,50.82,27.5,10.56,42.9,39.71,21.12,6.93,9.35,4.73,204.82,16.5,244.31,147.84,99.11,424.16,733.59
119.2717,160.05,82.94,55.77,29.26,12.65,48.84,41.25,21.12,5.17,6.93,4.73,166.43,13.75,235.95,147.84,101.53,451.88,682.33
119.2817,172.37,89.54,58.08,32.67,12.65,50.71,42.68,22.88,3.41,4.62,0.0,131.67,8.25,227.48,147.84,104.06,481.58,627.33
119.2916,184.47,98.34,65.12,36.19,12.65,54.67,45.76,24.64,3.41,0.0,0.0,93.94,5.5,211.2,144.98,104.06,521.84,563.09
119.3016,196.68,107.14,69.85,39.6,14.74,60.83,50.38,26.4,0.0,0.0,0.0,62.48,0.0,192.39,142.12,104.06,565.62,501.05
119.3116,208.78,115.94,74.58,44.77,16.94,67.54,55.0,28.27,0.0,0.0,0.0,36.74,0.0,168.19,136.29,104.06,611.82,445.28
119.3216,218.46,122.21,79.31,49.94,19.03,74.25,61.93,31.79,0.0,0.0,0.0,22.55,0.0,132.77,124.63,101.53,656.92,381.48
119.3316,231.11,132.66,84.04,56.87,19.03,83.27,65.56,33.55,0.0,0.0,0.0,16.94,0.0,94.6,110.22,94.27,706.09,316.03
119.3416,238.92,143.11,88.77,63.03,21.12,89.98,69.19,35.31,0.0,0.0,0.0,14.08,0.0,54.56,89.32,86.9,749.43,244.86
119.3516,244.09,155.65,91.08,74.03,21.12,96.69,69.19,37.07,0.0,0.0,0.0,11.22,0.0,26.07,59.51,72.16,788.92,168.96
119.3616,246.73,168.3,95.81,82.83,21.12,101.2,69.19,38.83,0.0,0.0,0.0,8.47,0.0,9.46,30.8,55.11,824.01,103.84
119.3716,249.26,179.63,98.23,91.74,21.12,105.6,67.32,38.83,0.0,0.0,0.0,8.47,0.0,0.0,12.76,35.97,851.73,57.2
119.3816,249.26,188.76,100.54,98.34,19.03,107.91,65.56,38.83,0.0,0.0,0.0,8.47,0.0,4.73,7.7,21.12,868.23,42.02
119.3916,246.73,193.27,100.54,104.94,21.12,110.11,65.56,38.83,0.0,0.0,0.0,8.47,0.0,4.73,10.23,10.56,881.1,33.99
119.4016,249.26,197.78,102.96,109.34,21.12,114.51,65.56,40.59,0.0,0.0,0.0,5.61,0.0,4.73,10.23,6.27,901.12,26.84
119.4116,244.09,195.58,102.96,113.85,21.12,116.6,67.32,40.59,0.0,0.0,0.0,5.61,0.0,4.73,10.23,6.27,902.11,26.84
119.4216,238.92,193.27,98.23,120.56,21.12,120.78,67.32,42.35,0.0,0.0,0.0,5.61,0.0,4.73,10.23,6.27,902.55,26.84
119.4316,228.58,186.45,95.81,124.96,21.12,122.98,69.19,42.35,0.0,0.0,0.0,5.61,0.0,4.73,7.7,4.18,891.44,22.22
119.4416,220.88,179.63,93.5,131.67,21.12,127.16,70.95,44.11,0.0,0.0,0.0,0.0,0.0,0.0,7.7,4.18,889.02,11.88
119.4516,211.2,175.12,91.08,136.18,21.12,131.45,70.95,44.11,0.0,0.0,0.0,0.0,0.0,0.0,7.7,4.18,881.21,11.88
119.4616,206.36,168.3,86.35,140.69,23.21,133.54,70.95,45.87,0.0,0.0,0.0,0.0,0.0,0.0,5.06,4.18,875.27,9.24
119.4716,201.52,166.1,86.35,147.4,21.12,135.63,69.19,45.87,0.0,0.0,0.0,0.0,0.0,0.0,7.7,4.18,873.18,11.88
119.4816,199.1,166.1,84.04,151.8,21.12,135.63,65.56,44.11,0.0,0.0,0.0,0.0,0.0,0.0,5.06,4.18,867.46,9.24
119.4916,196.68,166.1,81.73,158.51,21.12,135.63,60.06,42.35,0.0,0.0,0.0,0.0,0.0,0.0,5.06,0.0,862.18,5.06
119.5016,196.68,166.1,81.73,163.02,19.03,133.54,56.54,40.59,0.0,0.0,0.0,0.0,0.0,0.0,0.0,0.0,857.23,0.0
119.5116,196.68,168.3,81.73,165.33,19.03,133.54,53.46,38.83,0.0,0.0,0.0,0.0,0.0,0.0,0.0,0.0,856.9,0.0
119.5216,199.1,170.61,81.73,165.33,16.94,131.45,50.38,37.07,0.0,0.0,0.0,0.0,0.0,0.0,0.0,0.0,852.61,0.0
119.5316,201.52,170.61,84.04,167.64,16.94,129.25,48.84,37.07,0.0,0.0,0.0,0.0,0.0,0.0,0.0,0.0,855.91,0.0
119.5416,201.52,170.61,84.04,167.64,16.94,127.16,47.3,37.07,0.0,0.0,0.0,0.0,0.0,0.0,0.0,0.0,852.28,0.0
119.5516,201.52,170.61,84.04,167.64,16.94,127.16,47.3,35.31,0.0,0.0,0.0,0.0,0.0,0.0,0.0,0.0,850.52,0.0
119.5616,203.94,170.61,84.04,167.64,16.94,127.16,47.3,35.31,0.0,0.0,0.0,0.0,0.0,0.0,0.0,0.0,852.94,0.0
119.5716,203.94,170.61,84.04,167.64,16.94,127.16,47.3,35.31,0.0,0.0,0.0,0.0,0.0,0.0,0.0,0.0,852.94,0.0
119.5816,206.36,170.61,86.35,165.33,16.94,129.25,48.84,35.31,0.0,0.0,0.0,0.0,0.0,0.0,0.0,0.0,858.99,0.0
119.5916,206.36,168.3,88.77,163.02,16.94,129.25,50.38,35.31,0.0,0.0,0.0,0.0,0.0,0.0,0.0,0.0,858.33,0.0
119.6016,208.78,166.1,88.77,160.82,19.03,127.16,51.92,35.31,3.41,0.0,0.0,5.61,0.0,0.0,0.0,0.0,857.89,9.02
119.6116,208.78,166.1,91.08,156.31,19.03,127.16,53.46,37.07,31.57,9.35,11.88,14.08,0.0,0.0,0.0,0.0,858.99,66.88
119.6216,211.2,166.1,93.5,149.6,19.03,125.07,55.0,37.07,84.7,35.09,40.7,25.41,5.5,0.0,5.06,0.0,856.57,196.46
119.6316,211.2,159.83,91.08,142.89,19.03,122.98,56.54,37.07,75.13,42.13,40.7,50.82,13.75,16.61,33.33,6.27,840.62,278.74
119.6416,208.78,153.56,91.08,133.98,19.03,118.69,56.54,35.31,65.56,37.51,35.86,45.21,13.75,16.61,33.33,6.27,816.97,254.1
119.6516,206.36,149.38,91.08,124.96,19.03,114.51,58.3,35.31,84.7,44.55,43.12,48.07,13.75,16.61,33.33,6.27,798.93,290.4
119.6616,201.52,141.02,88.77,116.05,19.03,112.42,58.3,35.31,105.71,56.21,52.69,56.54,13.75,28.49,43.67,10.56,772.42,367.62
119.6716,189.31,128.48,84.04,109.34,19.03,107.91,60.06,33.55,132.22,70.4,66.0,68.75,16.5,37.95,46.2,12.65,731.72,450.67
119.6816,172.37,111.54,77.0,100.54,21.12,107.91,61.93,35.31,144.87,79.86,71.39,78.21,16.5,47.52,48.73,14.74,687.72,501.82
119.6916,152.68,96.14,67.54,91.74,21.12,103.4,65.56,35.31,157.63,91.74,79.64,87.56,16.5,54.56,51.37,14.74,633.49,553.74
119.7016,133.1,80.74,60.39,85.03,21.12,101.2,67.32,35.31,173.03,101.2,85.03,97.02,16.5,59.4,51.37,16.94,584.21,600.49
119.7116,113.41,65.34,53.24,76.23,23.21,98.89,70.95,35.31,189.2,110.66,93.28,106.48,16.5,64.79,53.9,19.03,536.58,653.84
119.7216,93.28,50.6,43.56,65.23,23.21,94.49,74.58,35.31,200.86,120.56,98.67,112.75,16.5,70.18,56.54,21.12,480.26,697.18
119.7316,75.57,40.92,36.3,55.11,23.21,87.67,76.45,35.31,212.41,128.04,104.17,119.02,19.25,75.68,59.51,21.12,430.54,739.2
119.7416,60.17,31.13,31.46,48.18,23.21,80.96,78.21,35.31,219.34,135.52,106.92,125.4,19.25,78.32,62.48,23.21,388.63,770.44
119.7516,46.42,21.34,24.2,43.01,21.12,74.25,76.45,33.55,226.49,143.11,109.67,134.86,19.25,83.82,65.45,23.21,340.34,805.86
119.7616,30.14,13.64,16.94,37.84,21.12,67.54,74.58,33.55,233.86,148.06,109.67,141.13,19.25,86.46,65.45,25.41,295.35,829.29
119.7716,20.9,11.66,12.1,32.67,21.12,58.63,70.95,31.79,236.28,153.12,112.42,147.51,19.25,89.21,65.45,25.41,259.82,848.65
119.7816,16.17,9.68,9.68,27.5,19.03,52.69,63.69,28.27,238.81,158.07,112.42,153.78,19.25,91.96,65.45,25.41,226.71,865.15
119.7916,11.55,7.7,7.26,24.09,14.74,44.88,55.0,26.4,238.81,160.6,109.67,160.05,19.25,94.6,65.45,25.41,191.62,873.84
119.8016,11.55,7.7,4.84,22.33,12.65,39.05,47.3,24.64,238.81,165.66,109.67,166.43,19.25,97.35,65.45,25.41,170.06,888.03
119.8116,9.24,5.83,4.84,18.92,10.56,33.22,38.17,21.12,238.81,168.19,109.67,169.62,19.25,97.35,65.45,25.41,141.9,893.75
119.8216,9.24,5.83,4.84,17.16,8.47,27.28,32.01,17.6,238.81,170.61,106.92,172.81,19.25,100.1,68.42,27.5,122.43,904.42
119.8316,6.93,3.85,0.0,15.51,8.47,23.43,22.88,14.08,238.81,173.03,106.92,176.0,19.25,100.1,68.42,27.5,95.15,910.03
119.8416,6.93,3.85,0.0,13.75,6.27,19.47,22.88,12.32,238.81,175.45,106.92,179.19,19.25,102.74,68.42,27.5,85.47,918.28
119.8516,6.93,3.85,0.0,11.99,6.27,15.62,16.72,10.56,238.81,175.45,106.92,182.38,22.0,102.74,68.42,27.5,71.94,924.22
119.8616,6.93,3.85,0.0,10.34,4.18,13.64,10.67,8.8,236.28,175.45,104.17,185.57,22.0,105.49,71.39,27.5,58.41,927.85
119.8716,4.62,3.85,0.0,10.34,4.18,13.64,9.13,7.04,231.44,175.45,104.17,188.76,22.0,108.24,71.39,29.59,52.8,931.04
119.8816,4.62,3.85,0.0,10.34,4.18,11.66,7.59,5.28,226.49,175.45,101.42,191.95,22.0,110.99,74.36,29.59,47.52,932.25
119.8916,4.62,3.85,0.0,10.34,4.18,9.68,6.05,5.28,219.34,173.03,101.42,198.44,22.0,113.63,77.33,29.59,44.0,934.78
119.9016,4.62,3.85,0.0,10.34,4.18,9.68,6.05,5.28,214.72,170.61,98.67,201.63,22.0,116.38,77.33,31.79,44.0,933.13
119.9116,4.62,3.85,0.0,10.34,4.18,9.68,6.05,5.28,207.79,168.19,96.03,204.82,24.75,119.13,80.3,31.79,44.0,932.8
119.9216,4.62,3.85,0.0,11.99,4.18,9.68,6.05,5.28,203.17,165.66,96.03,208.01,24.75,124.52,83.27,31.79,45.65,937.2
119.9316,6.93,3.85,0.0,13.75,4.18,11.66,6.05,5.28,196.24,163.13,93.28,211.2,24.75,127.27,86.35,33.88,51.7,936.1
119.9416,6.93,3.85,0.0,17.16,4.18,11.66,6.05,5.28,189.2,160.6,90.53,214.39,24.75,130.02,89.32,35.97,55.11,934.78
119.9516,11.55,5.83,4.84,20.68,4.18,13.64,7.59,7.04,184.58,155.65,90.53,220.77,24.75,132.77,92.29,35.97,75.35,937.31
119.9616,39.49,15.51,9.68,27.5,4.18,19.47,9.13,8.8,177.65,153.12,90.53,224.07,27.5,138.16,92.29,35.97,133.76,939.29
119.9716,86.68,25.3,36.3,31.02,10.56,21.45,18.26,10.56,170.72,148.06,87.78,226.93,27.5,140.91,98.23,38.06,240.13,938.19
119.9816,133.1,42.79,58.08,31.02,14.74,23.43,28.93,12.32,161.81,143.11,82.39,229.79,27.5,143.66,101.2,40.26,344.41,929.72
119.9916,140.47,46.75,58.08,29.26,14.74,23.43,30.47,12.32,144.87,130.57,76.89,232.76,27.5,149.05,104.17,40.26,355.52,906.07
120.0016,137.94,52.58,58.08,31.02,16.94,29.26,38.17,15.84,123.75,113.08,68.75,232.76,27.5,151.8,107.14,42.35,379.83,867.13
120.0116,135.52,56.54,58.08,31.02,21.12,39.05,48.84,19.36,105.71,98.78,60.5,229.79,30.25,157.19,110.22,42.35,409.53,834.79
120.0216,130.57,56.54,58.08,34.43,23.21,46.86,58.3,21.12,86.57,84.59,52.69,229.79,27.5,162.69,113.08,46.53,429.11,803.44
120.0316,128.15,60.94,60.39,36.19,25.41,54.67,67.32,24.64,67.43,70.4,43.12,226.93,30.25,165.44,115.94,48.73,457.71,768.24
120.0416,133.1,65.34,65.12,39.6,25.41,60.83,70.95,26.4,49.17,58.63,33.44,220.77,27.5,168.19,118.91,50.82,486.75,727.43
120.0516,142.89,71.94,69.85,43.01,27.5,65.34,76.45,26.4,35.09,44.55,23.87,211.2,27.5,170.83,118.91,55.11,523.38,687.06
120.0616,157.63,80.74,77.0,44.77,29.59,69.74,80.08,28.27,24.53,35.09,16.72,195.14,24.75,173.47,118.91,62.37,567.82,650.98
120.0716,172.37,89.54,86.35,46.53,31.68,72.05,83.71,28.27,17.49,23.43,11.88,176.0,19.25,173.47,118.91,64.9,610.5,605.33
120.0816,184.47,96.14,93.5,46.53,31.68,72.05,85.47,30.03,10.45,13.97,9.57,150.59,16.5,170.83,115.94,67.32,639.87,555.17
120.0916,196.68,102.74,100.54,46.53,31.68,74.25,87.23,30.03,8.69,9.35,7.15,125.4,13.75,165.44,113.08,67.32,669.68,510.18
120.1016,206.36,109.34,102.96,48.18,33.88,76.56,89.1,30.03,6.93,6.93,4.73,97.02,11.0,154.55,110.22,67.32,696.41,458.7
120.1116,213.62,115.94,107.69,48.18,33.88,76.56,90.86,30.03,5.17,4.62,4.73,71.94,5.5,143.66,104.17,64.9,716.76,404.69
120.1216,223.41,122.21,112.42,49.94,33.88,76.56,90.86,31.79,5.17,4.62,0.0,48.07,0.0,127.27,95.26,64.9,741.07,345.29
120.1316,231.11,128.48,114.84,49.94,33.88,78.76,90.86,31.79,3.41,4.62,0.0,31.02,0.0,110.99,80.3,62.37,759.66,292.71
120.1416,238.92,134.75,117.37,51.7,33.88,78.76,89.1,30.03,3.41,4.62,0.0,16.94,0.0,91.96,65.45,59.95,774.51,242.33
120.1516,249.26,141.02,119.79,53.35,33.88,78.76,89.1,31.79,3.41,0.0,0.0,11.22,0.0,64.79,51.37,52.91,796.95,183.7
120.1616,257.07,147.29,122.32,53.35,33.88,80.96,90.86,31.79,3.41,0.0,0.0,8.47,0.0,37.95,35.97,46.53,817.52,132.33
120.1716,259.6,151.47,124.74,55.11,35.97,83.27,92.73,31.79,3.41,0.0,0.0,8.47,0.0,21.34,25.63,38.06,834.68,96.91
120.1816,259.6,153.56,124.74,56.87,38.06,85.47,98.12,33.55,0.0,0.0,0.0,8.47,0.0,9.46,17.93,23.21,849.97,59.07
120.1916,259.6,155.65,127.27,56.87,38.06,87.67,101.75,33.55,0.0,0.0,0.0,8.47,0.0,7.04,12.76,10.56,860.42,38.83
120.2016,259.6,155.65,127.27,58.63,40.15,89.98,107.25,35.31,0.0,0.0,0.0,8.47,0.0,7.04,12.76,8.47,873.84,36.74
120.2116,257.07,155.65,127.27,58.63,40.15,92.18,110.88,37.07,0.0,0.0,0.0,8.47,0.0,7.04,12.76,6.27,878.9,34.54
120.2216,254.43,153.56,127.27,58.63,42.35,94.49,116.49,38.83,0.0,0.0,0.0,5.61,0.0,4.73,10.23,6.27,886.05,26.84
120.2316,251.9,151.47,127.27,58.63,42.35,94.49,120.45,40.59,0.0,0.0,0.0,8.47,0.0,4.73,12.76,6.27,887.15,32.23
120.2416,246.73,147.29,124.74,56.87,44.44,96.69,124.52,40.59,0.0,0.0,0.0,5.61,0.0,4.73,10.23,6.27,881.87,26.84
120.2516,244.09,145.2,124.74,56.87,44.44,96.69,128.59,40.59,0.0,0.0,0.0,5.61,0.0,4.73,10.23,4.18,881.21,24.75
120.2616,241.45,141.02,122.32,55.11,44.44,96.69,130.57,42.35,0.0,0.0,0.0,5.61,0.0,4.73,10.23,4.18,873.95,24.75
120.2716,236.28,138.93,122.32,53.35,46.53,96.69,132.55,42.35,0.0,0.0,0.0,5.61,0.0,4.73,10.23,4.18,869.0,24.75
120.2816,233.75,134.75,119.79,51.7,46.53,96.69,134.64,42.35,0.0,0.0,0.0,5.61,0.0,4.73,7.7,4.18,860.2,22.22
120.2916,231.11,132.66,119.79,51.7,46.53,96.69,138.6,44.11,0.0,0.0,0.0,5.61,0.0,0.0,7.7,4.18,861.19,17.49
120.3016,228.58,128.48,117.37,49.94,46.53,96.69,138.6,44.11,0.0,0.0,0.0,5.61,0.0,0.0,7.7,4.18,850.3,17.49
120.3116,225.94,126.39,117.37,49.94,48.62,96.69,140.69,44.11,0.0,0.0,0.0,5.61,0.0,0.0,7.7,4.18,849.75,17.49
120.3216,223.41,124.3,117.37,49.94,46.53,96.69,144.65,44.11,0.0,0.0,0.0,5.61,0.0,0.0,10.23,4.18,847.0,20.02
120.3316,220.88,120.12,117.37,49.94,48.62,98.89,146.74,45.87,0.0,0.0,0.0,5.61,0.0,0.0,10.23,0.0,848.43,15.84
120.3416,218.46,118.03,117.37,48.18,48.62,98.89,150.7,45.87,0.0,0.0,0.0,11.22,0.0,0.0,12.76,0.0,846.12,23.98
120.3516,216.04,115.94,117.37,48.18,48.62,98.89,154.77,47.63,3.41,4.62,0.0,28.27,0.0,9.46,23.1,4.18,847.44,73.04
120.3616,211.2,111.54,117.37,48.18,50.82,101.2,158.84,49.39,10.45,6.93,9.57,39.6,5.5,28.49,41.03,10.56,848.54,152.13
120.3716,203.94,104.94,114.84,48.18,50.82,103.4,162.8,51.15,35.09,21.01,21.56,50.82,11.0,45.1,56.54,16.94,840.07,258.06
120.3816,194.15,98.34,110.0,44.77,50.82,103.4,166.87,51.15,78.98,44.55,45.43,62.48,16.5,67.54,68.42,27.5,819.5,411.4
120.3916,177.21,85.14,100.54,43.01,50.82,101.2,173.03,51.15,96.14,53.9,52.69,78.21,19.25,72.93,77.33,29.59,782.1,480.04
120.4016,155.21,69.74,88.77,37.84,48.62,98.89,177.21,52.91,103.73,58.63,55.11,93.94,22.0,81.07,86.35,31.79,729.19,532.62
120.4116,133.1,56.54,77.0,32.67,48.62,94.49,181.28,52.91,107.58,63.36,57.75,112.75,22.0,97.35,95.26,33.88,676.61,589.93
120.4216,108.68,44.77,65.12,29.26,48.62,89.98,185.46,52.91,99.99,63.36,55.11,122.21,19.25,110.99,95.26,35.97,624.8,602.14
120.4316,88.88,35.09,53.24,25.85,46.53,85.47,187.55,52.91,88.44,60.94,50.27,134.86,19.25,121.88,98.23,38.06,575.52,611.93
120.4416,71.17,25.3,43.56,22.33,46.53,78.76,187.55,51.15,86.57,63.36,50.27,150.59,19.25,132.77,101.2,42.35,526.35,646.36
120.4516,53.35,17.49,33.88,20.68,44.44,74.25,187.55,49.39,90.42,65.67,52.69,163.24,19.25,143.66,104.17,46.53,481.03,685.63
120.4616,34.76,11.66,26.62,18.92,42.35,69.74,183.37,49.39,94.16,70.4,55.11,176.0,19.25,151.8,104.17,50.82,436.81,721.71
120.4716,25.52,9.68,19.36,17.16,40.15,65.34,181.28,45.87,101.86,75.13,60.5,185.57,22.0,157.19,107.14,55.11,404.36,764.5
120.4816,18.59,7.7,14.52,15.51,35.97,60.83,175.12,44.11,107.58,79.86,66.0,188.76,22.0,162.69,110.22,57.53,372.35,794.64
120.4916,13.86,7.7,12.1,13.75,33.88,54.67,166.87,42.35,113.3,84.59,68.75,191.95,22.0,165.44,113.08,62.37,345.18,821.48
120.5016,11.55,5.83,9.68,11.99,31.68,50.71,156.75,40.59,117.37,87.01,71.39,195.14,22.0,170.83,113.08,64.9,318.78,841.72
120.5116,9.24,5.83,7.26,10.34,29.59,44.88,144.65,38.83,121.55,89.32,71.39,198.44,22.0,170.83,113.08,64.9,290.62,851.51
120.5216,9.24,3.85,4.84,8.58,27.5,41.03,132.55,35.31,123.75,91.74,74.14,201.63,22.0,173.47,115.94,64.9,262.9,867.57
120.5316,6.93,3.85,4.84,6.82,23.21,35.09,118.47,33.55,125.84,94.05,76.89,204.82,22.0,176.22,115.94,67.32,232.76,883.08
120.5416,6.93,3.85,4.84,6.82,21.12,31.24,107.25,31.79,130.02,96.47,76.89,208.01,22.0,176.22,113.08,64.9,213.84,887.59
120.5516,6.93,3.85,0.0,5.17,19.03,27.28,96.36,28.27,132.22,98.78,79.64,211.2,22.0,176.22,115.94,64.9,186.89,900.9
120.5616,4.62,3.85,0.0,5.17,16.94,23.43,87.23,26.4,136.4,103.51,79.64,214.39,22.0,178.86,113.08,64.9,167.64,912.78
120.5716,4.62,0.0,0.0,5.17,14.74,21.45,80.08,24.64,138.49,103.51,79.64,217.58,22.0,178.86,113.08,64.9,150.7,918.06
120.5816,4.62,0.0,0.0,3.41,12.65,17.49,72.82,21.12,140.69,105.93,79.64,220.77,22.0,181.61,113.08,64.9,132.11,928.62
120.5916,4.62,0.0,0.0,3.41,12.65,15.62,65.56,19.36,140.69,108.24,79.64,224.07,22.0,181.61,110.22,67.32,121.22,933.79
120.6016,4.62,0.0,0.0,3.41,10.56,13.64,60.06,17.6,140.69,108.24,79.64,226.93,22.0,184.25,110.22,67.32,109.89,939.29
120.6116,4.62,0.0,0.0,3.41,10.56,11.66,55.0,15.84,140.69,110.66,79.64,229.79,22.0,184.25,113.08,67.32,101.09,947.43
120.6216,4.62,0.0,0.0,3.41,8.47,11.66,50.38,15.84,140.69,108.24,79.64,232.76,22.0,184.25,113.08,67.32,94.38,947.98
120.6316,4.62,0.0,0.0,3.41,10.56,9.68,48.84,14.08,138.49,108.24,79.64,232.76,22.0,187.0,115.94,69.74,91.19,953.81
120.6416,4.62,0.0,0.0,3.41,10.56,9.68,47.3,14.08,138.49,110.66,79.64,235.62,24.75,189.64,115.94,69.74,89.65,964.48
120.6516,4.62,0.0,0.0,3.41,10.56,9.68,47.3,14.08,136.4,108.24,76.89,235.62,24.75,192.39,118.91,69.74,89.65,962.94
120.6616,4.62,0.0,0.0,3.41,12.65,11.66,47.3,14.08,134.31,108.24,76.89,238.59,24.75,192.39,121.77,72.16,93.72,969.1
120.6716,4.62,0.0,0.0,3.41,12.65,11.66,47.3,14.08,132.22,108.24,76.89,238.59,24.75,195.03,121.77,74.69,93.72,972.18
120.6816,4.62,0.0,0.0,3.41,12.65,11.66,47.3,14.08,127.93,105.93,74.14,241.45,24.75,197.67,124.63,74.69,93.72,971.19
120.6916,4.62,0.0,0.0,3.41,14.74,13.64,47.3,14.08,125.84,103.51,74.14,241.45,24.75,200.42,127.6,74.69,97.79,972.4
120.7016,4.62,0.0,0.0,5.17,14.74,13.64,45.76,15.84,121.55,101.2,71.39,244.42,24.75,203.06,130.46,77.11,99.77,973.94
120.7116,4.62,0.0,0.0,5.17,14.74,15.62,45.76,15.84,117.37,98.78,68.75,244.42,27.5,205.81,136.29,79.53,101.75,978.45
120.7215,4.62,0.0,0.0,5.17,14.74,15.62,45.76,15.84,113.3,96.47,68.75,244.42,27.5,208.45,139.15,81.95,101.75,979.99
120.7315,4.62,0.0,0.0,6.82,16.94,17.49,45.76,15.84,107.58,91.74,66.0,244.42,27.5,211.2,142.12,84.48,107.47,975.04
120.7415,4.62,0.0,0.0,8.58,16.94,17.49,47.3,17.6,103.73,89.32,63.25,244.42,30.25,213.84,147.84,86.9,112.53,979.55
120.7515,6.93,3.85,0.0,8.58,19.03,19.47,48.84,17.6,98.01,84.59,60.5,244.42,30.25,216.59,153.67,89.32,124.3,977.35
120.7615,6.93,3.85,4.84,10.34,19.03,19.47,50.38,19.36,92.29,79.86,57.75,241.45,30.25,219.23,159.5,91.74,134.2,972.07
120.7715,9.24,3.85,7.26,10.34,21.12,19.47,51.92,19.36,86.57,77.55,55.11,238.59,30.25,221.98,165.33,94.27,142.56,969.65
120.7815,13.86,3.85,7.26,11.99,23.21,21.45,55.0,21.12,80.85,72.82,52.69,238.59,33.0,224.73,171.27,96.69,157.74,970.64
120.7915,20.9,3.85,12.1,13.75,25.41,23.43,58.3,21.12,75.13,68.09,50.27,232.76,33.0,227.48,177.21,99.11,178.86,963.05
120.8015,32.45,3.85,16.94,13.75,25.41,23.43,60.06,21.12,69.41,63.36,47.85,229.79,33.0,227.48,183.15,101.53,197.01,955.57
120.8115,41.8,5.83,21.78,15.51,27.5,23.43,63.69,22.88,65.56,58.63,43.12,226.93,35.75,227.48,186.12,104.06,222.42,947.65
120.8215,44.11,9.68,21.78,15.51,27.5,25.3,63.69,22.88,57.97,53.9,40.7,220.77,35.75,227.48,192.06,106.48,230.45,935.11
120.8315,46.42,11.66,21.78,15.51,27.5,27.28,65.56,22.88,52.69,49.17,38.28,214.39,35.75,230.34,195.14,106.48,238.59,922.24
120.8415,48.73,15.51,21.78,15.51,27.5,29.26,65.56,22.88,47.41,44.55,33.44,208.01,35.75,230.34,198.11,108.9,246.73,906.51
120.8515,53.35,17.49,24.2,17.16,27.5,31.24,67.32,22.88,42.13,42.13,31.13,204.82,35.75,230.34,204.05,111.32,261.14,901.67
120.8615,55.77,19.47,24.2,17.16,27.5,33.22,70.95,22.88,36.85,37.51,28.71,195.14,35.75,230.34,207.02,111.32,271.15,882.64
120.8715,60.17,19.47,26.62,17.16,27.5,35.09,72.82,24.64,33.33,35.09,26.29,188.76,35.75,230.34,209.99,111.32,283.47,870.87
120.8815,62.37,21.34,29.04,17.16,29.59,35.09,76.45,24.64,28.05,30.47,23.87,179.19,33.0,227.48,212.96,113.85,295.68,848.87
120.8915,66.77,23.32,31.46,17.16,29.59,37.07,80.08,26.4,24.53,23.43,21.56,169.62,33.0,224.73,212.96,113.85,311.85,823.68
120.9015,73.37,27.28,36.3,18.92,31.68,41.03,83.71,26.4,19.25,18.7,19.14,156.97,33.0,221.98,212.96,113.85,338.69,795.85
120.9115,79.97,31.13,38.72,20.68,31.68,42.9,85.47,28.27,15.73,13.97,16.72,144.32,33.0,219.23,215.93,113.85,358.82,772.75
120.9215,86.68,35.09,43.56,20.68,31.68,44.88,89.1,28.27,12.21,11.66,11.88,131.67,30.25,213.84,212.96,113.85,379.94,738.32
120.9315,93.28,38.94,45.98,22.33,33.88,46.86,90.86,28.27,10.45,9.35,9.57,115.94,30.25,211.2,212.96,113.85,400.4,713.57
120.9415,97.68,40.92,48.4,24.09,33.88,48.84,92.73,30.03,8.69,9.35,9.57,103.29,27.5,205.81,212.96,113.85,416.57,691.02
120.9515,99.88,42.79,50.82,24.09,33.88,48.84,92.73,30.03,6.93,6.93,9.57,90.75,24.75,203.06,212.96,113.85,423.06,668.8
120.9615,104.28,42.79,50.82,24.09,35.97,50.71,94.49,30.03,6.93,6.93,7.15,81.29,22.0,197.67,212.96,116.05,433.18,650.98
120.9715,106.48,44.77,53.24,25.85,35.97,50.71,96.36,30.03,6.93,4.62,7.15,71.94,22.0,192.39,212.96,116.05,443.41,634.04
120.9815,108.68,46.75,55.77,25.85,35.97,52.69,96.36,30.03,6.93,4.62,7.15,65.67,19.25,187.0,212.96,116.05,452.1,619.63
120.9915,113.41,48.73,58.08,27.5,35.97,52.69,98.12,31.79,5.17,4.62,7.15,56.54,19.25,181.61,209.99,116.05,466.29,600.38
121.0015,118.36,52.58,60.39,27.5,35.97,54.67,98.12,31.79,5.17,4.62,7.15,50.82,19.25,176.22,209.99,116.05,479.38,589.27
121.0115,123.2,54.56,60.39,27.5,38.06,56.65,99.99,31.79,5.17,4.62,7.15,48.07,16.5,173.47,209.99,113.85,492.14,578.82
121.0215,125.73,56.54,62.81,29.26,38.06,56.65,101.75,33.55,5.17,0.0,7.15,42.35,16.5,168.19,209.99,113.85,504.35,563.2
121.0315,128.15,58.74,65.12,29.26,38.06,58.63,101.75,33.55,5.17,0.0,4.73,36.74,16.5,162.69,209.99,113.85,513.26,549.67
121.0415,130.57,60.94,65.12,29.26,38.06,58.63,103.62,31.79,5.17,0.0,4.73,33.88,16.5,157.19,209.99,113.85,517.99,541.31
121.0515,130.57,60.94,65.12,29.26,38.06,60.83,105.38,33.55,5.17,0.0,4.73,28.27,16.5,151.8,209.99,113.85,523.71,530.31
121.0615,133.1,60.94,67.54,31.02,40.15,60.83,105.38,33.55,3.41,0.0,4.73,25.41,13.75,149.05,209.99,113.85,532.51,520.19
121.0715,133.1,63.14,67.54,31.02,40.15,60.83,107.25,33.55,5.17,0.0,4.73,22.55,13.75,143.66,209.99,113.85,536.58,513.7
121.0815,133.1,63.14,67.54,31.02,40.15,60.83,109.01,33.55,3.41,0.0,4.73,19.8,11.0,138.16,209.99,113.85,538.34,500.94
121.0915,133.1,63.14,67.54,31.02,40.15,63.03,109.01,35.31,3.41,0.0,4.73,16.94,11.0,135.41,209.99,116.05,542.3,497.53
121.1015,133.1,65.34,67.54,32.67,40.15,63.03,110.88,35.31,3.41,0.0,4.73,14.08,11.0,130.02,207.02,113.85,548.02,484.11
121.1115,133.1,65.34,67.54,34.43,42.35,65.34,110.88,35.31,3.41,0.0,4.73,11.22,11.0,124.52,207.02,113.85,554.29,475.75
121.1215,133.1,67.54,67.54,34.43,42.35,67.54,112.64,35.31,3.41,0.0,4.73,11.22,8.25,119.13,207.02,113.85,560.45,467.61
121.1315,133.1,67.54,67.54,36.19,44.44,69.74,114.51,37.07,3.41,0.0,4.73,8.47,8.25,113.63,207.02,113.85,570.13,459.36
121.1415,133.1,69.74,67.54,37.84,44.44,72.05,118.47,37.07,3.41,0.0,4.73,5.61,8.25,108.24,207.02,111.32,580.25,448.58
121.1515,133.1,69.74,67.54,39.6,46.53,74.25,120.45,38.83,3.41,0.0,4.73,0.0,8.25,100.1,204.05,111.32,590.04,431.86
121.1615,135.52,71.94,67.54,41.36,46.53,76.56,122.54,40.59,3.41,0.0,4.73,0.0,5.5,91.96,204.05,108.9,602.58,418.55
121.1715,137.94,74.14,67.54,43.01,48.62,78.76,126.5,40.59,3.41,0.0,4.73,0.0,5.5,81.07,201.08,106.48,617.1,402.27
